tLegendre(2)=0.00048666656632950805;
tLegendre(3)=0.0025624414908305576;
tLegendre(4)=0.006289681301328221;
tLegendre(5)=0.011656835571048381;
tLegendre(6)=0.018646177107038208;
tLegendre(7)=0.027234512417502073;
tLegendre(8)=0.03739332006667426;
tLegendre(9)=0.04908885685764921;
tLegendre(10)=0.06228227296721553;
tLegendre(11)=0.07692974201461353;
tLegendre(12)=0.09298260704321608;
tLegendre(13)=0.11038754232687299;
tLegendre(14)=0.12908673059540784;
tLegendre(15)=0.14901805514041355;
tLegendre(16)=0.17011530618400844;
tLegendre(17)=0.19230840083443632;
tLegendre(18)=0.21552361590239527;
tLegendre(19)=0.23968383280703345;
tLegendre(20)=0.26470879375930884;
tLegendre(21)=0.2905153683723977;
tLegendre(22)=0.3170178298139044;
tLegendre(23)=0.3441281395827659;
tLegendre(24)=0.37175623996500134;
tLegendre(25)=0.39981035319689323;
tLegendre(26)=0.42819728634187193;
tLegendre(27)=0.4568227408683759;
tLegendre(28)=0.4855916259003291;
tLegendre(29)=0.5144083740996709;
tLegendre(30)=0.5431772591316241;
tLegendre(31)=0.5718027136581281;
tLegendre(32)=0.6001896468031068;
tLegendre(33)=0.6282437600349986;
tLegendre(34)=0.6558718604172341;
tLegendre(35)=0.6829821701860956;
tLegendre(36)=0.7094846316276022;
tLegendre(37)=0.7352912062406911;
tLegendre(38)=0.7603161671929666;
tLegendre(39)=0.7844763840976047;
tLegendre(40)=0.8076915991655637;
tLegendre(41)=0.8298846938159916;
tLegendre(42)=0.8509819448595864;
tLegendre(43)=0.8709132694045921;
tLegendre(44)=0.889612457673127;
tLegendre(45)=0.907017392956784;
tLegendre(46)=0.9230702579853864;
tLegendre(47)=0.9377177270327844;
tLegendre(48)=0.9509111431423508;
tLegendre(49)=0.9626066799333257;
tLegendre(50)=0.9727654875824979;
tLegendre(51)=0.9813538228929618;
tLegendre(52)=0.9883431644289516;
tLegendre(53)=0.9937103186986718;
tLegendre(54)=0.9974375585091695;
tLegendre(55)=0.9995133334336704;
A(2,2)=0.0006243704589403965;
A(3,2)=0.0013510362452940539;
A(4,2)=0.001198628467521563;
A(5,2)=0.001279877324194502;
A(6,2)=0.0012270000844466394;
A(7,2)=0.0012650251844671093;
A(8,2)=0.0012359561362377822;
A(9,2)=0.001259123171332391;
A(10,2)=0.0012400923163995838;
A(11,2)=0.0012560899831815543;
A(12,2)=0.001242395724482858;
A(13,2)=0.0012542914898793411;
A(14,2)=0.0012438321622395814;
A(15,2)=0.0012531223876812078;
A(16,2)=0.0012447989813887256;
A(17,2)=0.0012523118341365373;
A(18,2)=0.0012454866520168215;
A(19,2)=0.0012517222970498782;
A(20,2)=0.0012459967559059417;
A(21,2)=0.0012512772582945338;
A(22,2)=0.0012463879343000905;
A(23,2)=0.0012509310851830054;
A(24,2)=0.001246696184909889;
A(25,2)=0.001250655029588341;
A(26,2)=0.0012469447236495724;
A(27,2)=0.001250430151117297;
A(28,2)=0.0012471491486465822;
A(29,2)=0.001250243491438445;
A(30,2)=0.0012473203137992705;
A(31,2)=0.0012500858883410682;
A(32,2)=0.0012474660113151613;
A(33,2)=0.0012499506662961954;
A(34,2)=0.0012475920015601657;
A(35,2)=0.0012498328181703724;
A(36,2)=0.0012477026699290181;
A(37,2)=0.0012497284723079472;
A(38,2)=0.001247801464199353;
A(39,2)=0.0012496345288697027;
A(40,2)=0.0012478912017059264;
A(41,2)=0.0012495483952152493;
A(42,2)=0.0012479743031598566;
A(43,2)=0.0012494677723392399;
A(44,2)=0.0012480529962335689;
A(45,2)=0.0012493904501444735;
A(46,2)=0.001248129534924524;
A(47,2)=0.0012493140551643636;
A(48,2)=0.0012482065119961059;
A(49,2)=0.0012492356338287408;
A(50,2)=0.0012482874571241847;
A(51,2)=0.00124915072710471;
A(52,2)=0.001248378391613036;
A(53,2)=0.0012490504809463763;
A(54,2)=0.0012484940126585324;
A(55,2)=0.001248904803285365;
A(2,3)=-0.00023779427386982688;
A(3,3)=0.0014514027538099963;
A(4,3)=0.0031554837702522723;
A(5,3)=0.0027715686747600277;
A(6,3)=0.0029880275165599674;
A(7,3)=0.0028412891941145234;
A(8,3)=0.0029500768543813186;
A(9,3)=0.0028649350474768192;
A(10,3)=0.002934065263602725;
A(11,3)=0.00287641357234701;
A(12,3)=0.0029254850355280864;
A(13,3)=0.002883036667641736;
A(14,3)=0.002920240453313351;
A(15,3)=0.002887277089278996;
A(16,3)=0.002916751882031234;
A(17,3)=0.002890189677030711;
A(18,3)=0.00291428919435003;
A(19,3)=0.002892295048952842;
A(20,3)=0.0029124717329021125;
A(21,3)=0.002893877576101137;
A(22,3)=0.0029110830559402837;
A(23,3)=0.0028951047183585943;
A(24,3)=0.0029099917053727197;
A(25,3)=0.0028960810213006696;
A(26,3)=0.0029091135583276216;
A(27,3)=0.0028968749002406405;
A(28,3)=0.00290839242709067;
A(29,3)=0.0028975329205292466;
A(30,3)=0.0029077893926415144;
A(31,3)=0.0028980878718702996;
A(32,3)=0.0029072766167296503;
A(33,3)=0.002898563565468166;
A(34,3)=0.0029068335821187266;
A(35,3)=0.002898977811993298;
A(36,3)=0.002906444708974382;
A(37,3)=0.0028993443501933404;
A(38,3)=0.0029060977761346425;
A(39,3)=0.00289967415636592;
A(40,3)=0.0029057828177552697;
A(41,3)=0.002899976392465358;
A(42,3)=0.002905491287750931;
A(43,3)=0.0029002591671572256;
A(44,3)=0.002905215336421354;
A(45,3)=0.002900530261083174;
A(46,3)=0.0029049470355615174;
A(47,3)=0.0029007980157455147;
A(48,3)=0.002904677279871688;
A(49,3)=0.002901072796570086;
A(50,3)=0.0029043936891655383;
A(51,3)=0.002901370236184269;
A(52,3)=0.0029040751613269348;
A(53,3)=0.0029017213560355317;
A(54,3)=0.002903670212181412;
A(55,3)=0.002902231555226205;
A(2,4)=0.00018258058721794718;
A(3,4)=-0.0003960328825048413;
A(4,4)=0.0022748423638773493;
A(5,4)=0.004951442816696343;
A(6,4)=0.004336855790334946;
A(7,4)=0.004690469228859325;
A(8,4)=0.004446419606572531;
A(9,4)=0.004630128216250572;
A(10,4)=0.004484485296332244;
A(11,4)=0.0046040415473249975;
A(12,4)=0.004503396441470984;
A(13,4)=0.004589760091542516;
A(14,4)=0.004514523446538362;
A(15,4)=0.0045808741569039624;
A(16,4)=0.004521763541290242;
A(17,4)=0.00457487581573024;
A(18,4)=0.004526803782913677;
A(19,4)=0.004570588922358232;
A(20,4)=0.004530488666777336;
A(21,4)=0.00456739188551969;
A(22,4)=0.0045332855170430375;
A(23,4)=0.0045649268514386;
A(24,4)=0.004535472805683859;
A(25,4)=0.004562974010485909;
A(26,4)=0.004537226263049037;
A(27,4)=0.004561391246854988;
A(28,4)=0.004538662030912766;
A(29,4)=0.004560082726644008;
A(30,4)=0.004539859897296392;
A(31,4)=0.004558981459915862;
A(32,4)=0.004540876559088461;
A(33,4)=0.004558039088556797;
A(34,4)=0.00454175357700748;
A(35,4)=0.004557219620329675;
A(36,4)=0.0045425223654572185;
A(37,4)=0.004556495410646672;
A(38,4)=0.004543207467007645;
A(39,4)=0.004555844458382735;
A(40,4)=0.004543828821064815;
A(41,4)=0.0045552484650444825;
A(42,4)=0.0045444034663873695;
A(43,4)=0.004554691291682636;
A(44,4)=0.004544947000167551;
A(45,4)=0.004554157503765134;
A(46,4)=0.004545475124734784;
A(47,4)=0.004553630605086877;
A(48,4)=0.004546005822126815;
A(49,4)=0.004553090149794815;
A(50,4)=0.004546563487173829;
A(51,4)=0.004552505359997623;
A(52,4)=0.0045471896392504955;
A(53,4)=0.00455181522886928;
A(54,4)=0.004547985493033859;
A(55,4)=0.0045508125952983935;
A(2,5)=-0.00015413509820067292;
A(3,5)=0.00027947515308540015;
A(4,5)=-0.0005458693710910811;
A(5,5)=0.003090832032211911;
A(6,5)=0.006730554708739127;
A(7,5)=0.0058882687786790296;
A(8,5)=0.006377590493932927;
A(9,5)=0.006036658529905097;
A(10,5)=0.006295548668109187;
A(11,5)=0.006088682434694627;
A(12,5)=0.006259691489337203;
A(13,5)=0.006114829536110293;
A(14,5)=0.006239831139963964;
A(15,5)=0.00613038955135506;
A(16,5)=0.006227339010195455;
A(17,5)=0.006140619064438866;
A(18,5)=0.006218823803080458;
A(19,5)=0.006147806103432547;
A(20,5)=0.0062126852633805265;
A(21,5)=0.006153103570735443;
A(22,5)=0.006208071850762314;
A(23,5)=0.006157153915479282;
A(24,5)=0.006204489884407525;
A(25,5)=0.00616034264527087;
A(26,5)=0.006201634016264785;
A(27,5)=0.00616291471035007;
A(28,5)=0.006199305479043362;
A(29,5)=0.006165033099519443;
A(30,5)=0.006197369326509217;
A(31,5)=0.006166810551020799;
A(32,5)=0.006195730569589681;
A(33,5)=0.00616832775434185;
A(34,5)=0.006194320118226591;
A(35,5)=0.006169644337877711;
A(36,5)=0.006193086093620072;
A(37,5)=0.006170805818639078;
A(38,5)=0.006191988200455168;
A(39,5)=0.006171848221566533;
A(40,5)=0.006190993875016699;
A(41,5)=0.006172801354376109;
A(42,5)=0.0061900754311258474;
