tLegendre(2)=0.007908472640705926;
tLegendre(3)=0.04120080038851102;
tLegendre(4)=0.09921095463334505;
tLegendre(5)=0.17882533027982989;
tLegendre(6)=0.2757536244817766;
tLegendre(7)=0.3847708420224326;
tLegendre(8)=0.5;
tLegendre(9)=0.6152291579775674;
tLegendre(10)=0.7242463755182235;
tLegendre(11)=0.8211746697201701;
tLegendre(12)=0.9007890453666549;
tLegendre(13)=0.958799199611489;
tLegendre(14)=0.9920915273592941;
A(2,2)=0.01012100119132897;
A(3,2)=0.02190012831752951;
A(4,2)=0.019429947719646207;
A(5,2)=0.02074610844452013;
A(6,2)=0.01989075289825106;
A(7,2)=0.020503975759472767;
A(8,2)=0.020037939581102678;
A(9,2)=0.020405450215879792;
A(10,2)=0.020109006181716814;
A(11,2)=0.020350593960592682;
A(12,2)=0.02015455814414765;
A(13,2)=0.020309054044162098;
A(14,2)=0.020198441922639566;
A(2,3)=-0.0037730715853257313;
A(3,3)=0.023030374959432113;
A(4,3)=0.05006957554326359;
A(5,3)=0.043980056680602744;
A(6,3)=0.04740943872682839;
A(7,3)=0.04509100645192091;
A(8,3)=0.046800429085137374;
A(9,3)=0.04547595082365511;
A(10,3)=0.046532591209995026;
A(11,3)=0.04567764602606589;
A(12,3)=0.04636810937136768;
A(13,3)=0.04582561083066762;
A(14,3)=0.04621332621807627;
A(2,4)=0.002785615756062805;
A(3,4)=-0.006043319825448234;
A(4,4)=0.03471837755494681;
A(5,4)=0.07556637341218408;
A(6,4)=0.06619389729774945;
A(7,4)=0.07157494219215946;
A(8,4)=0.0678786934544959;
A(9,4)=0.07063578395853942;
A(10,4)=0.06848563517845875;
A(11,4)=0.07020050534565023;
A(12,4)=0.06882840005086388;
A(13,4)=0.06990010064968157;
A(14,4)=0.06913679248463417;
A(2,5)=-0.0022182703840461274;
A(3,5)=0.0040236767556734105;
A(4,5)=-0.007863032067308685;
A(5,5)=0.044536495190486435;
A(6,5)=0.09697742939768579;
A(7,5)=0.08485743387093793;
A(8,5)=0.09187307472407934;
A(9,5)=0.08702260131356951;
A(10,5)=0.09065201501917981;
A(11,5)=0.08782838225886519;
A(12,5)=0.09005272391396052;
A(13,5)=0.08833213814955568;
A(14,5)=0.08955083720630093;
A(2,6)=0.0018030646911529192;
A(3,6)=-0.0030424947262263453;
A(4,6)=0.0048527461585535624;
A(5,6)=-0.009220916842601835;
A(6,6)=0.05195401188422213;
A(7,6)=0.11315005709310656;
A(8,6)=0.09896227176122768;
A(9,6)=0.10720065146752307;
A(10,6)=0.10149907749308468;
A(11,6)=0.10575003366320596;
A(12,6)=0.1024847286809108;
A(13,6)=0.10497244621445556;
A(14,6)=0.10322531599342973;
A(2,7)=-0.001464286183975972;
A(3,7)=0.0023820349877676375;
A(4,7)=-0.0034840033366076843;
A(5,7)=0.005354650885687749;
A(6,7)=-0.010063307033250375;
A(7,7)=0.05657079506572431;
A(8,7)=0.1232140251350562;
A(9,7)=0.10774758623175444;
A(10,7)=0.11672681021430582;
A(11,7)=0.11053716112909967;
A(12,7)=0.1150953108998596;
A(13,7)=0.11170511548316477;
A(14,7)=0.11405517305692557;
A(2,8)=0.0011721943452337662;
A(3,8)=-0.001867246400811314;
A(4,8)=0.0026090624296798343;
A(5,8)=-0.003655226799851317;
A(6,8)=0.005534424914749519;
A(7,8)=-0.010351456092249522;
A(8,8)=0.058137888307718474;
A(9,8)=0.12662723270768647;
A(10,8)=0.11074135170068744;
A(11,8)=0.11993100341528827;
A(12,8)=0.11366671418575712;
A(13,8)=0.11814302301624827;
A(14,8)=0.11510358227020319;
A(2,9)=-0.0009135829254769469;
A(3,9)=0.0014364746482838592;
A(4,9)=-0.0019537207684109715;
A(5,9)=0.0026044290023489436;
A(6,9)=-0.003585220082857203;
A(7,9)=0.005394003899694171;
A(8,9)=-0.010072435003607575;
A(9,9)=0.05657079506572431;
A(10,9)=0.123204897164699;
A(11,9)=0.10778693924576087;
A(12,9)=0.1166255934680563;
A(13,9)=0.11075955514368098;
A(14,9)=0.11460587631542458;
A(2,10)=0.0006827077750145271;
A(3,10)=-0.001064422446011307;
A(4,10)=0.0014232950875334564;
A(5,10)=-0.001842009894761705;
A(6,10)=0.002408946275359569;
A(7,10)=-0.0032926276990788137;
A(8,10)=0.004945752007216571;
A(9,10)=-0.009242033324662308;
A(10,10)=0.05195401188422213;
A(11,10)=0.11312894061104609;
A(12,10)=0.09905527760989069;
A(13,10)=0.10695051849467059;
A(14,10)=0.10210495907729134;
A(2,11)=-0.00047784682532805707;
A(3,11)=0.0007408522314171862;
A(4,11)=-0.000979733532987651;
A(5,11)=0.0012446081221076741;
A(6,11)=-0.0015790246382069437;
A(7,11)=0.002050389067403361;
A(8,11)=-0.002800084343106471;
A(9,11)=0.004215556510034936;
A(10,11)=-0.007904439016712917;
A(11,11)=0.044536495190486435;
A(12,11)=0.09693602244828156;
A(13,11)=0.08504931362529945;
A(14,11)=0.09129126076501899;
A(2,12)=0.0002999626252594455;
A(3,12)=-0.0004633455397879409;
A(4,12)=0.0006083550590297417;
A(5,12)=-0.0007637502357566113;
A(6,12)=0.0009511199314348668;
A(7,12)=-0.0011990288486457999;
A(8,12)=0.0015580616553977156;
A(9,12)=-0.002138187082265843;
A(10,12)=0.003242857812144162;
A(11,12)=-0.006129618302290464;
A(12,12)=0.03471837755494681;
A(13,12)=0.07548007493534185;
A(14,12)=0.06665113935383081;
A(2,13)=-0.00015257629921204533;
A(3,13)=0.00023513908819660037;
A(4,13)=-0.00030735945250345663;
A(5,13)=0.00038310389279833703;
A(6,13)=-0.0004718412911307998;
A(7,13)=0.0005847990952091114;
A(8,13)=-0.0007396791662731484;
A(9,13)=0.0009697434669433098;
A(10,13)=-0.0013486888079641628;
A(11,13)=0.0020806932382614776;
A(12,13)=-0.004008825624399369;
A(13,13)=0.023030374959432113;
A(14,13)=0.049833821504189954;
A(2,14)=0.00004356046001837188;
A(3,14)=-0.00006705166150415791;
A(4,14)=0.00008744423851028842;
A(5,14)=-0.00010859157793474339;
A(6,14)=0.00013299620094112455;
A(7,14)=-0.00016344783322185043;
A(8,14)=0.0002040628015552635;
A(9,14)=-0.00026197337681482726;
A(10,14)=0.00035124948440687923;
A(11,14)=-0.0005041060618621933;
A(12,14)=0.0008120546630117318;
A(13,14)=-0.001658125934871572;
A(14,14)=0.01012100119132897;
