tLegendre(2)=0.0008392057126142792;
tLegendre(3)=0.004416445150491846;
tLegendre(4)=0.010830663219458308;
tLegendre(5)=0.020046554134826887;
tLegendre(6)=0.03201150625107309;
tLegendre(7)=0.046657027620949414;
tLegendre(8)=0.06389924415377929;
tLegendre(9)=0.08363939979931934;
tLegendre(10)=0.10576442747629532;
tLegendre(11)=0.1301475984650369;
tLegendre(12)=0.15664924898252436;
tLegendre(13)=0.18511758046390184;
tLegendre(14)=0.21538952919489207;
tLegendre(15)=0.247291700400297;
tLegendre(16)=0.28064136147429647;
tLegendre(17)=0.31524748867975927;
tLegendre(18)=0.3509118613290876;
tLegendre(19)=0.38743019718328864;
tLegendre(20)=0.4245933225680039;
tLegendre(21)=0.4621883705054185;
tLegendre(22)=0.5;
tLegendre(23)=0.5378116294945815;
tLegendre(24)=0.575406677431996;
tLegendre(25)=0.6125698028167114;
tLegendre(26)=0.6490881386709124;
tLegendre(27)=0.6847525113202407;
tLegendre(28)=0.7193586385257036;
tLegendre(29)=0.752708299599703;
tLegendre(30)=0.7846104708051079;
tLegendre(31)=0.8148824195360982;
tLegendre(32)=0.8433507510174757;
tLegendre(33)=0.8698524015349631;
tLegendre(34)=0.8942355725237047;
tLegendre(35)=0.9163606002006807;
tLegendre(36)=0.9361007558462207;
tLegendre(37)=0.9533429723790506;
tLegendre(38)=0.9679884937489269;
tLegendre(39)=0.9799534458651731;
tLegendre(40)=0.9891693367805416;
tLegendre(41)=0.9955835548495081;
tLegendre(42)=0.9991607942873857;
A(2,2)=-595.301053371688;
A(3,2)=-80.10765901453456;
A(4,2)=14.689850495679268;
A(5,2)=-4.847604438072516;
A(6,2)=2.121804227431019;
A(7,2)=-1.1006751581144336;
A(8,2)=0.6403653074072115;
A(9,2)=-0.40494128082970104;
A(10,2)=0.2729280197273512;
A(11,2)=-0.19352044628339451;
A(12,2)=0.14304149436211744;
A(13,2)=-0.10949010528320723;
A(14,2)=0.08636051432160258;
A(15,2)=-0.06992635059375021;
A(16,2)=0.057952971071017156;
A(17,2)=-0.04904733618633969;
A(18,2)=0.04231193857357186;
A(19,2)=-0.0371520848270253;
A(20,2)=0.03316433248970331;
A(21,2)=-0.03006971538678733;
A(22,2)=0.027672627306522736;
A(23,2)=-0.025834917148156063;
A(24,2)=0.024459307421664234;
A(25,2)=-0.023478736189548873;
A(26,2)=0.022849636841105705;
A(27,2)=-0.022548016872926034;
A(28,2)=0.022567749037739886;
A(29,2)=-0.02292090962156677;
A(30,2)=0.023640412846226415;
A(31,2)=-0.024785734111299737;
A(32,2)=0.026453407730916607;
A(33,2)=-0.028795670760738214;
A(34,2)=0.03205411848453372;
A(35,2)=-0.036623083685736;
A(36,2)=0.04317665031318623;
A(37,2)=-0.05294523773896669;
A(38,2)=0.06838811740795984;
A(39,2)=-0.09509577497373062;
A(40,2)=0.14850606330384503;
A(41,2)=-0.28807831615377716;
A(42,2)=1.001681233226284;
A(2,3)=975.505987443627;
A(3,3)=-112.71100731614737;
A(4,3)=-79.85101667999176;
A(5,3)=20.787895842939395;
A(6,3)=-8.364129618801673;
A(7,3)=4.166214784091365;
A(8,3)=-2.369019195180777;
A(9,3)=1.4768973826950818;
A(10,3)=-0.9860316658611643;
A(11,3)=0.6945261794267281;
A(12,3)=-0.5108897503969853;
A(13,3)=0.3896424944038096;
A(14,3)=-0.3064751679161241;
A(15,3)=0.2476103313317407;
A(16,3)=-0.20485277940777077;
A(17,3)=0.17312626796021524;
A(18,3)=-0.14917689669777975;
A(19,3)=0.1308574645273406;
A(20,3)=-0.11671616012917002;
A(21,3)=0.10575182021318938;
A(22,3)=-0.0972639547547205;
A(23,3)=0.09075862656748443;
A(24,3)=-0.08588838991392594;
A(25,3)=0.0824137659330715;
A(26,3)=-0.0801789677211743;
A(27,3)=0.07909770069278459;
A(28,3)=-0.07914687701319294;
A(29,3)=0.08036760265010626;
A(30,3)=-0.08287427131224094;
A(31,3)=0.08687451827757797;
A(32,3)=-0.09270592298833909;
A(33,3)=0.1009012589577149;
A(34,3)=-0.1123063291967938;
A(35,3)=0.12830190721907217;
A(36,3)=-0.15124854095336218;
A(37,3)=0.1854551792234421;
A(38,3)=-0.23953441594713804;
A(39,3)=0.3330648425863016;
A(40,3)=-0.5201120386316783;
A(41,3)=1.0089116055350806;
A(42,3)=-3.50805560564065;
A(2,4)=-681.9066610975374;
A(3,4)=304.3912108297975;
A(4,4)=-45.65974996595595;
A(5,4)=-68.83527343667367;
A(6,4)=21.275741343518817;
A(7,4)=-9.59057495845969;
A(8,4)=5.18439795247728;
A(9,4)=-3.1375719265895574;
A(10,4)=2.0552331523609855;
A(11,4)=-1.4289112628666714;
A(12,4)=1.0413539851507123;
A(13,4)=-0.788747938089904;
A(14,4)=0.6171345556722644;
A(15,4)=-0.49655604148974475;
A(16,4)=0.4094693269782457;
A(17,4)=-0.3451393922114482;
A(18,4)=0.29675105328800433;
A(19,4)=-0.2598417422697559;
A(20,4)=0.2314129586942639;
A(21,4)=-0.20940737457527459;
A(22,4)=0.19239129321427464;
A(23,4)=-0.17935682410913298;
A(24,4)=0.16959636751590396;
A(25,4)=-0.1626224265694857;
A(26,4)=0.1581171511874519;
A(27,4)=-0.15590270357668318;
A(28,4)=0.15592779519847041;
A(29,4)=-0.15826889884694637;
A(30,4)=0.16314763402325932;
A(31,4)=-0.17096964907127787;
A(32,4)=0.1823965182570474;
A(33,4)=-0.1984738045831864;
A(34,4)=0.2208625031671373;
A(35,4)=-0.25227509171589463;
A(36,4)=0.2973495463964494;
A(37,4)=-0.36455272779192155;
A(38,4)=0.47080859959013305;
A(39,4)=-0.6545902980323027;
A(40,4)=1.0221409283148042;
A(41,4)=-1.982661458660182;
A(42,4)=6.893689885411037;
A(2,5)=559.162446587873;
A(3,5)=-196.9089495597681;
A(4,5)=171.04654530336902;
A(5,5)=-24.43171415273426;
A(6,5)=-59.3702135671738;
A(7,5)=20.35384267972797;
A(8,5)=-9.889884018524748;
A(9,5)=5.662660944004753;
A(10,5)=-3.588079386387495;
A(11,5)=2.440998672346439;
A(12,5)=-1.7522805110455941;
A(13,5)=1.3127553781626429;
A(14,5)=-1.0187133724575523;
A(15,5)=0.8144883505300663;
A(16,5)=-0.6682922356563001;
A(17,5)=0.5610442130872781;
A(18,5)=-0.48081199311402084;
A(19,5)=0.41987548060587876;
A(20,5)=-0.37309709340762437;
A(21,5)=0.3369790302654638;
A(22,5)=-0.3090986854884958;
A(23,5)=0.2877608545088705;
A(24,5)=-0.2717790081033623;
A(25,5)=0.26033642398819784;
A(26,5)=-0.25289903198002206;
A(27,5)=0.2491639712778928;
A(28,5)=-0.24903543108226167;
A(29,5)=0.25262479649498715;
A(30,5)=-0.26027712866176084;
A(31,5)=0.27263223393036107;
A(32,5)=-0.2907385154166136;
A(33,5)=0.3162563588568172;
A(34,5)=-0.35182612445570627;
A(35,5)=0.4017617765146412;
A(36,5)=-0.47344143761091034;
A(37,5)=0.5803358722714806;
A(38,5)=-0.7493726490798877;
A(39,5)=1.041767705404616;
A(40,5)=-1.6265702666312905;
A(41,5)=3.154886323486827;
A(42,5)=-10.969126477577005;
A(2,6)=-485.01702144437894;
A(3,6)=157.00609984868143;
A(4,6)=-104.76803891685661;
A(5,6)=117.65474828003934;
A(6,6)=-15.102848667308935;
A(7,6)=-52.06125134327382;
A(8,6)=19.14626871115095;
A(9,6)=-9.81894519551297;
A(10,6)=5.870493725444509;
A(11,6)=-3.8552331273799783;
A(12,6)=2.703545895894038;
A(13,6)=-1.9924281119438487;
A(14,6)=1.5276467574322692;
A(15,6)=-1.2103078230487114;
A(16,6)=0.9860508683938111;
A(17,6)=-0.8231648430286068;
A(18,6)=0.7022503183399247;
A(19,6)=-0.6109708516488641;
A(20,6)=0.5412287347404078;
A(21,6)=-0.4875709720781579;
A(22,6)=0.44625338225434924;
A(23,6)=-0.41467319249554346;
A(24,6)=0.391016650489446;
A(25,6)=-0.37403730439364924;
A(26,6)=0.362917446726266;
A(27,6)=-0.3571859301090744;
A(28,6)=0.35667812250874753;
A(29,6)=-0.36153248568737567;
A(30,6)=0.3722259202156425;
A(31,6)=-0.3896591905438931;
A(32,6)=0.41531808057938735;
A(33,6)=-0.451562481402505;
A(34,6)=0.5021502857807824;
A(35,6)=-0.5732255065089644;
A(36,6)=0.6752996993929115;
A(37,6)=-0.8275677073038438;
A(38,6)=1.0684023361229198;
A(39,6)=-1.4850418264991507;
A(40,6)=2.318400702839706;
A(41,6)=-4.496387088843332;
A(42,6)=15.632639702842482;
A(2,7)=432.78475647932476;
A(3,7)=-134.52362071532383;
A(4,7)=81.23625198662727;
A(5,7)=-69.38225045624613;
A(6,7)=89.55208951719376;
A(7,7)=-10.192028996081289;
A(8,7)=-46.44033322541095;
A(9,7)=17.97773761434969;
A(10,7)=-9.607105508784418;
A(11,7)=5.943229973111331;
A(12,7)=-4.017925772123462;
A(13,7)=2.889545788921415;
A(14,7)=-2.1774693168677786;
A(15,7)=1.7032346726402405;
A(16,7)=-1.374188712106052;
A(17,7)=1.1384795001475703;
A(18,7)=-0.9653616043566552;
A(19,7)=0.835749106806503;
A(20,7)=-0.7373488127427534;
A(21,7)=0.662005601449797;
A(22,7)=-0.6041855981750124;
A(23,7)=0.560076349723891;
A(24,7)=-0.5270374712705553;
A(25,7)=0.5032593087986518;
A(26,7)=-0.48755107266927994;
A(27,7)=0.4792146969570832;
A(28,7)=-0.47798106200231655;
