tLegendre(2)=0.0010277087610431755;
tLegendre(3)=0.0054070183928404065;
tLegendre(4)=0.013253484971757127;
tLegendre(5)=0.02451382836895259;
tLegendre(6)=0.03910928129376813;
tLegendre(7)=0.05693751892225696;
tLegendre(8)=0.07787350632972202;
tLegendre(9)=0.10177039974504885;
tLegendre(10)=0.12846058300901736;
tLegendre(11)=0.15775684543452032;
tLegendre(12)=0.18945369579553775;
tLegendre(13)=0.2233288040692091;
tLegendre(14)=0.25914456109839723;
tLegendre(15)=0.29664974534083693;
tLegendre(16)=0.3355812850581465;
tLegendre(17)=0.3756661036043171;
tLegendre(18)=0.416623034880074;
tLegendre(19)=0.4581647955226151;
tLegendre(20)=0.5;
tLegendre(21)=0.541835204477385;
tLegendre(22)=0.583376965119926;
tLegendre(23)=0.6243338963956829;
tLegendre(24)=0.6644187149418534;
tLegendre(25)=0.703350254659163;
tLegendre(26)=0.7408554389016028;
tLegendre(27)=0.7766711959307909;
tLegendre(28)=0.8105463042044623;
tLegendre(29)=0.8422431545654797;
tLegendre(30)=0.8715394169909826;
tLegendre(31)=0.8982296002549511;
tLegendre(32)=0.922126493670278;
tLegendre(33)=0.943062481077743;
tLegendre(34)=0.9608907187062319;
tLegendre(35)=0.9754861716310474;
tLegendre(36)=0.9867465150282428;
tLegendre(37)=0.9945929816071596;
tLegendre(38)=0.9989722912389568;
A(2,2)=-486.0186425544754;
A(3,2)=-65.48874354793452;
A(4,2)=12.032394678457463;
A(5,2)=-3.9818309121094417;
A(6,2)=1.74930677013339;
A(7,2)=-0.9116242665760059;
A(8,2)=0.5333108003093743;
A(9,2)=-0.339430742876209;
A(10,2)=0.23048228184275224;
A(11,2)=-0.16481090364586376;
A(12,2)=0.12298399581296263;
A(13,2)=-0.09514115764500605;
A(14,2)=0.0759312885331706;
A(15,2)=-0.0622864071468511;
A(16,2)=0.05236546390785312;
A(17,2)=-0.0450207557032975;
A(18,2)=0.0395137700626595;
A(19,2)=-0.03535696402667967;
A(20,2)=0.03222230116163722;
A(21,2)=-0.02988675205117287;
A(22,2)=0.02819912273617328;
A(23,2)=-0.02705974043883726;
A(24,2)=0.026408336956039842;
A(25,2)=-0.026217632681069303;
A(26,2)=0.026491498482190963;
A(27,2)=-0.02726766085607976;
A(28,2)=0.028626125367521994;
A(29,2)=-0.030706367520499496;
A(30,2)=0.03373994784995522;
A(31,2)=-0.03811312343881922;
A(32,2)=0.044493266599849784;
A(33,2)=-0.05410494514684985;
A(34,2)=0.06940193752504903;
A(35,2)=-0.09596895160091491;
A(36,2)=0.14923664201444728;
A(37,2)=-0.2886528879700361;
A(38,2)=1.0020596509647688;
A(2,3)=796.1997503492926;
A(3,3)=-91.9696877800565;
A(4,3)=-65.37053976671446;
A(5,3)=17.066072533369837;
A(6,3)=-6.892066798934236;
A(7,3)=3.4487937541523315;
A(8,3)=-1.9719276507363903;
A(9,3)=1.2373152923879454;
A(10,3)=-0.8322475286914333;
A(11,3)=0.5911822768931343;
A(12,3)=-0.4390248530460872;
A(13,3)=0.338405236340084;
A(14,3)=-0.26932712176629;
A(15,3)=0.22044623480269512;
A(16,3)=-0.18500995587262414;
A(17,3)=0.1588353009705481;
A(18,3)=-0.13924409624405368;
A(19,3)=0.1244753033531073;
A(20,3)=-0.113347702520692;
A(21,3)=0.10506003061670774;
A(22,3)=-0.09906986150593451;
A(23,3)=0.0950196466283932;
A(24,3)=-0.09269262871342855;
A(25,3)=0.09198937568736093;
A(26,3)=-0.09292072721247283;
A(27,3)=0.09561687879875114;
A(28,3)=-0.10035663011883489;
A(29,3)=0.10762742398613966;
A(30,3)=-0.11823945763285125;
A(31,3)=0.13354488091533653;
A(32,3)=-0.15588047943591993;
A(33,3)=0.1895345096858003;
A(34,3)=-0.2431001670800365;
A(35,3)=0.33613566877008755;
A(36,3)=-0.5226812507637607;
A(37,3)=1.0109322586326852;
A(38,3)=-3.509387184549117;
A(2,4)=-556.025932732398;
A(3,4)=248.46754590331096;
A(4,4)=-37.21921075696494;
A(5,4)=-56.456498122774484;
A(6,4)=17.514366037928646;
A(7,4)=-7.931451045824826;
A(8,4)=4.311266735729455;
A(9,4)=-2.6260920370152214;
A(10,4)=1.7330507299149511;
A(11,4)=-1.2151481338892511;
A(12,4)=0.8940348821418974;
A(13,4)=-0.684394469321223;
A(14,4)=0.5418334988029895;
A(15,4)=-0.44167972014632934;
A(16,4)=0.369474403922519;
A(17,4)=-0.3163685056518712;
A(18,4)=0.2767499185260277;
A(19,4)=-0.2469559337232832;
A(20,4)=0.22454408540399742;
A(21,4)=-0.2078647143225068;
A(22,4)=0.19580405641948848;
A(23,4)=-0.18762823425970376;
A(24,4)=0.18289040373062407;
A(25,4)=-0.18138091129890385;
A(26,4)=0.1831111384219505;
A(27,4)=-0.18832990703159413;
A(28,4)=0.1975800244492586;
A(29,4)=-0.21181565373801148;
A(30,4)=0.23262614228702613;
A(31,4)=-0.2626664844541153;
A(32,4)=0.30652703499431616;
A(33,4)=-0.3726332808281898;
A(34,4)=0.4778705024086428;
A(35,4)=-0.6606713372756778;
A(36,4)=1.0272287208281052;
A(37,4)=-1.9866644535964486;
A(38,4)=6.896336539101283;
A(2,5)=455.2968541679605;
A(3,5)=-160.5055462703493;
A(4,5)=139.69562133585046;
A(5,5)=-19.884085993173635;
A(6,5)=-48.805547838428325;
A(7,5)=16.80921247137873;
A(8,5)=-8.212837299656432;
A(9,5)=4.73298588674804;
A(10,5)=-3.0214402262781688;
A(11,5)=2.072989688421429;
A(12,5)=-1.5023449968910536;
A(13,5)=1.1375404727392482;
A(14,5)=-0.8932194085503045;
A(15,5)=0.7235193295847653;
A(16,5)=-0.6022294252604624;
A(17,5)=0.5136123948131651;
A(18,5)=-0.44783496820280194;
A(19,5)=0.39855386173860824;
A(20,5)=-0.36157717595500205;
A(21,5)=0.33409264644333597;
A(22,5)=-0.31420969193067483;
A(23,5)=0.3006837727538151;
A(24,5)=-0.29275284435232246;
A(25,5)=0.2900486605874299;
A(26,5)=-0.2925653364747081;
A(27,5)=0.3006818668529738;
A(28,5)=-0.3152498048541947;
A(29,5)=0.33777851861546143;
A(30,5)=-0.370790339842621;
A(31,5)=0.4185048201571396;
A(32,5)=-0.48822211449829384;
A(33,5)=0.5933454934689414;
A(34,5)=-0.7607397013920663;
A(35,5)=1.0515552918917987;
A(36,5)=-1.6347612060316967;
A(37,5)=3.1613389097813056;
A(38,5)=-10.97343476560284;
A(2,6)=-394.1887954175776;
A(3,6)=127.74161361815221;
A(4,6)=-85.40626745709416;
A(5,6)=96.18241002243984;
A(6,6)=-12.264338506615646;
A(7,6)=-42.915544791738036;
A(8,6)=15.870424541338458;
A(9,6)=-8.191920497332017;
A(10,6)=4.934433370241666;
A(11,6)=-3.268105025117389;
A(12,6)=2.3137756671928273;
A(13,6)=-1.7234295312545338;
A(14,6)=1.3371002178939768;
A(15,6)=-1.0732570755360709;
A(16,6)=0.8870458996669884;
A(17,6)=-0.7522909121167157;
A(18,6)=0.6529884413883241;
A(19,6)=-0.5789872664526567;
A(20,6)=0.5236657479665838;
A(21,6)=-0.48262441916418647;
A(22,6)=0.452924406284822;
A(23,6)=-0.43263497860734107;
A(24,6)=0.42056662054654265;
A(25,6)=-0.416124774530146;
A(26,6)=0.4192530552273408;
A(27,6)=-0.43045791747674306;
A(28,6)=0.45092889975649714;
A(29,6)=-0.482799584839759;
A(30,6)=0.5296517100368746;
A(31,6)=-0.5974889538725817;
A(32,6)=0.6967074930293115;
A(33,6)=-0.8464028123203792;
A(34,6)=1.0848558664916315;
A(35,6)=-1.4992102562165694;
A(36,6)=2.3302662425910627;
A(37,6)=-4.505761264305846;
A(38,6)=15.639032912768618;
A(2,7)=350.9199732286331;
A(3,7)=-109.19532742322313;
A(4,7)=66.06963081229406;
A(5,7)=-56.58844256572689;
A(6,7)=73.31089842559291;
A(7,7)=-8.251368243780762;
A(8,7)=-38.40636085089475;
A(9,7)=14.964567892594129;
A(10,7)=-8.056919366599569;
A(11,7)=5.026758201240852;
A(12,7)=-3.430967511214099;
A(13,7)=2.4938800616894525;
A(14,7)=-1.9016778974124988;
A(15,7)=1.5070789519014973;
A(16,7)=-1.233551841229824;
A(17,7)=1.0382457346598375;
A(18,7)=-0.8957612649445993;
A(19,7)=0.790363868394062;
A(20,7)=-0.7119739629086751;
A(21,7)=0.6539844422561603;
A(22,7)=-0.6120216771059502;
A(23,7)=0.5832229578797662;
A(24,7)=-0.5658142721392994;
A(25,7)=0.5588770625582555;
A(26,7)=-0.5622497255505978;
A(27,7)=0.5765464667313991;
A(28,7)=-0.6033086482560984;
A(29,7)=0.6453466693563169;
A(30,7)=-0.7074075834654452;
A(31,7)=0.7974693971093461;
A(32,7)=-0.9293635386131354;
A(33,7)=1.1285090057360698;
A(34,7)=-1.4458758685757445;
A(35,7)=1.9975056794582864;
A(36,7)=-3.1040654667663126;
A(37,7)=6.0010207389823735;
A(38,7)=-20.82711770473283;
A(2,8)=-317.5260613109931;
A(3,8)=96.56830206888736;
A(4,8)=-55.54703887051863;
A(5,8)=42.764202856127774;
A(6,8)=-41.93235398017334;
A(7,8)=59.40321428399365;
A(8,8)=-5.878443938350167;
A(9,8)=-34.915862464829104;
A(10,8)=14.167034098911447;
A(11,8)=-7.890035743572946;
A(12,8)=5.067593874470355;
A(13,8)=-3.5479704092190687;
A(14,8)=2.638202740188182;
A(15,8)=-2.0536641955300183;
A(16,8)=1.6587563680814879;
A(17,8)=-1.3820083461693968;
