tLegendre(2)=0.0012876528767723913;
tLegendre(3)=0.006772136884678756;
tLegendre(4)=0.016588545155003617;
tLegendre(5)=0.030652813694415824;
tLegendre(6)=0.04884161612828321;
tLegendre(7)=0.07099517366174797;
tLegendre(8)=0.0969188218629167;
tLegendre(9)=0.12638475177521893;
tLegendre(10)=0.1591340200151286;
tLegendre(11)=0.19487882708181048;
tLegendre(12)=0.2333050476068262;
tLegendre(13)=0.27407499136377467;
tLegendre(14)=0.31683037112596335;
tLegendre(15)=0.3611954514237515;
tLegendre(16)=0.4067803505860042;
tLegendre(17)=0.4531844670726333;
tLegendre(18)=0.5;
tLegendre(19)=0.5468155329273667;
tLegendre(20)=0.5932196494139957;
tLegendre(21)=0.6388045485762485;
tLegendre(22)=0.6831696288740366;
tLegendre(23)=0.7259250086362253;
tLegendre(24)=0.7666949523931739;
tLegendre(25)=0.8051211729181895;
tLegendre(26)=0.8408659799848714;
tLegendre(27)=0.8736152482247811;
tLegendre(28)=0.9030811781370833;
tLegendre(29)=0.929004826338252;
tLegendre(30)=0.9511583838717168;
tLegendre(31)=0.9693471863055841;
tLegendre(32)=0.9834114548449964;
tLegendre(33)=0.9932278631153213;
tLegendre(34)=0.9987123471232277;
A(2,2)=0.0016515569618968445;
A(3,2)=0.0035737007013482594;
A(4,2)=0.0031705596540539237;
A(5,2)=0.003385472401764371;
A(6,2)=0.00324561002258559;
A(7,2)=0.0033461818136898435;
A(8,2)=0.003269306076036566;
A(9,2)=0.0033305624298635606;
A(10,2)=0.003280256510579657;
A(11,2)=0.003322527392154877;
A(12,2)=0.003286363614927028;
A(13,2)=0.003317753126653317;
A(14,2)=0.003290183255342292;
A(15,2)=0.003314637187234731;
A(16,2)=0.0032927679985867604;
A(17,2)=0.003312461418435262;
A(18,2)=0.0032946236759627016;
A(19,2)=0.0033108596854364283;
A(20,2)=0.0032960217347825626;
A(21,2)=0.003309626336228196;
A(22,2)=0.003297121165129077;
A(23,2)=0.003308636002569591;
A(24,2)=0.003298022855763232;
A(25,2)=0.003307805664680499;
A(26,2)=0.0032987969245653966;
A(27,2)=0.0033070741650805227;
A(28,2)=0.0032994989691669018;
A(29,2)=0.003306388135133198;
A(30,2)=0.0033001840120070523;
A(31,2)=0.0033056853456889627;
A(32,2)=0.0033009313179361488;
A(33,2)=0.0033048475766951344;
A(34,2)=0.003301965826492872;
A(2,3)=-0.0006275668860788781;
A(3,3)=0.003830425378233669;
A(4,3)=0.00832769675339729;
A(5,3)=0.00731450721486328;
A(6,3)=0.007885749480359049;
A(7,3)=0.00749852291647591;
A(8,3)=0.007785572842889313;
A(9,3)=0.007560953540914969;
A(10,3)=0.007743283112926612;
A(11,3)=0.0075912876228530855;
A(12,3)=0.007720589422465523;
A(13,3)=0.007608825780748076;
A(14,3)=0.0077066786026301435;
A(15,3)=0.007620098533194766;
A(16,3)=0.00769737653548739;
A(17,3)=0.007627895790660962;
A(18,3)=0.007690749308516277;
A(19,3)=0.0076335997098959775;
A(20,3)=0.00768578271306011;
A(21,3)=0.0076379721461319475;
A(22,3)=0.00768189197817378;
A(23,3)=0.007641471360134889;
A(24,3)=0.007678710331161887;
A(25,3)=0.007644397677808058;
A(26,3)=0.0076759852788747815;
A(27,3)=0.0076469703661366335;
A(28,3)=0.007673518331606897;
A(29,3)=0.0076493791723026856;
A(30,3)=0.007671114628652185;
A(31,3)=0.007651843701334383;
A(32,3)=0.007668495263715715;
A(33,3)=0.007654779028802414;
A(34,3)=0.0076648715854329445;
A(2,4)=0.00047986658758846255;
A(3,4)=-0.001040875747551533;
A(4,4)=0.00597888702543737;
A(5,4)=0.013013693384383561;
A(6,4)=0.011398421951686723;
A(7,4)=0.012327757854627207;
A(8,4)=0.011686423206592174;
A(9,4)=0.012169115168088728;
A(10,4)=0.011786533876238906;
A(11,4)=0.012100473524319786;
A(12,4)=0.011836333117105564;
A(13,4)=0.012062823581288386;
A(14,4)=0.011865713321807145;
A(15,4)=0.012039309949311357;
A(16,4)=0.011884927749637576;
A(17,4)=0.012023329269235319;
A(18,4)=0.011898424175926956;
A(19,4)=0.012011774288831057;
A(20,4)=0.011908440987460592;
A(21,4)=0.012002989019320143;
A(22,4)=0.01191623301932271;
A(23,4)=0.01199600092226509;
A(24,4)=0.01192257110014439;
A(25,4)=0.011990184351238739;
A(26,4)=0.01192797694526767;
A(27,4)=0.011985089765441185;
A(28,4)=0.011932854421655693;
A(29,4)=0.011980333935663395;
A(30,4)=0.011937594311317672;
A(31,4)=0.01197547926909204;
A(32,4)=0.011942749421504084;
A(33,4)=0.011969706314446016;
A(34,4)=0.011949872686196223;
A(2,5)=-0.0004026818989958558;
A(3,5)=0.0007301421839054789;
A(4,5)=-0.001426125506889374;
A(5,5)=0.008075089658082239;
A(6,5)=0.017584191098492227;
A(7,5)=0.015383697913349155;
A(8,5)=0.016661980459058673;
A(9,5)=0.01577145757083184;
A(10,5)=0.01644753968857022;
A(11,5)=0.015907497493639875;
A(12,5)=0.01635371029428212;
A(13,5)=0.01597598807805221;
A(14,5)=0.016301611222830775;
A(15,5)=0.016016889385472088;
A(16,5)=0.016268683133671965;
A(17,5)=0.016043953495090305;
A(18,5)=0.016246044192639822;
A(19,5)=0.01606318348580007;
A(20,5)=0.01622948374025322;
A(21,5)=0.016077626757151096;
A(22,5)=0.01621673487275007;
A(23,5)=0.016089012565154156;
A(24,5)=0.016206445984947835;
A(25,5)=0.01609842422086092;
A(26,5)=0.016197724217036188;
A(27,5)=0.016106622534252258;
A(28,5)=0.016189893448242197;
A(29,5)=0.016114242273176083;
A(30,5)=0.016182313000847187;
A(31,5)=0.01612199418298753;
A(32,5)=0.016174091998225924;
A(33,5)=0.016131191143684418;
A(34,5)=0.016162751975074916;
A(2,6)=0.0003516751609225403;
A(3,6)=-0.000593031725691824;
A(4,6)=0.000944937028336292;
A(5,6)=-0.001793673158657386;
A(6,6)=0.010100385332917398;
A(7,6)=0.021999257240783658;
A(8,6)=0.0192348441290722;
A(9,6)=0.0208492800447113;
A(10,6)=0.019718260713384138;
A(11,6)=0.02058158833744566;
A(12,6)=0.019888487717540527;
A(13,6)=0.020463817283543996;
A(14,6)=0.01997475772291952;
A(15,6)=0.02039794381989234;
A(16,6)=0.020026679881257184;
A(17,6)=0.02035596946725376;
A(18,6)=0.020061328037236453;
A(19,6)=0.020326856145447512;
A(20,6)=0.020086174779093927;
A(21,6)=0.020305350169014896;
A(22,6)=0.020105034683024145;
A(23,6)=0.020288601319642625;
A(24,6)=0.02012009547730272;
A(25,6)=0.020274884495023147;
A(26,6)=0.02013275767449605;
A(27,6)=0.020263023377354625;
A(28,6)=0.020144052043442495;
A(29,6)=0.020252063574656223;
A(30,6)=0.02015492899134923;
A(31,6)=0.020240963730086037;
A(32,6)=0.0201666801830113;
A(33,6)=0.020227835300656784;
A(34,6)=0.02018285227808358;
A(2,7)=-0.0003138889142647313;
A(3,7)=0.0005101077765825295;
A(4,7)=-0.0007448662666802693;
A(5,7)=0.001142536833047433;
A(6,7)=-0.0021433110277321444;
A(7,7)=0.012036935704677924;
A(8,7)=0.026220394099681472;
A(9,7)=0.02291771518384474;
A(10,7)=0.024852763993402378;
A(11,7)=0.02349228175608201;
A(12,7)=0.024534491464050394;
A(13,7)=0.023694898638628125;
A(14,7)=0.02439407118007426;
A(15,7)=0.02379798360661982;
A(16,7)=0.02431515816920411;
A(17,7)=0.023860361097686498;
A(18,7)=0.02426457311909001;
A(19,7)=0.023902260933152595;
A(20,7)=0.02422923312180083;
A(21,7)=0.02393254855916813;
A(22,7)=0.024202894226097102;
A(23,7)=0.023955770581682696;
A(24,7)=0.02418214399568083;
A(25,7)=0.023974564440845385;
A(26,7)=0.024164880431814133;
A(27,7)=0.023990664882823153;
A(28,7)=0.0241496093446051;
A(29,7)=0.024005432005193325;
A(30,7)=0.024134998725318463;
A(31,7)=0.024020302731584627;
A(32,7)=0.024119289876296374;
A(33,7)=0.02403782248335265;
A(34,7)=0.024097734631930944;
A(2,8)=0.00028387606076391876;
A(3,8)=-0.00045154513169792934;
A(4,8)=0.0006293839055049541;
A(5,8)=-0.0008789389315008691;
A(6,8)=0.001326205907303136;
A(7,8)=-0.0024730013075538082;
A(8,8)=0.01386771165791589;
A(9,8)=0.030210693461000058;
A(10,8)=0.026399749630377087;
A(11,8)=0.028637306779102915;
A(12,8)=0.0270603543359142;
A(13,8)=0.028271383126328826;
A(14,8)=0.02729343222597144;
A(15,8)=0.0281096854711728;
A(16,8)=0.02741231085372951;
A(17,8)=0.028018514130008703;
A(18,8)=0.02748453744026351;
A(19,8)=0.027959790641502714;
A(20,8)=0.027533323751831984;
A(21,8)=0.02791850010739784;
A(22,8)=0.027568853336302573;
A(23,8)=0.027887457249869636;
A(24,8)=0.027596375081756823;
A(25,8)=0.027862701254632093;
A(26,8)=0.027618977318502762;
A(27,8)=0.027841735665948306;
A(28,8)=0.027638767202680232;
A(29,8)=0.027822680726967933;
A(30,8)=0.02765754930656926;
A(31,8)=0.0278036261662914;
A(32,8)=0.027677623556250835;
A(33,8)=0.02778128513588932;
A(34,8)=0.02770506944395372;
