tLegendre(2)=0.0005050261118358865;
tLegendre(3)=0.0026590403459964608;
tLegendre(4)=0.006526482488314239;
tLegendre(5)=0.01209488314250771;
tLegendre(6)=0.019345152688431833;
tLegendre(7)=0.028252323267779062;
tLegendre(8)=0.038785698478593936;
tLegendre(9)=0.05090897106228669;
tLegendre(10)=0.06458035122087932;
tLegendre(11)=0.07975271172709932;
tLegendre(12)=0.09637375079155226;
tLegendre(13)=0.11438617253723385;
tLegendre(14)=0.13372788459624488;
tLegendre(15)=0.15433221219931664;
tLegendre(16)=0.17612812804174496;
tLegendre(17)=0.19904049714311534;
tLegendre(18)=0.22299033586146605;
tLegendre(19)=0.24789508417143327;
tLegendre(20)=0.2736688902690771;
tLegendre(21)=0.3002229065230235;
tLegendre(22)=0.32746559575213885;
tLegendre(23)=0.3553030467741869;
tLegendre(24)=0.3836392981378637;
tLegendre(25)=0.4123766689223371;
tLegendre(26)=0.44141609546402244;
tLegendre(27)=0.47065747284987025;
tLegendre(28)=0.5;
tLegendre(29)=0.5293425271501297;
tLegendre(30)=0.5585839045359776;
tLegendre(31)=0.5876233310776628;
tLegendre(32)=0.6163607018621363;
tLegendre(33)=0.6446969532258131;
tLegendre(34)=0.6725344042478612;
tLegendre(35)=0.6997770934769765;
tLegendre(36)=0.7263311097309229;
tLegendre(37)=0.7521049158285668;
tLegendre(38)=0.7770096641385339;
tLegendre(39)=0.8009595028568847;
tLegendre(40)=0.8238718719582551;
tLegendre(41)=0.8456677878006834;
tLegendre(42)=0.8662721154037551;
tLegendre(43)=0.8856138274627662;
tLegendre(44)=0.9036262492084477;
tLegendre(45)=0.9202472882729007;
tLegendre(46)=0.9354196487791206;
tLegendre(47)=0.9490910289377134;
tLegendre(48)=0.9612143015214061;
tLegendre(49)=0.971747676732221;
tLegendre(50)=0.9806548473115682;
tLegendre(51)=0.9879051168574923;
tLegendre(52)=0.9934735175116858;
tLegendre(53)=0.9973409596540035;
tLegendre(54)=0.9994949738881641;
A(2,2)=-989.5475652481848;
A(3,2)=-132.84735921264766;
A(4,2)=24.277574338797667;
A(5,2)=-7.971785960007798;
A(6,2)=3.466563888090107;
A(7,2)=-1.7837528628044486;
A(8,2)=1.0277562308719996;
A(9,2)=-0.6425885065977831;
A(10,2)=0.4275071299320176;
A(11,2)=-0.2986987065666571;
A(12,2)=0.2171774454038677;
A(13,2)=-0.16322372759492676;
A(14,2)=0.1261710300531853;
A(15,2)=-0.0999235742009024;
A(16,2)=0.0808339068342946;
A(17,2)=-0.06663277942012258;
A(18,2)=0.05586028802154838;
A(19,2)=-0.047549493260769245;
A(20,2)=0.04104344426788233;
A(21,2)=-0.03588567744415605;
A(22,2)=0.03175268266525751;
A(23,2)=-0.02841112481330551;
A(24,2)=0.025690093281614087;
A(25,2)=-0.02346271325015865;
A(26,2)=0.021633727514659272;
A(27,2)=-0.02013096926501747;
A(28,2)=0.01889942247631526;
A(29,2)=-0.017897037249767173;
A(30,2)=0.017091759429234146;
A(31,2)=-0.016459419114341914;
A(32,2)=0.015982243202907042;
A(33,2)=-0.015647837894696724;
A(34,2)=0.01544854369408085;
A(35,2)=-0.015381107987351865;
A(36,2)=0.015446656006951855;
A(37,2)=-0.015650976083723983;
A(38,2)=0.016005176111711057;
A(39,2)=-0.016526823988906134;
A(40,2)=0.017241769608488826;
A(41,2)=-0.018186984732282054;
A(42,2)=0.019414996815546554;
A(43,2)=-0.02100092688488278;
A(44,2)=0.02305396461471512;
A(45,2)=-0.025736754920950865;
A(46,2)=0.029299636215633928;
A(47,2)=-0.034144500989745655;
A(48,2)=0.0409522428417612;
A(49,2)=-0.05095978919931562;
A(50,2)=0.06663318303474486;
A(51,2)=-0.09357084369501689;
A(52,2)=0.14722154436309692;
A(53,2)=-0.2870633903593937;
A(54,2)=1.001011073460669;
A(2,3)=1622.3701101615695;
A(3,3)=-187.53643054141745;
A(4,3)=-132.09352113720973;
A(5,3)=34.217755337387445;
A(6,3)=-13.678118658691632;
A(7,3)=6.758150765260474;
A(8,3)=-3.805751187622106;
A(9,3)=2.345844893462606;
A(10,3)=-1.5459396791563953;
A(11,3)=1.0729999625996613;
A(12,3)=-0.7763944248130756;
A(13,3)=0.5813999313320511;
A(14,3)=-0.4481644790332772;
A(15,3)=0.3541528916207102;
A(16,3)=-0.2859905111353736;
A(17,3)=0.2354095448789102;
A(18,3)=-0.19711824716817286;
A(19,3)=0.16762636964895075;
A(20,3)=-0.14457076390714432;
A(21,3)=0.126314182130016;
A(22,3)=-0.11169906145244114;
A(23,3)=0.09989220845796663;
A(24,3)=-0.09028440023452426;
A(25,3)=0.08242405561805305;
A(26,3)=-0.07597255810323945;
A(27,3)=0.07067364541909148;
A(28,3)=-0.06633212846969376;
A(29,3)=0.06279892213094886;
A(30,3)=-0.0599604335232056;
A(31,3)=0.0577310258772091;
A(32,3)=-0.056047712158635854;
A(33,3)=0.05486652407109698;
A(34,3)=-0.05416020553605767;
A(35,3)=0.05391703201313401;
A(36,3)=-0.054140684278503125;
A(37,3)=0.05485122952616076;
A(38,3)=-0.056087407220760645;
A(39,3)=0.057910613281946556;
A(40,3)=-0.060411273602356486;
A(41,3)=0.06371878412332316;
A(42,3)=-0.06801703447690131;
A(43,3)=0.0735690523815256;
A(44,3)=-0.08075718849387034;
A(45,3)=0.09015100912145031;
A(46,3)=-0.10262720209386189;
A(47,3)=0.11959322481180618;
A(48,3)=-0.14343364192102748;
A(49,3)=0.1784803350995434;
A(50,3)=-0.23336973732048377;
A(51,3)=0.3277083440476958;
A(52,3)=-0.5156001069287562;
A(53,3)=1.0053465138842501;
A(54,3)=-3.505700579981001;
A(2,4)=-1136.0347564814838;
A(3,4)=506.14020000094587;
A(4,4)=-76.10766170714216;
A(5,4)=-113.50013951115889;
A(6,4)=34.85244204643476;
A(7,4)=-15.58374879547166;
A(8,4)=8.34274616970112;
A(9,4)=-4.992050787713688;
A(10,4)=3.227722406536665;
A(11,4)=-2.211293665850454;
A(12,4)=1.5851850067874769;
A(13,4)=-1.178878690143494;
A(14,4)=0.9039401172580298;
A(15,4)=-0.7113821258113513;
A(16,4)=0.5725828216361597;
A(17,4)=-0.4700638485211125;
A(18,4)=0.39274646889181775;
A(19,4)=-0.3333807536664964;
A(20,4)=0.28708954248588864;
A(21,4)=-0.2505118684158634;
A(22,4)=0.22128211772414166;
A(23,4)=-0.19770401273889598;
A(24,4)=0.17854124332271853;
A(25,4)=-0.1628799165299613;
A(26,4)=0.15003634833666174;
A(27,4)=-0.13949414580597636;
A(28,4)=0.13086061826882153;
A(29,4)=-0.12383620721595603;
A(30,4)=0.11819286699995837;
A(31,4)=-0.11375873858293468;
A(32,4)=0.11040736783865027;
A(33,4)=-0.10805032427920952;
A(34,4)=0.10663249538519359;
A(35,4)=-0.10612964311285113;
A(36,4)=0.10654806696943951;
A(37,4)=-0.10792646721290601;
A(38,4)=0.11034038909575637;
A(39,4)=-0.11391001670713762;
A(40,4)=0.1188126708931422;
A(41,4)=-0.12530232219920379;
A(42,4)=0.13374008071075316;
A(43,4)=-0.14464261242191917;
A(44,4)=0.15876109647851075;
A(45,4)=-0.17721463259315687;
A(46,4)=0.2017258600819284;
A(47,4)=-0.23506044003140023;
A(48,4)=0.2819041421446463;
A(49,4)=-0.3507693853975185;
A(50,4)=0.45862740106435496;
A(51,4)=-0.6440065322099057;
A(52,4)=1.0132255982473461;
A(53,4)=-1.9756149960629497;
A(54,4)=6.889023959534571;
A(2,5)=933.8738468984366;
A(3,5)=-328.2366636861387;
A(4,5)=284.14672379674863;
A(5,5)=-40.83367437472999;
A(6,5)=-97.49787806601313;
A(7,5)=33.15500554992575;
A(8,5)=-15.954166747813908;
A(9,5)=9.031801592372021;
A(10,5)=-5.648867626978325;
A(11,5)=3.7867633589397958;
A(12,5)=-2.67386373077156;
A(13,5)=1.9668116002313631;
A(14,5)=-1.495730207305459;
A(15,5)=1.1696441663939208;
A(16,5)=-0.9367196456353629;
A(17,5)=0.7659087853053268;
A(18,5)=-0.6378280103762959;
A(19,5)=0.5399459106273171;
A(20,5)=-0.46391536050155746;
A(21,5)=0.4040309119450971;
A(22,5)=-0.3563040319177786;
A(23,5)=0.3178910484217287;
A(24,5)=-0.28672940779020406;
A(25,5)=0.26130070898096436;
A(26,5)=-0.24047298939772047;
A(27,5)=0.22339376972165076;
A(28,5)=-0.20941634474531665;
A(29,5)=0.19804831738690498;
A(30,5)=-0.18891533278300868;
A(31,5)=0.18173543773846698;
A(32,5)=-0.17630106946162716;
A(33,5)=0.1724667182157708;
A(34,5)=-0.17014102406156525;
A(35,5)=0.1692825934623906;
A(36,5)=-0.16989925083131824;
A(37,5)=0.17205084883583122;
A(38,5)=-0.17585622653282235;
A(39,5)=0.1815055264985848;
A(40,5)=-0.18928001797462576;
A(41,5)=0.19958309734524232;
A(42,5)=-0.21298876580679071;
A(43,5)=0.23031863921477735;
A(44,5)=-0.2527675593419439;
A(45,5)=0.2821158483776466;
A(46,5)=-0.32110420141313833;
A(47,5)=0.3741329595148065;
A(48,5)=-0.4486576823329019;
A(49,5)=0.55822274535575;
A(50,5)=-0.729831835182951;
A(51,5)=1.0247894164759095;
A(52,5)=-1.6122653859219165;
A(53,5)=3.1435695431136272;
A(54,5)=-10.961579274377842;
A(2,6)=-812.7054252574871;
A(3,6)=262.58100523274675;
