tLegendre(2)=0.0008811451447203998;
tLegendre(3)=0.004636880650271497;
tLegendre(4)=0.011370025008112869;
tLegendre(5)=0.021041590393104173;
tLegendre(6)=0.03359359586066173;
tLegendre(7)=0.04895059651556285;
tLegendre(8)=0.06702024839387025;
tLegendre(9)=0.08769388458334416;
tLegendre(10)=0.1108471742867403;
tLegendre(11)=0.13634087240503645;
tLegendre(12)=0.16402165769291022;
tLegendre(13)=0.19372305516600988;
tLegendre(14)=0.2252664374524359;
tLegendre(15)=0.25846209915691065;
tLegendre(16)=0.2931103978141975;
tLegendre(17)=0.32900295458712076;
tLegendre(18)=0.36592390749637316;
tLegendre(19)=0.40365120964931445;
tLegendre(20)=0.4419579646623724;
tLegendre(21)=0.48061379124697456;
tLegendre(22)=0.5193862087530254;
tLegendre(23)=0.5580420353376276;
tLegendre(24)=0.5963487903506856;
tLegendre(25)=0.6340760925036268;
tLegendre(26)=0.6709970454128792;
tLegendre(27)=0.7068896021858025;
tLegendre(28)=0.7415379008430893;
tLegendre(29)=0.7747335625475641;
tLegendre(30)=0.8062769448339902;
tLegendre(31)=0.8359783423070898;
tLegendre(32)=0.8636591275949635;
tLegendre(33)=0.8891528257132597;
tLegendre(34)=0.9123061154166558;
tLegendre(35)=0.9329797516061298;
tLegendre(36)=0.9510494034844371;
tLegendre(37)=0.9664064041393383;
tLegendre(38)=0.9789584096068958;
tLegendre(39)=0.9886299749918871;
tLegendre(40)=0.9953631193497285;
tLegendre(41)=0.9991188548552796;
A(2,2)=0.0011303192746332977;
A(3,2)=0.0024458272214311605;
A(4,2)=0.002169918507779955;
A(5,2)=0.0023170052951954428;
A(6,2)=0.0022212814025260926;
A(7,2)=0.002290116831601105;
A(8,2)=0.0022374963652211626;
A(9,2)=0.0022794302631461033;
A(10,2)=0.0022449866713175437;
A(11,2)=0.0022739362040264193;
A(12,2)=0.0022491601772214372;
A(13,2)=0.0022706761098902316;
A(14,2)=0.002251765548443451;
A(15,2)=0.002268553913958869;
A(16,2)=0.002253522416820013;
A(17,2)=0.002267078975631544;
A(18,2)=0.002254775960735876;
A(19,2)=0.002266001906451768;
A(20,2)=0.0022557105396270216;
A(21,2)=0.0022651836579511116;
A(22,2)=0.0022564329127222355;
A(23,2)=0.002264540933175276;
A(24,2)=0.0022570090387541014;
A(25,2)=0.0022640207725229656;
A(26,2)=0.002257482013157229;
A(27,2)=0.0022635876368239456;
A(28,2)=0.00225788155053072;
A(29,2)=0.002263216309390957;
A(30,2)=0.002258229411619693;
A(31,2)=0.0022628876399600054;
A(32,2)=0.002258542854159208;
A(33,2)=0.002262585612691485;
A(34,2)=0.002258837297345995;
A(35,2)=0.002262294686823685;
A(36,2)=0.0022591293160484738;
A(37,2)=0.0022619959234082255;
A(38,2)=0.0022594424361248484;
A(39,2)=0.0022616569100500973;
A(40,2)=0.002259827960417594;
A(41,2)=0.002261175979072551;
A(2,3)=-0.0004300031451203722;
A(3,3)=0.002624571132788203;
A(4,3)=0.005706059729836354;
A(5,3)=0.005011828336924635;
A(6,3)=0.0054032460022234215;
A(7,3)=0.005137907775089145;
A(8,3)=0.005334614617941571;
A(9,3)=0.0051806733102314675;
A(10,3)=0.005305652415594351;
A(11,3)=0.005201440252374869;
A(12,3)=0.005290124388252087;
A(13,3)=0.005213431481163598;
A(14,3)=0.005280623410219917;
A(15,3)=0.005221119404172592;
A(16,3)=0.005274292006880077;
A(17,3)=0.0052264126242784975;
A(18,3)=0.005269808617345164;
A(19,3)=0.0052302540057122945;
A(20,3)=0.005266483281740204;
A(21,3)=0.00523315961318449;
A(22,3)=0.005263922513118398;
A(23,3)=0.005235434666389718;
A(24,3)=0.005261885828533639;
A(25,3)=0.005237271420263945;
A(26,3)=0.005260217374647547;
A(27,3)=0.005238797968077113;
A(28,3)=0.005258810377667183;
A(29,3)=0.005240104667691166;
A(30,3)=0.005257587067441266;
A(31,3)=0.005241259788946479;
A(32,3)=0.0052564860695163565;
A(33,3)=0.005242320155199127;
A(34,3)=0.005255452803633511;
A(35,3)=0.005243340654744567;
A(36,3)=0.005254428850578369;
A(37,3)=0.005244387916172185;
A(38,3)=0.0052533315715148085;
A(39,3)=0.00524557565961385;
A(40,3)=0.00525198111851029;
A(41,3)=0.0052472600999428605;
A(2,4)=0.00032949077554758366;
A(3,4)=-0.000714694704078666;
A(4,4)=0.004105264595476972;
A(5,4)=0.008935554837710007;
A(6,4)=0.007826455045288803;
A(7,4)=0.008464585036095186;
A(8,4)=0.008024187883393506;
A(9,4)=0.008355678469468395;
A(10,4)=0.008092898926232777;
A(11,4)=0.00830858151450631;
A(12,4)=0.008127050737332997;
A(13,4)=0.00828278013127566;
A(14,4)=0.008147164412226779;
A(15,4)=0.008266705347671422;
A(16,4)=0.008160275033224217;
A(17,4)=0.008255829040322293;
A(18,4)=0.008169429616956558;
A(19,4)=0.008248025889933813;
A(20,4)=0.008176155340964582;
A(21,4)=0.008242170548887871;
A(22,4)=0.008181299665244937;
A(23,4)=0.008237612508991693;
A(24,4)=0.00818537056037507;
A(25,4)=0.00823394880349953;
A(26,4)=0.008188692485036097;
A(27,4)=0.008230914370434427;
A(28,4)=0.008191485183350874;
A(29,4)=0.008228324179738955;
A(30,4)=0.008193907163890802;
A(31,4)=0.008226039706584533;
A(32,4)=0.008196082422241178;
A(33,4)=0.008223946635417593;
A(34,4)=0.008198120306801988;
A(35,4)=0.008221935440254678;
A(36,4)=0.008200136953214926;
A(37,4)=0.008219874106771326;
A(38,4)=0.008202295642740469;
A(39,4)=0.00821753842333378;
A(40,4)=0.008204950427627172;
A(41,4)=0.008214227827758389;
A(2,5)=-0.0002773389248594954;
A(3,5)=0.0005028678592961419;
A(4,5)=-0.0009822029021837513;
A(5,5)=0.00556146229854174;
A(6,5)=0.012110561970431019;
A(7,5)=0.010595017009084908;
A(8,5)=0.011475443753162524;
A(9,5)=0.01086204072987375;
A(10,5)=0.011327797275026903;
A(11,5)=0.010955680594710759;
A(12,5)=0.011263240403657327;
A(13,5)=0.01100277283268317;
A(14,5)=0.011227452358710319;
A(15,5)=0.01103083171455287;
A(16,5)=0.011204904168031974;
A(17,5)=0.011049319149063977;
A(18,5)=0.011189489786366281;
A(19,5)=0.01106235652172316;
A(20,5)=0.011178324782796014;
A(21,5)=0.011072024008850871;
A(22,5)=0.011169870425251532;
A(23,5)=0.011079485074542986;
A(24,5)=0.01116322979284024;
A(25,5)=0.011085443367982818;
A(26,5)=0.011157841817654765;
A(27,5)=0.011090353294161063;
A(28,5)=0.011153332717765294;
A(29,5)=0.011094527335603047;
A(30,5)=0.011149436592461022;
A(31,5)=0.01109819638694745;
A(32,5)=0.011145948043415335;
A(33,5)=0.01110154866275768;
A(34,5)=0.011142688106558577;
A(35,5)=0.011104762383071237;
A(36,5)=0.011139468831808929;
A(37,5)=0.011108050158674195;
A(38,5)=0.01113602832096708;
A(39,5)=0.011111770488278183;
A(40,5)=0.011131801730091007;
A(41,5)=0.011117039411992944;
A(2,6)=0.00024318812124121957;
A(3,6)=-0.0004100857767361909;
A(4,6)=0.0006534220778433719;
A(5,6)=-0.0012403047396445071;
A(6,6)=0.00698425174500585;
A(7,6)=0.01521214162951557;
A(8,6)=0.013300547430126047;
A(9,6)=0.014416996659890623;
A(10,6)=0.013634763264245701;
A(11,6)=0.01423196603415695;
A(12,6)=0.013752381809359674;
A(13,6)=0.014150638873451143;
A(14,6)=0.013811905111993676;
A(15,6)=0.014105243681889536;
A(16,6)=0.013847625654755837;
A(17,6)=0.014076433325755314;
A(18,6)=0.013871334022190823;
A(19,6)=0.01405659372688207;
A(20,6)=0.013888175260962891;
A(21,6)=0.014042118603994439;
A(22,6)=0.0139007549468244;
A(23,6)=0.014031076347609082;
A(24,6)=0.013910537356401931;
A(25,6)=0.014022334740716498;
A(26,6)=0.013918413910594313;
A(27,6)=0.014015179904233701;
A(28,6)=0.013924965902987523;
A(29,6)=0.014009130375163735;
A(30,6)=0.013930599477592984;
A(31,6)=0.014003836389716457;
A(32,6)=0.01393562328403651;
A(33,6)=0.013999017345426357;
A(34,6)=0.013940302065449996;
A(35,6)=0.013994411589586463;
A(36,6)=0.013944909791241812;
A(37,6)=0.01398971119512275;
A(38,6)=0.013949823722562182;
A(39,6)=0.013984401915822401;
A(40,6)=0.013955851680842584;
A(41,6)=0.013976890715577131;
A(2,7)=-0.0002181571847977994;
A(3,7)=0.0003545272337412796;
A(4,7)=-0.0005176741957427363;
A(5,7)=0.0007940308698218899;
A(6,7)=-0.0014895072703521625;
A(7,7)=0.008365048820636961;
A(8,7)=0.018221844384375636;
A(9,7)=0.01592657174951072;
A(10,7)=0.017271486884512362;
A(11,7)=0.016325771114852616;
A(12,7)=0.017050421004108026;
A(13,7)=0.016466437137607724;
A(14,7)=0.016953006793985;
A(15,7)=0.016537873083374184;
A(16,7)=0.01689840565416693;
A(17,7)=0.01658094117548398;
A(18,7)=0.016863580535674435;
A(19,7)=0.016609675389425496;
A(20,7)=0.01683946895196336;
A(21,7)=0.01663020136451443;
A(22,7)=0.016821774543094425;
