tLegendre(2)=0.0026153325012239384;
tLegendre(3)=0.013728764390942384;
tLegendre(4)=0.033514456586991946;
tLegendre(5)=0.06162382086477917;
tLegendre(6)=0.09755579919058005;
tLegendre(7)=0.14066931843402491;
tLegendre(8)=0.1901950621181769;
tLegendre(9)=0.24524926107699624;
tLegendre(10)=0.3048494809848546;
tLegendre(11)=0.36793215951482755;
tLegendre(12)=0.43337158785076696;
tLegendre(13)=0.5;
tLegendre(14)=0.5666284121492331;
tLegendre(15)=0.6320678404851725;
tLegendre(16)=0.6951505190151455;
tLegendre(17)=0.7547507389230038;
tLegendre(18)=0.8098049378818231;
tLegendre(19)=0.8593306815659751;
tLegendre(20)=0.9024442008094199;
tLegendre(21)=0.9383761791352209;
tLegendre(22)=0.9664855434130081;
tLegendre(23)=0.9862712356090576;
tLegendre(24)=0.9973846674987761;
A(2,2)=0.003352964871785443;
A(3,2)=0.007255268728612183;
A(4,2)=0.006436827278865092;
A(5,2)=0.0068731164276363025;
A(6,2)=0.006589216353445334;
A(7,2)=0.006793315668760699;
A(8,2)=0.006637369933879899;
A(9,2)=0.006761544361604113;
A(10,2)=0.0066596799180440374;
A(11,2)=0.00674513248497833;
A(12,2)=0.006672202300897578;
A(13,2)=0.0067352866406584395;
A(14,2)=0.006680145479830144;
A(15,2)=0.0067287290243483585;
A(16,2)=0.006685677697666339;
A(17,2)=0.0067239609342929765;
A(18,2)=0.006689879881132452;
A(19,2)=0.006720165584353485;
A(20,2)=0.006693406424075527;
A(21,2)=0.006716773570223315;
A(22,2)=0.006696818231663547;
A(23,2)=0.006713117220366269;
A(24,2)=0.0067011879856586866;
A(2,3)=-0.0012692438138236595;
A(3,3)=0.007747001464244861;
A(4,3)=0.01684267708532137;
A(5,3)=0.014793572243940567;
A(6,3)=0.015948765411416394;
A(7,3)=0.015165856861773649;
A(8,3)=0.01574600050615325;
A(9,3)=0.015292332646468764;
A(10,3)=0.015660198439226242;
A(11,3)=0.015354026656672909;
A(12,3)=0.015613871390164843;
A(13,3)=0.015390029109308445;
A(14,3)=0.01558508172248091;
A(15,3)=0.015413633615718665;
A(16,3)=0.01556527783258882;
A(17,3)=0.015430625062430429;
A(18,3)=0.015550359564399183;
A(19,3)=0.015444055882382582;
A(20,3)=0.015537914111095594;
A(21,3)=0.015455998740911806;
A(22,3)=0.015525924797863222;
A(23,3)=0.015468827712643164;
A(24,3)=0.015510609542452966;
A(2,4)=0.0009638526167051021;
A(3,4)=-0.0020907175091256767;
A(4,4)=0.012009417932771167;
A(5,4)=0.026139742080643173;
A(6,4)=0.02289544020297982;
A(7,4)=0.02476173264572341;
A(8,4)=0.023474230153425042;
A(9,4)=0.024442675875258463;
A(10,4)=0.023675836450653704;
A(11,4)=0.02430413878838209;
A(12,4)=0.023776692991728302;
A(13,4)=0.024227486063216865;
A(14,4)=0.023836975667845;
A(15,4)=0.024178693855659492;
A(16,4)=0.02387749376741442;
A(17,4)=0.02414421970664829;
A(18,4)=0.02390755137794331;
A(19,4)=0.02411731808955226;
A(20,4)=0.023932354367005148;
A(21,4)=0.024093618133590393;
A(22,4)=0.023956062177139685;
A(23,4)=0.024068321214457143;
A(24,4)=0.023986200881676134;
A(2,5)=-0.000800694754898039;
A(3,5)=0.0014518636373398773;
A(4,5)=-0.002835918912534744;
A(5,5)=0.016058105352131462;
A(6,5)=0.03496775813748413;
A(7,5)=0.03059230097146126;
A(8,5)=0.03313340193716877;
A(9,5)=0.031364008979007554;
A(10,5)=0.03270616788930688;
A(11,5)=0.03163555655707786;
A(12,5)=0.03251829738900138;
A(13,5)=0.03177335255640101;
A(14,5)=0.03241271839697075;
A(15,5)=0.03185712578819464;
A(16,5)=0.03234423083374208;
A(17,5)=0.03191466481033431;
A(18,5)=0.03229458564377476;
A(19,5)=0.03195870741537534;
A(20,5)=0.03225428202215769;
A(21,5)=0.03199697459697713;
A(22,5)=0.032216204021633464;
A(23,5)=0.03203743503205414;
A(24,5)=0.032168144236961176;
A(2,6)=0.0006899268778704365;
A(3,6)=-0.001163489249224864;
A(4,6)=0.0018540530983762495;
A(5,6)=-0.003519635431711253;
A(6,6)=0.019820352944179737;
A(7,6)=0.0431696972464526;
A(8,6)=0.03774582541254518;
A(9,6)=0.040912237813657576;
A(10,6)=0.03869553233713595;
A(11,6)=0.04038554508413843;
A(12,6)=0.03903133511782508;
A(13,6)=0.04015223752199602;
A(14,6)=0.03920335952470013;
A(15,6)=0.04001958830542322;
A(16,6)=0.039309433767540626;
A(17,6)=0.03993203055806821;
A(18,6)=0.039383894181686925;
A(19,6)=0.03986676781715371;
A(20,6)=0.039443007700022646;
A(21,6)=0.03981112588450049;
A(22,6)=0.03949797675412965;
A(23,6)=0.03975305066349107;
A(24,6)=0.03956667689553601;
A(2,7)=-0.0006053992878214078;
A(3,7)=0.0009839272429866288;
A(4,7)=-0.001436931078185282;
A(5,7)=0.0022044200907365367;
A(6,7)=-0.004135886686527879;
A(7,7)=0.02322894151500879;
A(8,7)=0.05059983094221972;
A(9,7)=0.04422773105907064;
A(10,7)=0.047959222143767126;
A(11,7)=0.04533828725645358;
A(12,7)=0.0473427823710655;
A(13,7)=0.04573211009433807;
A(14,7)=0.04706829078453812;
A(15,7)=0.04593540213527256;
A(16,7)=0.0469105943477336;
A(17,7)=0.046062507268834645;
A(18,7)=0.046804563358603106;
A(19,7)=0.04615397069662739;
A(20,7)=0.046722821769379086;
A(21,7)=0.04623004577239829;
A(22,7)=0.046648370015698375;
A(23,7)=0.04630811966438185;
A(24,7)=0.04655650724041077;
A(2,8)=0.0005361957330221856;
A(3,8)=-0.0008529930285647023;
A(4,8)=0.0011891673786211786;
A(5,8)=-0.0016610819505043224;
A(6,8)=0.002506993401470332;
A(7,8)=-0.004675821958647578;
A(8,8)=0.026223022866135353;
A(9,8)=0.05712596026707001;
A(10,8)=0.04992194663867061;
A(11,8)=0.0541486947739215;
A(12,8)=0.05117379242648864;
A(13,8)=0.05345335841397326;
A(14,8)=0.05161879044704459;
A(15,8)=0.053142277639461284;
A(16,8)=0.051850214528849956;
A(17,8)=0.05296159767882791;
A(18,8)=0.051997179694022753;
A(19,8)=0.052837411226813964;
A(20,8)=0.052106274827316;
A(21,8)=0.052737333528370726;
A(22,8)=0.05220305180206596;
A(23,8)=0.05263680874670062;
A(24,8)=0.05232052222522088;
A(2,9)=-0.0004768536553194116;
A(3,9)=0.0007483993959518642;
A(4,9)=-0.001014624051349469;
A(5,9)=0.0013466823961643117;
A(6,9)=-0.0018443402566621983;
A(7,9)=0.0027601342023977037;
A(8,9)=-0.00513074380075526;
A(9,9)=0.02874916005560284;
A(10,9)=0.06263186043568227;
A(11,9)=0.054726607153544556;
A(12,9)=0.05937031314614732;
A(13,9)=0.05609792367638953;
A(14,9)=0.05860802602194318;
A(15,9)=0.05658667623326036;
A(16,9)=0.05826523743630406;
A(17,9)=0.05684301287032117;
A(18,9)=0.05806353661977578;
A(19,9)=0.057008985673258544;
A(20,9)=0.05792088269529233;
A(21,9)=0.05713748830471027;
A(22,9)=0.05779847455137259;
A(23,9)=0.05726312454247749;
A(24,9)=0.05765292405365213;
A(2,10)=0.00042432585025818116;
A(3,10)=-0.0006599393812690929;
A(4,10)=0.0008785972008813892;
A(5,10)=-0.0011301721125867162;
A(6,10)=0.0014669610111956541;
A(7,10)=-0.0019882352695816436;
A(8,10)=0.0029610247810906857;
A(9,10)=-0.005493007751850908;
A(10,10)=0.030762271076682383;
A(11,10)=0.06701941955457026;
A(12,10)=0.05855582165275174;
A(13,10)=0.0635309630148071;
A(14,10)=0.06002284579854941;
A(15,10)=0.06271460845626257;
A(16,10)=0.060547470762385244;
A(17,10)=0.06234516155937355;
A(18,10)=0.06082557159268065;
A(19,10)=0.062124071334066534;
A(20,10)=0.06101038971574283;
A(21,10)=0.061961356888363794;
A(22,10)=0.06116249263843423;
A(23,10)=0.061807564937209646;
A(24,10)=0.06133873676923578;
A(2,11)=-0.0003767902353677377;
A(3,11)=0.0005822814959768597;
A(4,11)=-0.0007655903790864096;
A(5,11)=0.0009646074148679633;
A(6,11)=-0.0012110535407250462;
A(7,11)=0.0015532595583051152;
A(8,11)=-0.002092447593353946;
A(9,11)=0.003106957384270969;
A(10,11)=-0.005756411303083784;
A(11,11)=0.03222643054702054;
A(12,11)=0.07021042478899149;
A(13,11)=0.06134117730948683;
A(14,11)=0.06655640647118151;
A(15,11)=0.06287861348273237;
A(16,11)=0.0656995697314198;
A(17,11)=0.06343095199967448;
A(18,11)=0.06530848591335481;
A(19,11)=0.06372800265588253;
A(20,11)=0.06506889593122987;
A(21,11)=0.06393291295132031;
A(22,11)=0.0648818287962841;
A(23,11)=0.06411853611836085;
A(24,11)=0.06467199236042562;
A(2,12)=0.00033310860769862366;
A(3,12)=-0.0005123924710442151;
A(4,12)=0.0006676996976929975;
A(5,12)=-0.0008291953052677523;
A(6,12)=0.001018126357864637;
A(7,12)=-0.0012615251033645262;
A(8,12)=0.0016066537063972005;
A(9,12)=-0.0021563066075684437;
A(10,12)=0.0031958203845993717;
A(11,12)=-0.005916406316880193;
A(12,12)=0.03311550985117415;
A(13,12)=0.07214797646628086;
A(14,12)=0.06303294611375353;
