tLegendre(2)=0.0005450045755482524;
tLegendre(3)=0.002869369781623713;
tLegendre(4)=0.007042004132048502;
tLegendre(5)=0.013048315990338066;
tLegendre(6)=0.020866075693045903;
tLegendre(7)=0.030466227998518808;
tLegendre(8)=0.04181306884510989;
tLegendre(9)=0.05486439098523635;
tLegendre(10)=0.06957164440885381;
tLegendre(11)=0.08588011808846759;
tLegendre(12)=0.1037291439503094;
tLegendre(13)=0.12305232275731223;
tLegendre(14)=0.14377777121148166;
tLegendre(15)=0.16582838941231495;
tLegendre(16)=0.18912214769963837;
tLegendre(17)=0.2135723918243481;
tLegendre(18)=0.23908816531690708;
tLegendre(19)=0.2655745478569795;
tLegendre(20)=0.29293300838684805;
tLegendre(21)=0.32106177165579525;
tLegendre(22)=0.34985619683233404;
tLegendre(23)=0.37920916677610067;
tLegendre(24)=0.40901148652146124;
tLegendre(25)=0.4391522894905556;
tLegendre(26)=0.4695194499247106;
tLegendre(27)=0.5;
tLegendre(28)=0.5304805500752894;
tLegendre(29)=0.5608477105094444;
tLegendre(30)=0.5909885134785388;
tLegendre(31)=0.6207908332238994;
tLegendre(32)=0.650143803167666;
tLegendre(33)=0.6789382283442048;
tLegendre(34)=0.7070669916131519;
tLegendre(35)=0.7344254521430206;
tLegendre(36)=0.7609118346830929;
tLegendre(37)=0.7864276081756519;
tLegendre(38)=0.8108778523003617;
tLegendre(39)=0.8341716105876851;
tLegendre(40)=0.8562222287885183;
tLegendre(41)=0.8769476772426877;
tLegendre(42)=0.8962708560496906;
tLegendre(43)=0.9141198819115324;
tLegendre(44)=0.9304283555911462;
tLegendre(45)=0.9451356090147637;
tLegendre(46)=0.9581869311548901;
tLegendre(47)=0.9695337720014812;
tLegendre(48)=0.9791339243069541;
tLegendre(49)=0.9869516840096619;
tLegendre(50)=0.9929579958679515;
tLegendre(51)=0.9971306302183763;
tLegendre(52)=0.9994549954244517;
A(2,2)=0.0006992017927724739;
A(3,2)=0.0015129590906268402;
A(4,2)=0.0013422851321869776;
A(5,2)=0.0014332716783035902;
A(6,2)=0.001374057165452803;
A(7,2)=0.001416639419798346;
A(8,2)=0.0013840867112306324;
A(9,2)=0.001410029912437279;
A(10,2)=0.0013887187814299784;
A(11,2)=0.0014066329932772522;
A(12,2)=0.001391298494506367;
A(13,2)=0.0014046186672746536;
A(14,2)=0.0013929074181294253;
A(15,2)=0.0014033090698385312;
A(16,2)=0.0013939905427472117;
A(17,2)=0.0014024008807263012;
A(18,2)=0.001394761185059007;
A(19,2)=0.001401740064033496;
A(20,2)=0.0013953331238720904;
A(21,2)=0.0014012409062164517;
A(22,2)=0.0013957720559077428;
A(23,2)=0.0014008522752014237;
A(24,2)=0.0013961183269319056;
A(25,2)=0.0014005419397414625;
A(26,2)=0.0013963979774617643;
A(27,2)=0.001400288642047316;
A(28,2)=0.0013966285284881513;
A(29,2)=0.001400077810283864;
A(30,2)=0.0013968222033952954;
A(31,2)=0.001399899105879746;
A(32,2)=0.001396987817916266;
A(33,2)=0.0013997449501216097;
A(34,2)=0.001397131942055702;
A(35,2)=0.0013996095970662936;
A(36,2)=0.001397259649135122;
A(37,2)=0.0013994885197112735;
A(38,2)=0.001397375027419575;
A(39,2)=0.0013993779743412627;
A(40,2)=0.0013974815615859428;
A(41,2)=0.0013992746539078314;
A(42,2)=0.0013975824633418014;
A(43,2)=0.0013991753527305402;
A(44,2)=0.001397681037236775;
A(45,2)=0.0013990765337157254;
A(46,2)=0.0013977812375787395;
A(47,2)=0.0013989735490990334;
A(48,2)=0.0013978888541558592;
A(49,2)=0.0013988586681611633;
A(50,2)=0.0013980151570704574;
A(51,2)=0.0013987133003147065;
A(52,2)=0.0013981980439758028;
A(2,3)=-0.0002662498457743963;
A(3,3)=0.00162508444581315;
A(4,3)=0.003533083787305504;
A(5,3)=0.0031032277507983;
A(6,3)=0.0033455887479302256;
A(7,3)=0.0031812916197730885;
A(8,3)=0.0033030963740887783;
A(9,3)=0.0032077675071546614;
A(10,3)=0.003285168187471339;
A(11,3)=0.003220620304287543;
A(12,3)=0.003275560375239531;
A(13,3)=0.0032280369317085208;
A(14,3)=0.0032696870598006114;
A(15,3)=0.003232786098197318;
A(16,3)=0.003265779524519606;
A(17,3)=0.0032360489303650676;
A(18,3)=0.0032630202065206974;
A(19,3)=0.0032384084170743134;
A(20,3)=0.003260982818960391;
A(21,3)=0.0032401830448158513;
A(22,3)=0.003259424924218056;
A(23,3)=0.0032415604184396424;
A(24,3)=0.0032581992153662602;
A(25,3)=0.00324265772565634;
A(26,3)=0.003257211355430965;
A(27,3)=0.003243551734517511;
A(28,3)=0.0032563982460128644;
A(29,3)=0.0032442947941976785;
A(30,3)=0.0032557160705404906;
A(31,3)=0.003244923892202861;
A(32,3)=0.0032551333456800648;
A(33,3)=0.0032454660501920704;
A(34,3)=0.0032546266813842377;
A(35,3)=0.0032459416958869115;
A(36,3)=0.0032541780649332315;
A(37,3)=0.003246366882168155;
A(38,3)=0.0032537730167236435;
A(39,3)=0.003246754852760452;
A(40,3)=0.0032533992235871346;
A(41,3)=0.003247117279957968;
A(42,3)=0.0032530453623189582;
A(43,3)=0.003247465453524117;
A(44,3)=0.003252699806947851;
A(45,3)=0.0032478118056333107;
A(46,3)=0.003252348670846945;
A(47,3)=0.003248172646054608;
A(48,3)=0.00325197164909916;
A(49,3)=0.003248575073669854;
A(50,3)=0.0032515292499857517;
A(51,3)=0.0032490842158912755;
A(52,3)=0.0032508887305342897;
A(2,4)=0.0002043677478723257;
A(3,4)=-0.00044329116879432683;
A(4,4)=0.0025462978244554326;
A(5,4)=0.0055422951420805305;
A(6,4)=0.004854370304624421;
A(7,4)=0.005250179249596232;
A(8,4)=0.004977008979752291;
A(9,4)=0.005182636899575039;
A(10,4)=0.005019618131044739;
A(11,4)=0.005153435973004285;
A(12,4)=0.0050407875501215;
A(13,4)=0.005137448410892968;
A(14,4)=0.005053244558134431;
A(15,4)=0.005127499556722811;
A(16,4)=0.0050613515466339624;
A(17,4)=0.00512078209645535;
A(18,4)=0.0050669970157288914;
A(19,4)=0.005115979396171049;
A(20,4)=0.005071126387256842;
A(21,4)=0.005112395521331449;
A(22,4)=0.0050742629381084065;
A(23,4)=0.005109629707828768;
A(24,4)=0.005076718601624626;
A(25,4)=0.005107435657721716;
A(26,4)=0.005078690367658367;
A(27,4)=0.005105653970977598;
A(28,4)=0.005080308604334814;
A(29,4)=0.005104176962322467;
A(30,4)=0.005081663092762642;
A(31,4)=0.005102929109647617;
A(32,4)=0.0050828179119666965;
A(33,4)=0.005101855574846617;
A(34,4)=0.005083820402655465;
A(35,4)=0.005100915116257002;
A(36,4)=0.005084706845142394;
A(37,4)=0.005100075473564012;
A(38,4)=0.005085506275102494;
A(39,4)=0.005099310145268904;
A(40,4)=0.005086243281095745;
A(41,4)=0.005098595869914954;
A(42,4)=0.00508694038389955;
A(43,4)=0.0050979102367938465;
A(44,4)=0.005087620618801501;
A(45,4)=0.005097228655802208;
A(46,4)=0.00508831141001044;
A(47,4)=0.005096518960582204;
A(48,4)=0.0050890527589461665;
A(49,4)=0.00509572781143481;
A(50,4)=0.005089922348888842;
A(51,4)=0.005094727155085867;
A(52,4)=0.0050911811007936045;
A(2,5)=-0.00017245292082337723;
A(3,5)=0.0003126888308488784;
A(4,5)=-0.0006107424318328631;
A(5,5)=0.0034581585016194554;
A(6,5)=0.007530439642249032;
A(7,5)=0.006588054221686111;
A(8,5)=0.007135526756856342;
A(9,5)=0.006754080546829228;
A(10,5)=0.00704373304434269;
A(11,5)=0.006812289282516828;
A(12,5)=0.007003611926162111;
A(13,5)=0.006841546801780101;
A(14,5)=0.006981387799839682;
A(15,5)=0.006858960069209848;
A(16,5)=0.006967406427517723;
A(17,5)=0.006870410566822895;
A(18,5)=0.0069578732753831415;
A(19,5)=0.006878458462078725;
A(20,5)=0.006950997664348827;
A(21,5)=0.0068843939412624065;
A(22,5)=0.0069458265564781435;
A(23,5)=0.006888936134754648;
A(24,5)=0.006941807232310764;
A(25,5)=0.006892516776193734;
A(26,5)=0.0069385975946637014;
A(27,5)=0.006895410444221987;
A(28,5)=0.00693597467020576;
A(29,5)=0.00689780015858363;
A(30,5)=0.006933786724576189;
A(31,5)=0.0068998129118579814;
A(32,5)=0.006931926499212657;
A(33,5)=0.0069015401115271316;
A(34,5)=0.006930315387665198;
A(35,5)=0.0069030499911307015;
A(36,5)=0.006928893567849991;
A(37,5)=0.006904395572814613;
A(38,5)=0.006927613465741033;
A(39,5)=0.006905620147178412;
A(40,5)=0.006926435034678131;
A(41,5)=0.006906761488791581;
A(42,5)=0.006925321807955873;
A(43,5)=0.006907855784509211;
A(44,5)=0.00692423669000849;
A(45,5)=0.006908942534543633;
A(46,5)=0.0069231357275883285;
A(47,5)=0.006910073191769484;
A(48,5)=0.006921955037955272;
A(49,5)=0.006911332833048324;
A(50,5)=0.006920570831819608;
A(51,5)=0.006912925379418797;
A(52,5)=0.006918567780960698;
A(2,6)=0.0001517182931695327;
A(3,6)=-0.0002558398517002748;
A(4,6)=0.0004076468908679586;
