tLegendre(2)=0.0037965780782077984;
tLegendre(3)=0.019895923932584984;
tLegendre(4)=0.04842204819259105;
tLegendre(5)=0.08864267173142859;
tLegendre(6)=0.1395169113323853;
tLegendre(7)=0.19972734766915948;
tLegendre(8)=0.2677146293120195;
tLegendre(9)=0.34171795001818506;
tLegendre(10)=0.4198206771798873;
tLegendre(11)=0.5;
tLegendre(12)=0.5801793228201126;
tLegendre(13)=0.6582820499818149;
tLegendre(14)=0.7322853706879805;
tLegendre(15)=0.8002726523308406;
tLegendre(16)=0.8604830886676147;
tLegendre(17)=0.9113573282685714;
tLegendre(18)=0.951577951807409;
tLegendre(19)=0.980104076067415;
tLegendre(20)=0.9962034219217922;
A(2,2)=-131.19563623652581;
A(3,2)=-18.027155969099322;
A(4,2)=3.4085550097882855;
A(5,2)=-1.1761888899586281;
A(6,2)=0.5462165469005628;
A(7,2)=-0.3052395833920784;
A(8,2)=0.1944223815334579;
A(9,2)=-0.13695963121859003;
A(10,2)=0.10480307416388698;
A(11,2)=-0.08616788438032663;
A(12,2)=0.07564522864340995;
A(13,2)=-0.07071445963065726;
A(14,2)=0.07043564234766854;
A(15,2)=-0.07508803894674394;
A(16,2)=0.08653421159075635;
A(17,2)=-0.10995961723815761;
A(18,2)=0.16048887848897384;
A(19,2)=-0.29726845211685393;
A(20,2)=1.0076512533176487;
A(2,3)=214.0209676736662;
A(3,3)=-24.62062571117637;
A(4,3)=-18.372780880918253;
A(5,3)=5.001742396297656;
A(6,3)=-2.135339532216369;
A(7,3)=1.1458887809509053;
A(8,3)=-0.7134208934174142;
A(9,3)=0.4955152518866503;
A(10,3)=-0.37564600869420145;
A(11,3)=0.30685580639160975;
A(12,3)=-0.26813240876608585;
A(13,3)=0.2497982268276625;
A(14,3)=-0.24817751442357974;
A(15,3)=0.2640606817493479;
A(16,3)=-0.30387261903774965;
A(17,3)=0.3857189121150805;
A(18,3)=-0.5625355161206927;
A(19,3)=1.0414408561067732;
A(20,3)=-3.529213476044534;
A(2,4)=-147.32080526129553;
A(3,4)=66.88666850460744;
A(4,4)=-9.800431623779454;
A(5,4)=-16.311992535898064;
A(6,4)=5.350110727323455;
A(7,4)=-2.5985809200734216;
A(8,4)=1.5382903065720217;
A(9,4)=-1.0374068977953033;
A(10,4)=0.7717899212251567;
A(11,4)=-0.6224713165969854;
A(12,4)=0.5390461631390367;
A(13,4)=-0.49891317803479157;
A(14,4)=0.4932793450718362;
A(15,4)=-0.5229483918237412;
A(16,4)=0.6001612935441213;
A(17,4)=-0.7602870413374652;
A(18,4)=1.1072285482468425;
A(19,4)=-2.0479276834957014;
A(20,4)=6.936473299266596;
A(2,5)=118.1025359600061;
A(3,5)=-42.303311354815996;
A(4,5)=37.896175906021696;
A(5,5)=-5.091991981319698;
A(6,5)=-14.601682935846151;
A(7,5)=5.394862984348707;
A(8,5)=-2.8713018332008287;
A(9,5)=1.8325236563745408;
A(10,5)=-1.319234801814901;
A(11,5)=1.041542561511764;
A(12,5)=-0.8888483685104185;
A(13,5)=0.8141404053358857;
A(14,5)=-0.7988432726877245;
A(15,5)=0.8421323197204983;
A(16,5)=-0.9624392555188714;
A(17,5)=1.2154882522806416;
A(18,5)=-1.7663060716945769;
A(19,5)=3.262300602830589;
A(20,5)=-11.041176940104247;
A(2,6)=-99.39060012564322;
A(3,6)=32.72791162507198;
A(4,6)=-22.52420411181136;
A(5,6)=26.460693609374772;
A(6,6)=-3.0027259893180718;
A(7,6)=-13.398678063549795;
A(8,6)=5.399148717876162;
A(9,6)=-3.0875577238093492;
A(10,6)=2.0982334606699764;
A(11,6)=-1.599965138131716;
A(12,6)=1.3346787139556395;
A(13,6)=-1.203448983449344;
A(14,6)=1.1676710083678286;
A(15,6)=-1.2209356687892687;
A(16,6)=1.3870276185439245;
A(17,6)=-1.7441010306695748;
A(18,6)=2.5267057383986824;
A(19,6)=-4.657393389249032;
A(20,6)=15.745929467366347;
A(2,7)=85.34023986506833;
A(3,7)=-26.98524512072198;
A(4,7)=16.809526327163606;
A(5,7)=-15.021429918998903;
A(6,7)=20.587067988466316;
A(7,7)=-1.8786257437452285;
A(8,7)=-12.619559071597072;
A(9,7)=5.450108392315092;
A(10,7)=-3.3123951027207363;
A(11,7)=2.380926059617664;
A(12,7)=-1.916236777384515;
A(13,7)=1.687615827706979;
A(14,7)=-1.6110348163491253;
A(15,7)=1.6651533068988909;
A(16,7)=-1.875967577076702;
A(17,7)=2.3448290827598495;
A(18,7)=-3.3828135549693314;
A(19,7)=6.218528658460098;
A(20,7)=-20.99344778125202;
A(2,8)=-73.8440571820908;
A(3,8)=22.823697793096002;
A(4,8)=-13.518042825937549;
A(5,8)=10.860904357211032;
A(6,8)=-11.26974581807859;
A(7,8)=17.143538423065085;
A(8,8)=-1.184866434796897;
A(9,8)=-12.188259026238061;
A(10,8)=5.586382570465134;
A(11,8)=-3.5873022663293095;
A(12,8)=2.719419481066533;
A(13,8)=-2.309387813304282;
A(14,8)=2.1525247092363373;
A(15,8)=-2.1885738731663564;
A(16,8)=2.4373019064793198;
A(17,8)=-3.0216817614715703;
A(18,8)=4.334793818399003;
A(19,8)=-7.939672976372133;
A(20,8)=26.752339726295634;
A(2,9)=63.94051097836508;
A(3,9)=-19.485495054186856;
A(4,9)=11.205697109186723;
A(5,9)=-8.520223046900622;
A(6,9)=7.921695595255064;
A(7,9)=-9.100717999439524;
A(8,9)=14.981521044621571;
A(9,9)=-0.7036421729541561;
A(10,9)=-12.061965288970587;
A(11,9)=5.836671903634637;
A(12,9)=-3.9506288709530453;
A(13,9)=3.1589178940849276;
A(14,9)=-2.838645129770392;
A(15,9)=2.818020236259551;
A(16,9)=-3.087669078310492;
A(17,9)=3.785303300629303;
A(18,9)=-5.389081149085198;
A(19,9)=9.822991512092743;
A(20,9)=-33.013513851587184;
A(2,10)=-55.130127958573595;
A(3,10)=16.644266090957814;
A(4,10)=-9.39334567652995;
A(5,10)=6.911223344103377;
A(6,10)=-6.065803348963392;
A(7,10)=6.232239081566929;
A(8,10)=-7.7370670646603505;
A(9,10)=13.590941035905566;
A(10,10)=-0.32918217646022474;
A(11,10)=-12.23067118118951;
A(12,10)=6.236021737446962;
A(13,10)=-4.451410922975004;
A(14,10)=3.766360544871124;
A(15,10)=-3.605380808509936;
A(16,10)=3.8584355671828874;
A(17,10)=-4.6565096564813935;
A(18,10)=6.560654404419145;
A(19,10)=-11.880512652392495;
A(20,10)=39.792068771239904;
A(2,11)=47.13408275552138;
A(3,11)=-14.13822432786873;
A(4,11)=7.8779858628991;
A(5,11)=-5.673936893324207;
A(6,11)=4.809718833874371;
A(7,11)=-4.658247196339337;
A(8,11)=5.1664033637333215;
A(9,11)=-6.838665887905013;
A(10,11)=12.718179250774012;
A(11,11)=0.;
A(12,11)=-12.718179250774012;
A(13,11)=6.838665887905013;
A(14,11)=-5.1664033637333215;
A(15,11)=4.658247196339337;
A(16,11)=-4.809718833874371;
A(17,11)=5.673936893324207;
A(18,11)=-7.8779858628991;
A(19,11)=14.13822432786873;
A(20,11)=-47.13408275552138;
A(2,12)=-39.792068771239904;
A(3,12)=11.880512652392495;
A(4,12)=-6.560654404419145;
A(5,12)=4.6565096564813935;
A(6,12)=-3.8584355671828874;
A(7,12)=3.605380808509936;
A(8,12)=-3.766360544871124;
A(9,12)=4.451410922975004;
A(10,12)=-6.236021737446962;
A(11,12)=12.23067118118951;
A(12,12)=0.32918217646022474;
A(13,12)=-13.590941035905566;
A(14,12)=7.7370670646603505;
A(15,12)=-6.232239081566929;
A(16,12)=6.065803348963392;
A(17,12)=-6.911223344103377;
A(18,12)=9.39334567652995;
A(19,12)=-16.644266090957814;
A(20,12)=55.130127958573595;
A(2,13)=33.013513851587184;
A(3,13)=-9.822991512092743;
A(4,13)=5.389081149085198;
A(5,13)=-3.785303300629303;
A(6,13)=3.087669078310492;
A(7,13)=-2.818020236259551;
A(8,13)=2.838645129770392;
A(9,13)=-3.1589178940849276;
A(10,13)=3.9506288709530453;
A(11,13)=-5.836671903634637;
A(12,13)=12.061965288970587;
A(13,13)=0.7036421729541561;
A(14,13)=-14.981521044621571;
A(15,13)=9.100717999439524;
A(16,13)=-7.921695595255064;
A(17,13)=8.520223046900622;
A(18,13)=-11.205697109186723;
A(19,13)=19.485495054186856;
A(20,13)=-63.94051097836508;
A(2,14)=-26.752339726295634;
A(3,14)=7.939672976372133;
A(4,14)=-4.334793818399003;
A(5,14)=3.0216817614715703;
A(6,14)=-2.4373019064793198;
A(7,14)=2.1885738731663564;
A(8,14)=-2.1525247092363373;
A(9,14)=2.309387813304282;
A(10,14)=-2.719419481066533;
A(11,14)=3.5873022663293095;
A(12,14)=-5.586382570465134;
A(13,14)=12.188259026238061;
A(14,14)=1.184866434796897;
A(15,14)=-17.143538423065085;
A(16,14)=11.26974581807859;
A(17,14)=-10.860904357211032;
A(18,14)=13.518042825937549;
A(19,14)=-22.823697793096002;
A(20,14)=73.8440571820908;
A(2,15)=20.99344778125202;
A(3,15)=-6.218528658460098;
A(4,15)=3.3828135549693314;
A(5,15)=-2.3448290827598495;
A(6,15)=1.875967577076702;
A(7,15)=-1.6651533068988909;
A(8,15)=1.6110348163491253;
A(9,15)=-1.687615827706979;
A(10,15)=1.916236777384515;
A(11,15)=-2.380926059617664;
A(12,15)=3.3123951027207363;
A(13,15)=-5.450108392315092;
A(14,15)=12.619559071597072;
A(15,15)=1.8786257437452285;
A(16,15)=-20.587067988466316;
