tLegendre(2)=0.015919880246186954;
tLegendre(3)=0.0819844463366821;
tLegendre(4)=0.1933142836497048;
tLegendre(5)=0.33787328829809554;
tLegendre(6)=0.5;
tLegendre(7)=0.6621267117019045;
tLegendre(8)=0.8066857163502952;
tLegendre(9)=0.9180155536633179;
tLegendre(10)=0.984080119753813;
A(2,2)=0.020318597090393603;
A(3,2)=0.043965527226528404;
A(4,2)=0.039008653396284336;
A(5,2)=0.04164508702732281;
A(6,2)=0.03994037286983474;
A(7,2)=0.04114776765571589;
A(8,2)=0.04025466206786915;
A(9,2)=0.040917468418428145;
A(10,2)=0.04045941571804241;
A(2,3)=-0.007397868566148787;
A(3,3)=0.04516204017371435;
A(4,3)=0.09818151195984816;
A(5,3)=0.08625547277250378;
A(6,3)=0.09294337227271708;
A(7,3)=0.08847139414660618;
A(8,3)=0.0916857523305017;
A(9,3)=0.08933690824376275;
A(10,3)=0.09094704443907761;
A(2,4)=0.005222003592100054;
A(3,4)=-0.011335464012335048;
A(4,4)=0.06515267410073386;
A(5,4)=0.14179521604114548;
A(6,4)=0.12425711041077567;
A(7,4)=0.13423818811650645;
A(8,4)=0.1275345193087087;
A(9,4)=0.13226975394142124;
A(10,4)=0.12907873841265516;
A(2,5)=-0.0038734512917449806;
A(3,5)=0.007034766801734682;
A(4,5)=-0.013770833986608572;
A(5,5)=0.07808676926000072;
A(6,5)=0.17000044525525349;
A(7,5)=0.14887311025782118;
A(8,5)=0.1608871249878006;
A(9,5)=0.15297017836801657;
A(10,5)=0.15813573270839265;
A(2,6)=0.0028313694500698397;
A(3,6)=-0.00478827613101664;
A(4,6)=0.007664175624642139;
A(5,6)=-0.014618957875912558;
A(6,6)=0.08255983875031495;
A(7,6)=0.17973863537654244;
A(8,6)=0.15745550187598775;
A(9,6)=0.1699079536316465;
A(10,6)=0.16228830805056005;
A(2,7)=-0.0019621941883912193;
A(3,7)=0.003203360151984856;
A(4,7)=-0.004713586467799195;
A(5,7)=0.007300428262180227;
A(6,7)=-0.013826906735252064;
A(7,7)=0.07808676926000072;
A(8,7)=0.16994437250661;
A(9,7)=0.14913877171826673;
A(10,7)=0.1600469898117464;
A(2,8)=0.0012266097888125607;
A(3,8)=-0.0019644057399535084;
A(4,8)=0.00277082889275902;
A(5,8)=-0.003932839915038731;
A(6,8)=0.006048237790692061;
A(7,8)=-0.011489867839677733;
A(8,8)=0.06515267410073386;
A(9,8)=0.14164081221380279;
A(10,8)=0.12508334460936768;
A(2,9)=-0.0006229640916489145;
A(3,9)=0.000987172103665947;
A(4,9)=-0.001361671983073004;
A(5,9)=0.0018526862008225238;
A(6,9)=-0.002619291925288385;
A(7,9)=0.0040686075749249255;
A(8,9)=-0.007857431612419457;
A(9,9)=0.04516204017371435;
A(10,9)=0.0977219489135775;
A(2,10)=0.00017777846274479866;
A(3,10)=-0.00028027423764094073;
A(4,10)=0.0003825321129180557;
A(5,10)=-0.0005105734749286861;
A(6,10)=0.0006968213109524627;
A(7,10)=-0.0010078928465356025;
A(8,10)=0.0016285407845028723;
A(9,10)=-0.0033283330457411983;
A(10,10)=0.020318597090393603;
