tLegendre(2)=0.0012876528767723913;
tLegendre(3)=0.006772136884678756;
tLegendre(4)=0.016588545155003617;
tLegendre(5)=0.030652813694415824;
tLegendre(6)=0.04884161612828321;
tLegendre(7)=0.07099517366174797;
tLegendre(8)=0.0969188218629167;
tLegendre(9)=0.12638475177521893;
tLegendre(10)=0.1591340200151286;
tLegendre(11)=0.19487882708181048;
tLegendre(12)=0.2333050476068262;
tLegendre(13)=0.27407499136377467;
tLegendre(14)=0.31683037112596335;
tLegendre(15)=0.3611954514237515;
tLegendre(16)=0.4067803505860042;
tLegendre(17)=0.4531844670726333;
tLegendre(18)=0.5;
tLegendre(19)=0.5468155329273667;
tLegendre(20)=0.5932196494139957;
tLegendre(21)=0.6388045485762485;
tLegendre(22)=0.6831696288740366;
tLegendre(23)=0.7259250086362253;
tLegendre(24)=0.7666949523931739;
tLegendre(25)=0.8051211729181895;
tLegendre(26)=0.8408659799848714;
tLegendre(27)=0.8736152482247811;
tLegendre(28)=0.9030811781370833;
tLegendre(29)=0.929004826338252;
tLegendre(30)=0.9511583838717168;
tLegendre(31)=0.9693471863055841;
tLegendre(32)=0.9834114548449964;
tLegendre(33)=0.9932278631153213;
tLegendre(34)=0.9987123471232277;
A(2,2)=-387.8027630547847;
A(3,2)=-52.3503754388019;
A(4,2)=9.64423261973209;
A(5,2)=-3.2039481511979857;
A(6,2)=1.4147811572871736;
A(7,2)=-0.742002526361818;
A(8,2)=0.43741841704546175;
A(9,2)=-0.28091510164972666;
A(10,2)=0.19274006808600172;
A(11,2)=-0.13946407648942655;
A(12,2)=0.10547074653658647;
A(13,2)=-0.0828255128357485;
A(14,2)=0.06721745853551027;
A(15,2)=-0.05617344788472154;
A(16,2)=0.0482102338822954;
A(17,2)=-0.042405976396889256;
A(18,2)=0.03817226238001089;
A(19,2)=-0.03512767419850635;
A(20,2)=0.033025580486415976;
A(21,2)=-0.03171251162340011;
A(22,2)=0.031105059712243057;
A(23,2)=-0.03117939066445946;
A(24,2)=0.0319712757470616;
A(25,2)=-0.033587818439840905;
A(26,2)=0.036236427938971416;
A(27,2)=-0.04028493932846811;
A(28,2)=0.046386266242099544;
A(29,2)=-0.05575315193948864;
A(30,2)=0.07082906017337036;
A(31,2)=-0.09718870530418561;
A(32,2)=0.15025128616677066;
A(33,2)=-0.2894476843850858;
A(34,2)=1.0025819550773107;
A(2,3)=635.0510675383241;
A(3,3)=-73.32853023275499;
A(4,3)=-52.35717998247743;
A(5,3)=13.721944446639814;
A(6,3)=-5.569975355515916;
A(7,3)=2.805037092245748;
A(8,3)=-1.6161854525366555;
A(9,3)=1.0232688773539391;
A(10,3)=-0.6954640610505818;
A(11,3)=0.499905704178533;
A(12,3)=-0.37624062357235544;
A(13,3)=0.2943941464446105;
A(14,3)=-0.2382546611776546;
A(15,3)=0.1986755759281528;
A(16,3)=-0.1702149853584576;
A(17,3)=0.1495114971029011;
A(18,3)=-0.13442958048426112;
A(19,3)=0.1235896527958281;
A(20,3)=-0.11610142559012074;
A(21,3)=0.1114108308938713;
A(22,3)=-0.10921509972964447;
A(23,3)=0.1094237383700083;
A(24,3)=-0.11215728999099737;
A(25,3)=0.11778758810919782;
A(26,3)=-0.12703871976487954;
A(27,3)=0.14119725306139114;
A(28,3)=-0.16254857883912033;
A(29,3)=0.1953389880845369;
A(30,3)=-0.24812513243797943;
A(31,3)=0.34042989243125804;
A(32,3)=-0.5262530855958859;
A(33,3)=1.0137302398974475;
A(34,3)=-3.5112271769688657;
A(2,4)=-442.8929912803066;
A(3,4)=198.2067898474431;
A(4,4)=-29.632846762447222;
A(5,4)=-45.3331897556629;
A(6,4)=14.135802799573796;
A(7,4)=-6.442416108651577;
A(8,4)=3.5288470200270803;
A(9,4)=-2.168955064848505;
A(10,4)=1.4463344452219777;
A(11,4)=-1.02620896166522;
A(12,4)=0.7652020910542408;
A(13,4)=-0.5946337214568879;
A(14,4)=0.4787233633545012;
A(15,4)=-0.3975702939706697;
A(16,4)=0.33951557109476066;
A(17,4)=-0.2974419621897233;
A(18,4)=0.26686809106582376;
A(19,4)=-0.24491764978768546;
A(20,4)=0.22974167137175558;
A(21,4)=-0.22018956162533057;
A(22,4)=0.21562684609438854;
A(23,4)=-0.21584978584409625;
A(24,4)=0.22107786207649596;
A(25,4)=-0.2320298217844395;
A(26,4)=0.2501201920482947;
A(27,4)=-0.2778712000420363;
A(28,4)=0.31976944537609064;
A(29,4)=-0.3841559462910066;
A(30,4)=0.4878426759256217;
A(31,4)=-0.6691916787044982;
A(32,4)=1.0343155814549796;
A(33,4)=-1.9922183505334135;
A(34,4)=6.900003784434121;
A(2,5)=361.95097717163463;
A(3,5)=-127.78829658261472;
A(4,5)=111.51914256215045;
A(5,5)=-15.79590521421764;
A(6,5)=-39.31461401887621;
A(7,5)=13.627175770512498;
A(8,5)=-6.709464456082351;
A(9,5)=3.9016437363950565;
A(10,5)=-2.516802464209247;
A(11,5)=1.7473829586108507;
A(12,5)=-1.2834628646848953;
A(13,5)=0.9865300893408653;
A(14,5)=-0.7877471032671699;
A(15,5)=0.6500952414149219;
A(16,5)=-0.5524198595220311;
A(17,5)=0.48204683404001036;
A(18,5)=-0.4311078583088763;
A(19,5)=0.39460433348487794;
A(20,5)=-0.36934335246806144;
A(21,5)=0.35333977286824764;
A(22,5)=-0.345486180037704;
A(23,5)=0.3453946589994142;
A(24,5)=-0.35337191037980253;
A(25,5)=0.37053255144128544;
A(26,5)=-0.3991070870312464;
A(27,5)=0.44309437916295435;
A(28,5)=-0.509622846498175;
A(29,5)=0.6119565855417956;
A(30,5)=-0.7768402172898942;
A(31,5)=1.0653094651226018;
A(32,5)=-1.6462040862573413;
A(33,5)=3.1703200831895293;
A(34,5)=-10.979436992993412;
A(2,6)=-312.56280615507484;
A(3,6)=101.44075060402365;
A(4,6)=-68.00445705132447;
A(5,6)=76.88431907509376;
A(6,6)=-9.711496679708686;
A(7,6)=-34.702883202674045;
A(8,6)=12.932465423207903;
A(9,6)=-6.736014005396058;
A(10,6)=4.100010903129224;
A(11,6)=-2.747947266782635;
A(12,6)=1.9718155976648544;
A(13,6)=-1.491006759234753;
A(14,6)=1.1763801681992596;
A(15,6)=-0.9620541353531777;
A(16,6)=0.8117785898682905;
A(17,6)=-0.7044344603485143;
A(18,6)=0.6271811596555364;
A(19,6)=-0.5719838497398329;
A(20,6)=0.5337595996729491;
A(21,6)=-0.5093562364885269;
A(22,6)=0.4969931176696115;
A(23,6)=-0.4959868881696666;
A(24,6)=0.5066882788073526;
A(25,6)=-0.5306272675036565;
A(26,6)=0.5709421062080838;
A(27,6)=-0.6333030390561429;
A(28,6)=0.7278482857261945;
A(29,6)=-0.8734656376107185;
A(30,6)=1.108258247822279;
A(31,6)=-1.5192017682738694;
A(32,6)=2.3469113691786503;
A(33,6)=-4.518870923424409;
A(34,6)=15.648024212851169;
A(2,7)=277.3545802360608;
A(3,7)=-86.43302583105825;
A(4,7)=52.43817874753374;
A(5,7)=-45.08909742844853;
A(6,7)=58.71478657485517;
A(7,7)=-6.504521925794564;
A(8,7)=-31.197183621306905;
A(9,7)=12.266177558424584;
A(10,7)=-6.673508476414489;
A(11,7)=4.213557102828895;
A(12,7)=-2.914892914648667;
A(13,7)=2.1509809117662915;
A(14,7)=-1.6680580729343386;
A(15,7)=1.346912842521227;
A(16,7)=-1.1255783593587207;
A(17,7)=0.969399540230512;
A(18,7)=-0.8579279604502933;
A(19,7)=0.7786428598502116;
A(20,7)=-0.7237357613217065;
A(21,7)=0.6883903265593787;
A(22,7)=-0.6698538010694831;
A(23,7)=0.6669734498491133;
A(24,7)=-0.680057570814138;
A(25,7)=0.711037135752167;
A(26,7)=-0.7640182396964508;
A(27,7)=0.846500631567128;
A(28,7)=-0.9719485830986553;
A(29,7)=1.1654880535208043;
A(30,7)=-1.477841140554895;
A(31,7)=2.0248194176214844;
A(32,7)=-3.126845245448153;
A(33,7)=6.019078981022037;
A(34,7)=-20.84008005853322;
A(2,8)=-249.97927618932138;
A(3,8)=76.13937107797044;
A(4,8)=-43.91457080260552;
A(5,8)=33.94146034554423;
A(6,8)=-33.45339799206081;
A(7,8)=47.6971437004424;
A(8,8)=-4.60529656127116;
A(9,8)=-28.510553219509497;
A(10,8)=11.689974967809045;
A(11,8)=-6.58874319332768;
A(12,8)=4.289291141147713;
A(13,8)=-3.0488463041234186;
A(14,8)=2.3056622183779716;
A(15,8)=-1.8288035239135971;
A(16,8)=1.5081970524225086;
A(17,8)=-1.285866471781288;
A(18,8)=1.1290390744256857;
A(19,8)=-1.0182560506806546;
A(20,8)=0.9416309994590839;
A(21,8)=-0.8919039708985423;
A(22,8)=0.8648887889908784;
A(23,8)=-0.8586909699665808;
A(24,8)=0.8734265125196122;
A(25,8)=-0.9113685045560609;
A(26,8)=0.9776152796290565;
A(27,8)=-1.0816194518392566;
A(28,8)=1.2404449205761618;
A(29,8)=-1.4860050125113147;
A(30,8)=1.8827808606812264;
A(31,8)=-2.5780513107749705;
A(32,8)=3.979355826360097;
A(33,8)=-7.657751493186278;
A(34,8)=26.509183903703903;
A(2,9)=227.47330451983413;
A(3,9)=-68.30559287092116;
A(4,9)=38.2450095522281;
A(5,9)=-27.966536618535564;
A(6,9)=24.68938664520262;
A(7,9)=-26.57263599998842;
A(8,9)=40.39745934348824;
A(9,9)=-3.383839121736774;
A(10,9)=-26.435204443439225;
A(11,9)=11.216893005050302;
A(12,9)=-6.51283520121589;
A(13,9)=4.353256147440443;
A(14,9)=-3.1691802284593025;
