tLegendre(2)=0.001778751213022775;
tLegendre(3)=0.009348417314563623;
tLegendre(4)=0.022870359685530903;
tLegendre(5)=0.04218348680393396;
tLegendre(6)=0.06705373871280247;
tLegendre(7)=0.09717931454141042;
tLegendre(8)=0.1321945609931841;
tLegendre(9)=0.17167445298056752;
tLegendre(10)=0.21513976409429914;
tLegendre(11)=0.2620628875224409;
tLegendre(12)=0.31187424195546065;
tLegendre(13)=0.363969186182411;
tLegendre(14)=0.41771535893330963;
tLegendre(15)=0.47246035505798284;
tLegendre(16)=0.5275396449420171;
tLegendre(17)=0.5822846410666904;
tLegendre(18)=0.6360308138175891;
tLegendre(19)=0.6881257580445393;
tLegendre(20)=0.7379371124775591;
tLegendre(21)=0.7848602359057009;
tLegendre(22)=0.8283255470194325;
tLegendre(23)=0.8678054390068158;
tLegendre(24)=0.9028206854585896;
tLegendre(25)=0.9329462612871975;
tLegendre(26)=0.9578165131960661;
tLegendre(27)=0.9771296403144691;
tLegendre(28)=0.9906515826854364;
tLegendre(29)=0.9982212487869773;
A(2,2)=-280.5951928198065;
A(3,2)=-38.00954562838795;
A(4,2)=7.037861389150727;
A(5,2)=-2.3553559645830067;
A(6,2)=1.050216933450993;
A(7,2)=-0.5575261398172293;
A(8,2)=0.33351721871081463;
A(9,2)=-0.21792098255847725;
A(10,2)=0.15254656603805142;
A(11,2)=-0.11294828894661615;
A(12,2)=0.08768207375167376;
A(13,2)=-0.07092426882734947;
A(14,2)=0.05951113170912005;
A(15,2)=-0.05163495252383673;
A(16,2)=0.046225618067564464;
A(17,2)=-0.04264015004382854;
A(18,2)=0.040501392570920405;
A(19,2)=-0.03961526082099521;
A(20,2)=0.039935222342101825;
A(21,2)=-0.04156335001869249;
A(22,2)=0.044793396392667086;
A(23,2)=-0.0502246856440465;
A(24,2)=0.05902978073201345;
A(25,2)=-0.07362037062226298;
A(26,2)=0.09954369874894115;
A(27,2)=-0.15219119453564167;
A(28,2)=0.29095709773901784;
A(29,2)=-1.0035702034334215;
A(2,3)=459.1492461963204;
A(3,3)=-52.980270978116735;
A(4,3)=-38.15416276980011;
A(5,3)=10.073525252196106;
A(6,3)=-4.128958790552312;
A(7,3)=2.1047448375891245;
A(8,3)=-1.2306018785518904;
A(9,3)=0.7927273762004087;
A(10,3)=-0.5496939911061535;
A(11,3)=0.40432243935236933;
A(12,3)=-0.3123736620960172;
A(13,3)=0.25176669329673085;
A(14,3)=-0.21067130038399173;
A(15,3)=0.18239613421309314;
A(16,3)=-0.16300898712446507;
A(17,3)=0.15015841390031415;
A(18,3)=-0.14246721920131544;
A(19,3)=0.13922253153009712;
A(20,3)=-0.14024116999404157;
A(21,3)=0.1458678823902015;
A(22,3)=-0.1571231816801736;
A(23,3)=0.17610048186892266;
A(24,3)=-0.20690247936069953;
A(25,3)=0.25797255331830815;
A(26,3)=-0.34873592806658876;
A(27,3)=0.533094027787097;
A(28,3)=-1.0190530666657547;
A(29,3)=3.5147153141068754;
A(2,4)=-319.4036606033388;
A(3,4)=143.34412913912593;
A(4,4)=-21.350655564320526;
A(5,4)=-33.196004238219565;
A(6,4)=10.452410975983726;
A(7,4)=-4.82197118017131;
A(8,4)=2.680289960280344;
A(9,4)=-1.6761626234735654;
A(10,4)=1.1403992135580943;
A(11,4)=-0.8279980945473675;
A(12,4)=0.6337999153911672;
A(13,4)=-0.5073424582807996;
A(14,4)=0.4223264703239029;
A(15,4)=-0.36416982570752765;
A(16,4)=0.3244245588899344;
A(17,4)=-0.29808587375648393;
A(18,4)=0.28223267822544856;
A(19,4)=-0.27533881962059836;
A(20,4)=0.2769684879147657;
A(21,4)=-0.28775169385017946;
A(22,4)=0.30966323555082736;
A(23,4)=-0.34679653662379145;
A(24,4)=0.4071998478197193;
A(25,4)=-0.5074552958582118;
A(26,4)=0.6857278863264045;
A(27,4)=-1.047933219303788;
A(28,4)=2.002819446555786;
A(29,4)=-6.906988069019745;
A(2,5)=260.06320505562826;
A(3,5)=-92.07519368422062;
A(4,5)=80.76235802845672;
A(5,5)=-11.33095874620516;
A(6,5)=-28.96388464927859;
A(7,5)=10.162431005052403;
A(8,5)=-5.077661410802648;
A(9,5)=3.0043681439110443;
A(10,5)=-1.9773900786500471;
A(11,5)=1.4049277505601994;
A(12,5)=-1.0593790591897805;
A(13,5)=0.838834500489725;
A(14,5)=-0.6926115538917117;
A(15,5)=0.5935184000423184;
A(16,5)=-0.526164619814524;
A(17,5)=0.4815722229781687;
A(18,5)=-0.4545359288898084;
A(19,5)=0.442306923056572;
A(20,5)=-0.44400008917939443;
A(21,5)=0.46049917028889104;
A(22,5)=-0.4948705245445035;
A(23,5)=0.5535775262953992;
A(24,5)=-0.6493924569162338;
A(25,5)=0.8086767073364073;
A(26,5)=-1.092140596916102;
A(27,5)=1.668303229152746;
A(28,5)=-3.1875562246074063;
A(29,5)=10.99097279944466;
A(2,6)=-223.47419877768272;
A(3,6)=72.73236728119116;
A(4,6)=-49.00785219978287;
A(5,6)=55.81909903412392;
A(6,6)=-6.920769215287235;
A(7,6)=-25.75461147992205;
A(8,6)=9.740235391630916;
A(9,6)=-5.162237074608412;
A(10,6)=3.206104026091257;
A(11,6)=-2.199107984745148;
A(12,6)=1.6200658354354074;
A(13,6)=-1.262040341185562;
A(14,6)=1.029701406119674;
A(15,6)=-0.8744890195531948;
A(16,6)=0.7698903042465861;
A(17,6)=-0.7008057198503452;
A(18,6)=0.6585841311072116;
A(19,6)=-0.6386140749736176;
A(20,6)=0.6392261203897478;
A(21,6)=-0.6614306279480215;
A(22,6)=0.7094403392743717;
A(23,6)=-0.7923641528108492;
A(24,6)=0.9283359483115851;
A(25,6)=-1.1548777405155186;
A(26,6)=1.5584789733833049;
A(27,6)=-2.3792878212077535;
A(28,6)=4.544233897259125;
A(29,6)=-15.66557614383961;
A(2,7)=197.07561359549598;
A(3,7)=-61.58939081840566;
A(4,7)=37.55718933183457;
A(5,7)=-32.53440764924917;
A(6,7)=42.78330035164091;
A(7,7)=-4.591308042145147;
A(8,7)=-23.354745652951962;
A(9,7)=9.344096933800897;
A(10,7)=-5.187581200229561;
A(11,7)=3.3522298779113866;
A(12,7)=-2.381048856478107;
A(13,7)=1.8102824147953658;
A(14,7)=-1.4518852999539549;
A(15,7)=1.2175819721233874;
A(16,7)=-1.0617508100417634;
A(17,7)=0.9593412925218306;
A(18,7)=-0.8962859224219791;
A(19,7)=0.8650515068345068;
A(20,7)=-0.8626155491265235;
A(21,7)=0.889844972370596;
A(22,7)=-0.9520527683131095;
A(23,7)=1.0611788893400205;
A(24,7)=-1.2412470810201244;
A(25,7)=1.5421422969165344;
A(26,7)=-2.0789906378853966;
A(27,7)=3.1715829914844287;
A(28,7)=-6.05441449959306;
A(29,7)=20.865981749273363;
A(2,8)=-176.28739281900795;
A(3,8)=53.8467344482301;
A(4,8)=-31.216599604990023;
A(5,8)=24.30772827900894;
A(6,8)=-24.194913545214803;
A(7,8)=34.92291470135866;
A(8,8)=-3.2061378595721552;
A(9,8)=-21.560408321013735;
A(10,8)=9.021478582787827;
A(11,8)=-5.204459206653483;
A(12,8)=3.479034961576583;
A(13,8)=-2.548105785685534;
A(14,8)=1.9931459581481328;
A(15,8)=-1.6421174304009676;
A(16,8)=1.4133384076058182;
A(17,8)=-1.2643793977611126;
A(18,8)=1.1721789770169515;
A(19,8)=-1.124441109382355;
A(20,8)=1.1158113393249138;
A(21,8)=-1.1465109964944857;
A(22,8)=1.222762107712598;
A(23,8)=-1.359414372310939;
A(24,8)=1.5868063984083622;
A(25,8)=-1.968246290028913;
A(26,8)=2.6500806182008523;
A(27,8)=-4.039043830559972;
A(28,8)=7.70552690408671;
A(29,8)=-26.547291685771413;
A(2,9)=158.97768487614667;
A(3,9)=-47.87400697096497;
A(4,9)=26.943505053823092;
A(5,9)=-19.850338133687142;
A(6,9)=17.698101969655426;
A(7,9)=-19.284429780900926;
A(8,9)=29.757134427223843;
A(9,9)=-2.308861852492008;
A(10,9)=-20.225220613060028;
A(11,9)=8.784823716707384;
A(12,9)=-5.238144366207892;
A(13,9)=3.6081369622696253;
A(14,9)=-2.7172937956401486;
A(15,9)=2.182388626851038;
A(16,9)=-1.8446078645477406;
A(17,9)=1.6282241566759177;
A(18,9)=-1.4941665346517443;
A(19,9)=1.421986405226345;
A(20,9)=-1.4022582103238974;
A(21,9)=1.4336527864310329;
A(22,9)=-1.5228787541482622;
A(23,9)=1.6876255713699089;
A(24,9)=-1.964854911964006;
A(25,9)=2.432229919780893;
A(26,9)=-3.269688258581926;
A(27,9)=4.977687030603634;
A(28,9)=-9.488906931801441;
A(29,9)=32.67767230415663;
A(2,10)=-144.00163909851275;
A(3,10)=42.956094753612206;
A(4,10)=-23.720439355448256;
A(5,10)=16.905771366503703;
A(6,10)=-14.223099126698065;
A(7,10)=13.85358757074927;
A(8,10)=-16.111639196958574;
A(9,10)=26.17105001353543;
A(10,10)=-1.6870144982929591;
A(11,10)=-19.24965465991695;
A(12,10)=8.635897354513201;
A(13,10)=-5.3030478848766185;
A(14,10)=3.7542287546790045;
A(15,10)=-2.9018767734677673;
A(16,10)=2.3902462581812096;
A(17,10)=-2.0714305737078456;
A(18,10)=1.8751873021074081;
A(19,10)=-1.766202450255443;
A(20,10)=1.727732407881717;
A(21,10)=-1.7552467384936037;
A(22,10)=1.855119382554625;
A(23,10)=-2.047576940004917;
A(24,10)=2.3763570676409844;
A(25,10)=-2.934275778383956;
A(26,10)=3.93705509672805;
A(27,10)=-5.985269476032469;
