tLegendre(2)=0.0019103685555057165;
tLegendre(3)=0.010038262019249388;
tLegendre(4)=0.024549721092647497;
tLegendre(5)=0.04525883966125445;
tLegendre(6)=0.07189604599085275;
tLegendre(7)=0.10411418046474588;
tLegendre(8)=0.14149326313028815;
tLegendre(9)=0.18354601402675244;
tLegendre(10)=0.22972421771027154;
tLegendre(11)=0.27942587412498654;
tLegendre(12)=0.33200304818074555;
tLegendre(13)=0.3867703172802316;
tLegendre(14)=0.44301370719523503;
tLegendre(15)=0.5;
tLegendre(16)=0.556986292804765;
tLegendre(17)=0.6132296827197684;
tLegendre(18)=0.6679969518192544;
tLegendre(19)=0.7205741258750135;
tLegendre(20)=0.7702757822897285;
tLegendre(21)=0.8164539859732476;
tLegendre(22)=0.8585067368697118;
tLegendre(23)=0.8958858195352541;
tLegendre(24)=0.9281039540091472;
tLegendre(25)=0.9547411603387456;
tLegendre(26)=0.9754502789073525;
tLegendre(27)=0.9899617379807506;
tLegendre(28)=0.9980896314444943;
A(2,2)=0.00244974901282359;
A(3,2)=0.00530085793721779;
A(4,2)=0.004702882706739047;
A(5,2)=0.005021655560419605;
A(6,2)=0.004814211068311533;
A(7,2)=0.004963366657474578;
A(8,2)=0.00484937205107702;
A(9,2)=0.0049401818233205915;
A(10,2)=0.004865636018522147;
A(11,2)=0.004928236963542431;
A(12,2)=0.004874727319892277;
A(13,2)=0.004921115508540566;
A(14,2)=0.004880441148544327;
A(15,2)=0.004916435630810504;
A(16,2)=0.004884344771500313;
A(17,2)=0.004913124708395555;
A(18,2)=0.004887197682231618;
A(19,2)=0.004910628055447377;
A(20,2)=0.004889417368374268;
A(21,2)=0.00490862127602785;
A(22,2)=0.0048912654292475;
A(23,2)=0.00490688315870162;
A(24,2)=0.004892941450921182;
A(25,2)=0.004905216418548122;
A(26,2)=0.004894667144929255;
A(27,2)=0.0049033228355761845;
A(28,2)=0.0048969695900879335;
A(2,3)=-0.0009292119171852009;
A(3,3)=0.005671557899045156;
A(4,3)=0.012330483558740899;
A(5,3)=0.01083031163011113;
A(6,3)=0.011676088368665913;
A(7,3)=0.011102808055471385;
A(8,3)=0.01152771718047605;
A(9,3)=0.011195304040841654;
A(10,3)=0.01146502704229672;
A(11,3)=0.011240310408122582;
A(12,3)=0.011431312061243582;
A(13,3)=0.011266416760329688;
A(14,3)=0.011410547351754141;
A(15,3)=0.01128330977408249;
A(16,3)=0.011396531504403926;
A(17,3)=0.011295146172722226;
A(18,3)=0.011386368894204676;
A(19,3)=0.011304013037729096;
A(20,3)=0.011378505856107718;
A(21,3)=0.011311106157185832;
A(22,3)=0.011371986321580275;
A(23,3)=0.011317227508846624;
A(24,3)=0.011366092320164885;
A(25,3)=0.0113230814870342;
A(26,3)=0.011360037642648587;
A(27,3)=0.011329719714815174;
A(28,3)=0.011351970840321838;
A(2,4)=0.0007082298477011731;
A(3,4)=-0.0015362257401927571;
A(4,4)=0.008824263439354928;
A(5,4)=0.019206947572373068;
A(6,4)=0.016823015999816802;
A(7,4)=0.018194513231830838;
A(8,4)=0.01724816097125906;
A(9,4)=0.017960262017787013;
A(10,4)=0.017396055804039544;
A(11,4)=0.017858776309983018;
A(12,4)=0.017469773834617577;
A(13,4)=0.01780294069028762;
A(14,4)=0.017513461209565616;
A(15,4)=0.017767844593798352;
A(16,4)=0.01754229177604014;
A(17,4)=0.017743691535297267;
A(18,4)=0.01756289305114592;
A(19,4)=0.01772581593320285;
A(20,4)=0.01757867064461123;
A(21,4)=0.017711640729067106;
A(22,4)=0.01759165376220278;
A(23,4)=0.01769948800825574;
A(24,4)=0.01760332382256195;
A(25,4)=0.017687923815272233;
A(26,4)=0.017615261593261315;
A(27,4)=0.01767485523802841;
A(28,4)=0.017631125518866083;
A(2,5)=-0.0005915201138541642;
A(3,5)=0.001072556118700273;
A(4,5)=-0.002094966534104701;
A(5,5)=0.011862353130153765;
A(6,5)=0.025831242717577276;
A(7,5)=0.02259882820698307;
A(8,5)=0.024476385152047364;
A(9,5)=0.02316861713094519;
A(10,5)=0.02416115322741877;
A(11,5)=0.02336873484747208;
A(12,5)=0.02402297686647688;
A(13,5)=0.02346976536056969;
A(14,5)=0.023945935447749263;
A(15,5)=0.023530463344815077;
A(16,5)=0.023896824288345803;
A(17,5)=0.023571110746075496;
A(18,5)=0.02386249602275699;
A(19,5)=0.023600652358761097;
A(20,5)=0.023836603286258445;
A(21,5)=0.023623776096879552;
A(22,5)=0.023815534296081253;
A(23,5)=0.02364340804950841;
A(24,5)=0.02379675647799292;
A(25,5)=0.023661952451223694;
A(26,5)=0.023777667096864713;
A(27,5)=0.023682803475094504;
A(28,5)=0.02375239627898816;
A(2,6)=0.0005133716112688629;
A(3,6)=-0.0008657189188338372;
A(4,6)=0.001379479196422922;
A(5,6)=-0.0026185987175282857;
A(6,6)=0.014745884214958399;
A(7,6)=0.03211736958973524;
A(8,6)=0.028081745815218502;
A(9,6)=0.030438253998842903;
A(10,6)=0.0287877975802744;
A(11,6)=0.03004706548871231;
A(12,6)=0.029036787468192216;
A(13,6)=0.02987454918345658;
A(14,6)=0.029163441457829307;
A(15,6)=0.029777523038293775;
A(16,6)=0.02924027730893486;
A(17,6)=0.029714997792273313;
A(18,6)=0.029292363319329138;
A(19,6)=0.02967067941633008;
A(20,6)=0.02933083896802731;
A(21,6)=0.029636597431424102;
A(22,6)=0.02936167422502766;
A(23,6)=0.02960804115069184;
A(24,6)=0.02938884280532019;
A(25,6)=0.02958133279846949;
A(26,6)=0.029416231356856795;
A(27,6)=0.029551506713507477;
A(28,6)=0.029452302145309604;
A(2,7)=-0.00045461411783423954;
A(3,7)=0.000738826204719414;
A(4,7)=-0.0010788975812069173;
A(5,7)=0.001654997728148766;
A(6,7)=-0.0031048086012850726;
A(7,7)=0.0174372059415614;
A(8,7)=0.03798383541817476;
A(9,7)=0.03319983588450996;
A(10,7)=0.03600225738416999;
A(11,7)=0.03403265507454626;
A(12,7)=0.03554059380399346;
A(13,7)=0.03432691771788071;
A(14,7)=0.03533626474263361;
A(15,7)=0.034477358123569696;
A(16,7)=0.03522060710944993;
A(17,7)=0.03456934153790095;
A(18,7)=0.03514536861729566;
A(19,7)=0.034632411076758345;
A(20,7)=0.03509129173692876;
A(21,7)=0.0346798086005081;
A(22,7)=0.035048798174977754;
A(23,7)=0.034718851854861316;
A(24,7)=0.035011905935563775;
A(25,7)=0.034754906618962245;
A(26,7)=0.03497511373965884;
A(27,7)=0.03479481833245255;
A(28,7)=0.034926978936033935;
A(2,8)=0.000407212285500022;
A(3,8)=-0.0006477571461456144;
A(4,8)=0.0009029386798823453;
A(5,8)=-0.0012610756510157192;
A(6,8)=0.001902982930081209;
A(7,8)=-0.003548808940316972;
A(8,8)=0.01990121694326444;
A(9,8)=0.04335444480563423;
A(10,8)=0.03788608123146599;
A(11,8)=0.041095942647829585;
A(12,8)=0.03883482549994862;
A(13,8)=0.04056990960187023;
A(14,8)=0.03917042372700459;
A(15,8)=0.04033650103147827;
A(16,8)=0.03934267657613139;
A(17,8)=0.04020365928049035;
A(18,8)=0.03944875574757534;
A(19,8)=0.040116438963958126;
A(20,8)=0.03952235798202651;
A(21,8)=0.04005278686820414;
A(22,8)=0.03957877392849079;
A(23,8)=0.040001462299553765;
A(24,8)=0.039626857233625704;
A(25,8)=0.03995481414570939;
A(26,8)=0.039674168877485864;
A(27,8)=0.03990373912954441;
A(28,8)=0.039735554101661644;
A(2,9)=-0.00036711821017245815;
A(3,9)=0.0005761195899996789;
A(4,9)=-0.0007809321938232651;
A(5,9)=0.0010362859019319368;
A(6,9)=-0.0014188915751086903;
A(7,9)=0.0021229218074724082;
A(8,9)=-0.003945487674756343;
A(9,9)=0.022105789635939236;
A(10,9)=0.04815935483726413;
A(11,9)=0.042079198123442886;
A(12,9)=0.045653007602235986;
A(13,9)=0.04313166839066861;
A(14,9)=0.04506937575106602;
A(15,9)=0.04350429597422953;
A(16,9)=0.044809840458996414;
A(17,9)=0.0436962542673256;
A(18,9)=0.044661336833572415;
A(19,9)=0.04381534930599514;
A(20,9)=0.04456284857988;
A(21,9)=0.043899103592352155;
A(22,9)=0.04448966529864864;
A(23,9)=0.043964873507069555;
A(24,9)=0.04442869473228985;
A(25,9)=0.04402349340593098;
A(26,9)=0.0443696866888544;
A(27,9)=0.04408681665801615;
A(28,9)=0.044293904707119136;
A(2,10)=0.00033205005429198797;
A(3,10)=-0.0005163614881663663;
A(4,10)=0.00068729884453073;
A(5,10)=-0.0008838388381733322;
A(6,10)=0.0011468227686732642;
A(7,10)=-0.0015537643936310093;
A(8,10)=0.002313173716237129;
A(9,10)=-0.004290015605274764;
A(10,10)=0.024022181842507127;
A(11,10)=0.05233603263368023;
A(12,10)=0.045724397861038005;
A(13,10)=0.049614125246886534;
A(14,10)=0.0468671314230011;
A(15,10)=0.04898030111112112;
A(16,10)=0.04727212561441503;
A(17,10)=0.048697799378581375;
A(18,10)=0.04748156733064482;
A(19,10)=0.04853520351342809;
A(20,10)=0.04761261065823807;
A(21,10)=0.04842608518564708;
A(22,10)=0.04770629218281208;
A(23,10)=0.048343145915582815;
A(24,10)=0.04778219718886039;
