tLegendre(2)=0.0013680690752592183;
tLegendre(3)=0.007194244227365833;
tLegendre(4)=0.017618872206246784;
tLegendre(5)=0.03254696203113015;
tLegendre(6)=0.05183942211697394;
tLegendre(7)=0.07531619313371501;
tLegendre(8)=0.1027581020160288;
tLegendre(9)=0.13390894062985517;
tLegendre(10)=0.1684778665348924;
tLegendre(11)=0.20614212137961885;
tLegendre(12)=0.2465500455338853;
tLegendre(13)=0.2893243619346823;
tLegendre(14)=0.33406569885893617;
tLegendre(15)=0.38035631887393145;
tLegendre(16)=0.42776401920860174;
tLegendre(17)=0.4758461671561308;
tLegendre(18)=0.5241538328438692;
tLegendre(19)=0.5722359807913983;
tLegendre(20)=0.6196436811260685;
tLegendre(21)=0.6659343011410638;
tLegendre(22)=0.7106756380653176;
tLegendre(23)=0.7534499544661147;
tLegendre(24)=0.7938578786203812;
tLegendre(25)=0.8315221334651076;
tLegendre(26)=0.8660910593701449;
tLegendre(27)=0.8972418979839712;
tLegendre(28)=0.9246838068662849;
tLegendre(29)=0.9481605778830261;
tLegendre(30)=0.9674530379688698;
tLegendre(31)=0.9823811277937532;
tLegendre(32)=0.9928057557726342;
tLegendre(33)=0.9986319309247408;
A(2,2)=0.001754652502367524;
A(3,2)=0.003796782642836638;
A(4,2)=0.003368476420511121;
A(5,2)=0.0035968042196355284;
A(6,2)=0.003448212164374787;
A(7,2)=0.003555060278586308;
A(8,2)=0.0034733883634900293;
A(9,2)=0.0035384646292439636;
A(10,2)=0.0034850239460094807;
A(11,2)=0.0035299260516420306;
A(12,2)=0.0034915146767325136;
A(13,2)=0.0035248508630647364;
A(14,2)=0.003495576219408383;
A(15,2)=0.003521536292330713;
A(16,2)=0.0034983271941341322;
A(17,2)=0.0035192189390803106;
A(18,2)=0.003500305506480037;
A(19,2)=0.0035175092094000726;
A(20,2)=0.00350180028616123;
A(21,2)=0.003516187703089291;
A(22,2)=0.0035029815851526187;
A(23,2)=0.0035151197870123842;
A(24,2)=0.003503958439433675;
A(25,2)=0.0035142148377354993;
A(26,2)=0.003504808585701862;
A(27,2)=0.0035134034180331077;
A(28,2)=0.0035055974518814507;
A(29,2)=0.003512619343535431;
A(30,2)=0.003506398529626304;
A(31,2)=0.0035117705047354735;
A(32,2)=0.0035073474629767603;
A(33,2)=0.0035106010723769225;
A(2,3)=-0.0006665884772712915;
A(3,3)=0.004068598682726418;
A(4,3)=0.008845507059731873;
A(5,3)=0.0077693193995438175;
A(6,3)=0.00837607815577018;
A(7,3)=0.007964779489545248;
A(8,3)=0.008269669295643071;
A(9,3)=0.008031096336573876;
A(10,3)=0.008224744523802245;
A(11,3)=0.008063323396681553;
A(12,3)=0.008200631411093957;
A(13,3)=0.008081962145965389;
A(14,3)=0.008185843553004772;
A(15,3)=0.008093950197665734;
A(16,3)=0.008175946068730882;
A(17,3)=0.00810225238940198;
A(18,3)=0.008168883051987728;
A(19,3)=0.008108338932246556;
A(20,3)=0.008163574649017085;
A(21,3)=0.00811302224136408;
A(22,3)=0.008159395746251158;
A(23,3)=0.00811679411141685;
A(24,3)=0.008155950287428219;
A(25,3)=0.008119982024533037;
A(26,3)=0.008152958721540364;
A(27,3)=0.008122834516354382;
A(28,3)=0.008150187931596253;
A(29,3)=0.008125586367842394;
A(30,3)=0.008147378255881516;
A(31,3)=0.008128561930345396;
A(32,3)=0.00814405324339726;
A(33,3)=0.0081326583175169;
A(2,4)=0.00050949242131988;
A(3,4)=-0.0011051376296140674;
A(4,4)=0.006348016327315515;
A(5,4)=0.013817142035610299;
A(6,4)=0.012102149825775831;
A(7,4)=0.013088853144307095;
A(8,4)=0.012407938215931764;
A(9,4)=0.012920407756427783;
A(10,4)=0.012514240179831241;
A(11,4)=0.012847515070131144;
A(12,4)=0.012567130130843955;
A(13,4)=0.012807521098636327;
A(14,4)=0.012598347701832347;
A(15,4)=0.012782527802624292;
A(16,4)=0.012618781563499751;
A(17,4)=0.012765521292860295;
A(18,4)=0.012633157512397443;
A(19,4)=0.012753198333717904;
A(20,4)=0.012643857199488281;
A(21,4)=0.012743794436825447;
A(22,4)=0.012652220753989403;
A(23,4)=0.012736267117581261;
A(24,4)=0.012659079327400714;
A(25,4)=0.012729935426243254;
A(26,4)=0.012665009180803728;
A(27,4)=0.012724291316553449;
A(28,4)=0.012670482952816428;
A(29,4)=0.012718862517776899;
A(30,4)=0.012676019193684577;
A(31,4)=0.012713005239586147;
A(32,4)=0.012682559248347871;
A(33,4)=0.012704952389015232;
A(2,5)=-0.000427283478131659;
A(3,5)=0.0007747507161260288;
A(4,5)=-0.001513258128718261;
A(5,5)=0.008568465728255358;
A(6,5)=0.018658556550043167;
A(7,5)=0.01632362587205117;
A(8,5)=0.01767999068890354;
A(9,5)=0.016735089781383272;
A(10,5)=0.017452431560370203;
A(11,5)=0.016879462020804613;
A(12,5)=0.017352844138168205;
A(13,5)=0.016952167854718325;
A(14,5)=0.017297525138047755;
A(15,5)=0.016995612036758832;
A(16,5)=0.01726253309650151;
A(17,5)=0.017024391390064408;
A(18,5)=0.017238438085301427;
A(19,5)=0.017044882353936457;
A(20,5)=0.01722076412754926;
A(21,5)=0.01706032847103914;
A(22,5)=0.01720709337550063;
A(23,5)=0.017072580408133003;
A(24,5)=0.01719597137591942;
A(25,5)=0.01708281421927563;
A(26,5)=0.0171864151400544;
A(27,5)=0.017091886192551572;
A(28,5)=0.017177637381623822;
A(29,5)=0.017100574075511805;
A(30,5)=0.017168793108245473;
A(31,5)=0.017109917560297887;
A(32,5)=0.017158372404002448;
A(33,5)=0.017122738314378185;
A(2,6)=0.0003728611044108866;
A(3,6)=-0.000628759062484241;
A(4,6)=0.0010018682601888786;
A(5,6)=-0.0019017458726501959;
A(6,6)=0.01070897450555667;
A(7,6)=0.023324796437495795;
A(8,6)=0.02039383413585432;
A(9,6)=0.02210551124313375;
A(10,6)=0.020906400902806488;
A(11,6)=0.021821661788303016;
A(12,6)=0.021086919686298805;
A(13,6)=0.02169675201415675;
A(14,6)=0.021178439088579033;
A(15,6)=0.021626848059562376;
A(16,6)=0.021233562766977045;
A(17,6)=0.021582258025620617;
A(18,6)=0.021270401038114343;
A(19,6)=0.021551269392506612;
A(20,6)=0.021296888194333834;
A(21,6)=0.021528297757378554;
A(22,6)=0.021317086369630943;
A(23,6)=0.021510298714304026;
A(24,6)=0.021333344006405512;
A(25,6)=0.0214954053392219;
A(26,6)=0.02134719677229315;
A(27,6)=0.021482300496951073;
A(28,6)=0.021359837289207238;
A(29,6)=0.021469823489636244;
A(30,6)=0.021372509106402954;
A(31,6)=0.021456462526168816;
A(32,6)=0.021387387658890963;
A(33,6)=0.021438177044680207;
A(2,7)=-0.00033246328892534775;
A(3,7)=0.0005402951814072692;
A(4,7)=-0.0007889504996140773;
A(5,7)=0.0012101643313433298;
A(6,7)=-0.0022701874489593566;
A(7,7)=0.012749514815594044;
A(8,7)=0.02777261601740824;
A(9,7)=0.024274451116588432;
A(10,7)=0.026323994768674492;
A(11,7)=0.024883067722222086;
A(12,7)=0.02598683583239814;
A(13,7)=0.025097734338281535;
A(14,7)=0.025838036272513163;
A(15,7)=0.025207001648176314;
A(16,7)=0.025754356496159637;
A(17,7)=0.02527318492453426;
A(18,7)=0.025700642789567452;
A(19,7)=0.02531772398512328;
A(20,7)=0.025663022539962593;
A(21,7)=0.02535002792754407;
A(22,7)=0.025634858593612385;
A(23,7)=0.025374942402224064;
A(24,7)=0.025612498005476297;
A(25,7)=0.02539531147782161;
A(26,7)=0.025593646624089826;
A(27,7)=0.02541306592424809;
A(28,7)=0.02557658866012546;
A(29,7)=0.02542984501794458;
A(30,7)=0.025559598327121666;
A(31,7)=0.02544771497082441;
A(32,7)=0.025539737360906336;
A(33,7)=0.025472090108990524;
A(2,8)=0.00030030668884776265;
A(3,8)=-0.0004776825966868487;
A(4,8)=0.0006658206319714781;
A(5,8)=-0.0009298321242340752;
A(6,8)=0.0014030113957521032;
A(7,8)=-0.002616243793396712;
A(8,8)=0.014671023369633886;
A(9,8)=0.031960686720877124;
A(10,8)=0.027929035511030178;
A(11,8)=0.030296115326234135;
A(12,8)=0.02862796153396742;
A(13,8)=0.02990892760172633;
A(14,8)=0.028874622695677414;
A(15,8)=0.029737764770772956;
A(16,8)=0.029000505504944304;
A(17,8)=0.029641171678423704;
A(18,8)=0.02907708287534493;
A(19,8)=0.02957884840184105;
A(20,8)=0.029128930424796768;
A(21,8)=0.029534886397417102;
A(22,8)=0.029166851529150495;
A(23,8)=0.029501646171962003;
A(24,8)=0.029196448106279766;
A(25,8)=0.029474873178451686;
A(26,8)=0.029221073666815187;
A(27,8)=0.029451807364897695;
A(28,8)=0.02924312724533421;
A(29,8)=0.02943020664217035;
A(30,8)=0.029264919731797033;
A(31,8)=0.029407355879648277;
A(32,8)=0.029290255517962868;
A(33,8)=0.029376314445946513;
A(2,9)=-0.0002734660136282146;
A(3,9)=0.0004291284361199361;
A(4,9)=-0.0005816331895833475;
A(5,9)=0.0007717283671288771;
A(6,9)=-0.001056517465448655;
A(7,9)=0.0015805401413498653;
A(8,9)=-0.00293716225340728;
