tLegendre(2)=0.0009750347321561901;
tLegendre(3)=0.005130272866807214;
tLegendre(4)=0.012576835704923246;
tLegendre(5)=0.023266834533235203;
tLegendre(6)=0.0371293339757078;
tLegendre(7)=0.05407213049768389;
tLegendre(8)=0.0739824890338189;
tLegendre(9)=0.0967279161973416;
tLegendre(10)=0.12215704812301466;
tLegendre(11)=0.15010065981040782;
tLegendre(12)=0.18037279208515913;
tLegendre(13)=0.21277198947609646;
tLegendre(14)=0.24708264103603444;
tLegendre(15)=0.2830764152838118;
tLegendre(16)=0.3205137797602825;
tLegendre(17)=0.3591455951049174;
tLegendre(18)=0.39871477305394165;
tLegendre(19)=0.4389579873310663;
tLegendre(20)=0.4796074260477109;
tLegendre(21)=0.5203925739522891;
tLegendre(22)=0.5610420126689337;
tLegendre(23)=0.6012852269460583;
tLegendre(24)=0.6408544048950826;
tLegendre(25)=0.6794862202397175;
tLegendre(26)=0.7169235847161882;
tLegendre(27)=0.7529173589639655;
tLegendre(28)=0.7872280105239036;
tLegendre(29)=0.8196272079148409;
tLegendre(30)=0.8498993401895921;
tLegendre(31)=0.8778429518769854;
tLegendre(32)=0.9032720838026584;
tLegendre(33)=0.9260175109661811;
tLegendre(34)=0.9459278695023161;
tLegendre(35)=0.9628706660242922;
tLegendre(36)=0.9767331654667648;
tLegendre(37)=0.9874231642950767;
tLegendre(38)=0.9948697271331928;
tLegendre(39)=0.9990249652678438;
A(2,2)=-512.3017574143291;
A(3,2)=-69.00467302814842;
A(4,2)=12.67151472061229;
A(5,2)=-4.190037377453582;
A(6,2)=1.838874606078896;
A(7,2)=-0.9570693729526552;
A(8,2)=0.5590324472501667;
A(9,2)=-0.35515777170658014;
A(10,2)=0.24065874695428618;
A(11,2)=-0.17168000081817267;
A(12,2)=0.127767999386811;
A(13,2)=-0.09854737700426612;
A(14,2)=0.07838917865296707;
A(15,2)=-0.06406688890662685;
A(16,2)=0.053644559539870615;
A(17,2)=-0.045915178337952015;
A(18,2)=0.0401015978352507;
A(19,2)=-0.03568998284311015;
A(20,2)=0.032333463411803536;
A(21,2)=-0.029794609815335375;
A(22,2)=0.027910240524115285;
A(23,2)=-0.026569595579338082;
A(24,2)=0.02570088351298493;
A(25,2)=-0.02526342321112086;
A(26,2)=0.02524393381146183;
A(27,2)=-0.02565645328997519;
A(28,2)=0.026546207124352926;
A(29,2)=-0.02799881720506811;
A(30,2)=0.030158033255567325;
A(31,2)=-0.033258727940464375;
A(32,2)=0.037689783038404166;
A(33,2)=-0.04412071542046451;
A(34,2)=0.053777926558928206;
A(35,2)=-0.06911687777418855;
A(36,2)=0.09572400314708494;
A(37,2)=-0.14903205491115948;
A(38,2)=0.28849218234882307;
A(39,2)=-1.0019538796653849;
A(2,3)=839.3240384094858;
A(3,3)=-96.95812460060219;
A(4,3)=-68.85312629806884;
A(5,3)=17.96112990490738;
A(6,3)=-7.246034668440802;
A(7,3)=3.621256736999039;
A(8,3)=-2.067339854718941;
A(9,3)=1.2948350713438097;
A(10,3)=-0.8691208259015915;
A(11,3)=0.6159114321901429;
A(12,3)=-0.45616839872760473;
A(13,3)=0.3505708081440605;
A(14,3)=-0.27808454491973716;
A(15,3)=0.22677949056295466;
A(16,3)=-0.1895552470599602;
A(17,3)=0.1620129322151899;
A(18,3)=-0.14133452169264318;
A(19,3)=0.12566427585388004;
A(20,3)=-0.1137534525998583;
A(21,3)=0.10474939509522832;
A(22,3)=-0.09806708813686833;
A(23,3)=0.09330976233436075;
A(24,3)=-0.09022004595281045;
A(25,3)=0.08865139960687608;
A(26,3)=-0.08855447716626581;
A(27,3)=0.08997643239034257;
A(28,3)=-0.09307420401726568;
A(29,3)=0.09814659324176925;
A(30,3)=-0.10569624540179226;
A(31,3)=0.1165451241966988;
A(32,3)=-0.13205469291451177;
A(33,3)=0.15456933778511864;
A(34,3)=-0.18838380572067323;
A(35,3)=0.2420972403473879;
A(36,3)=-0.3352739504998576;
A(37,3)=0.5219615616212058;
A(38,3)=-1.0103669159488238;
A(39,3)=3.5090148668599115;
A(2,4)=-586.3010145302252;
A(3,4)=261.91756126903687;
A(4,4)=-39.24925935106644;
A(5,4)=-59.433516954443036;
A(6,4)=18.418846613836905;
A(7,4)=-8.330314314768593;
A(8,4)=4.521077183364763;
A(9,4)=-2.748903754378057;
A(10,4)=1.8103132646550577;
A(11,4)=-1.2663101856974281;
A(12,4)=0.9291881659805711;
A(13,4)=-0.7091813031143275;
A(14,4)=0.559594720684944;
A(15,4)=-0.4544836967553091;
A(16,4)=0.3786460843255285;
A(17,4)=-0.3227771679577207;
A(18,4)=0.28097277788658004;
A(19,4)=-0.24937424865769922;
A(20,4)=0.22540058649203995;
A(21,4)=-0.20729757083997588;
A(22,4)=0.19386550649787393;
A(23,4)=-0.18429200350893019;
A(24,4)=0.1780494611735741;
A(25,4)=-0.1748350237522379;
A(26,4)=0.1745413733652428;
A(27,4)=-0.17725385347756356;
A(28,4)=0.18327560151417868;
A(29,4)=-0.1931899449361177;
A(30,4)=0.2079817732213182;
A(31,4)=-0.22926416321697507;
A(32,4)=0.2597108512643552;
A(33,4)=-0.30392745332418364;
A(34,4)=0.37035245656856763;
A(35,4)=-0.47588302186924053;
A(36,4)=0.6589639117573316;
A(37,4)=-1.0258027041515603;
A(38,4)=1.985543818361647;
A(39,4)=-6.895595902974647;
A(2,5)=480.27705034255524;
A(3,5)=-169.26081679681894;
A(4,5)=147.23574377490132;
A(5,5)=-20.977905762147735;
A(6,5)=-51.34610337653927;
A(7,5)=17.661426123873852;
A(8,5)=-8.615870354234445;
A(9,5)=4.956245661646853;
A(10,5)=-3.1573553920543684;
A(11,5)=2.1610950157261644;
A(12,5)=-1.56200859390212;
A(13,5)=1.1791816748183577;
A(14,5)=-0.9228420278389043;
A(15,5)=0.7447673912799537;
A(16,5)=-0.6174030600279048;
A(17,5)=0.5242043116411635;
A(18,5)=-0.45482874662171;
A(19,5)=0.40259625759142553;
A(20,5)=-0.3630798777554311;
A(21,5)=0.3332921091061221;
A(22,5)=-0.31120012457704554;
A(23,5)=0.29543093704381124;
A(24,5)=-0.28509170671489736;
A(25,5)=0.27966435854306265;
A(26,5)=-0.2789531041601052;
A(27,5)=0.28307611084990275;
A(28,5)=-0.29250309179973966;
A(29,5)=0.3081530222395106;
A(30,5)=-0.3315862197003032;
A(31,5)=0.36536423469169377;
A(32,5)=-0.4137374948613994;
A(33,5)=0.48403121206592875;
A(34,5)=-0.5896699202415239;
A(35,5)=0.7575377042693453;
A(36,5)=-1.0488047323295724;
A(37,5)=1.6324634085305643;
A(38,5)=-3.1595307763347953;
A(39,5)=10.972227151444482;
A(2,6)=-416.03319873547036;
A(3,6)=134.77989722304773;
A(4,6)=-90.06295464264798;
A(5,6)=101.3466565456609;
A(6,6)=-12.947160853861746;
A(7,6)=-45.114591265846876;
A(8,6)=16.657793842985303;
A(9,6)=-8.582724698076666;
A(10,6)=5.159020426290696;
A(11,6)=-3.408722869460742;
A(12,6)=2.4068678371229795;
A(13,6)=-1.7874039878709505;
A(14,6)=1.3821219584831819;
A(15,6)=-1.105312572071095;
A(16,6)=0.9098318500881242;
A(17,6)=-0.7681681474877764;
A(18,6)=0.6634950145387815;
A(19,6)=-0.5851275954057391;
A(20,6)=0.5260784066817074;
A(21,6)=-0.48167985978010974;
A(22,6)=0.4487790489999212;
A(23,6)=-0.42525503880685867;
A(24,6)=0.4097272859579477;
A(25,6)=-0.4013846509748599;
A(26,6)=0.39989805847566734;
A(27,6)=-0.40540085306540274;
A(28,6)=0.41853744406848914;
A(29,6)=-0.44059937245111186;
A(30,6)=0.47379694012072754;
A(31,6)=-0.5217706776081662;
A(32,6)=0.5905703461769634;
A(33,6)=-0.6906293449644625;
A(34,6)=0.8410745727560471;
A(35,6)=-1.0802153532316503;
A(36,6)=1.4952237557729224;
A(37,6)=-2.326933488963316;
A(38,6)=4.503130700453259;
A(39,6)=-15.637235759277479;
A(2,7)=370.60821929646494;
A(3,7)=-115.28685320230585;
A(4,7)=69.71735517580741;
A(5,7)=-59.66552407394507;
A(6,7)=77.21697477032501;
A(7,7)=-8.718326173253535;
A(8,7)=-40.33768354512277;
A(9,7)=15.688486295263152;
A(10,7)=-8.428973970428308;
A(11,7)=5.246353139318168;
A(12,7)=-3.571242101174922;
A(13,7)=2.588058292606253;
A(14,7)=-1.9669168688993135;
A(15,7)=1.5530343173952057;
A(16,7)=-1.2659976799118826;
A(17,7)=1.060785419573472;
A(18,7)=-0.9107044599819945;
A(19,7)=0.7992035560731163;
A(20,7)=-0.7156563660491309;
A(21,7)=0.653063890964971;
A(22,7)=-0.606746389245234;
A(23,7)=0.5735747073911184;
A(24,7)=-0.5515120297157217;
A(25,7)=0.5393458755262109;
A(26,7)=-0.5365478356273823;
A(27,7)=0.5432327697019789;
A(28,7)=-0.5602144063140228;
A(29,7)=0.58918065253933;
A(30,7)=-0.6330514590208015;
A(31,7)=0.6966573512300036;
A(32,7)=-0.7880413873767952;
A(33,7)=0.9210872147393238;
A(34,7)=-1.1212575714499116;
A(35,7)=1.439561619471683;
A(36,7)=-1.992079494321996;
A(37,7)=3.0995221523692136;
A(38,7)=-5.997414083876572;
A(39,7)=20.824552705069568;
A(2,8)=-335.6051167306706;
A(3,8)=102.0357299404854;
A(4,8)=-58.65990642033031;
A(5,8)=45.1249543447283;
A(6,8)=-44.20110923371596;
A(7,8)=62.53611306087823;
A(8,8)=-6.218409425270634;
A(9,8)=-36.63319991058007;
