tLegendre(2)=0.06943184420297371;
tLegendre(3)=0.33000947820757187;
tLegendre(4)=0.6699905217924281;
tLegendre(5)=0.9305681557970263;
A(2,2)=-6.664000472704563;
A(3,2)=-1.5151152295984678;
A(4,2)=0.6573964485165485;
A(5,2)=-1.161256338324529;
A(2,3)=9.720308831370392;
A(3,3)=-0.7688287844464172;
A(4,3)=-2.9413404625614334;
A(5,3)=4.217564696990358;
A(2,4)=-4.217564696990358;
A(3,4)=2.9413404625614334;
A(4,4)=0.7688287844464172;
A(5,4)=-9.720308831370392;
A(2,5)=1.161256338324529;
A(3,5)=-0.6573964485165485;
A(4,5)=1.5151152295984678;
A(5,5)=6.664000472704563;
