tLegendre(2)=0.0026153325012239384;
tLegendre(3)=0.013728764390942384;
tLegendre(4)=0.033514456586991946;
tLegendre(5)=0.06162382086477917;
tLegendre(6)=0.09755579919058005;
tLegendre(7)=0.14066931843402491;
tLegendre(8)=0.1901950621181769;
tLegendre(9)=0.24524926107699624;
tLegendre(10)=0.3048494809848546;
tLegendre(11)=0.36793215951482755;
tLegendre(12)=0.43337158785076696;
tLegendre(13)=0.5;
tLegendre(14)=0.5666284121492331;
tLegendre(15)=0.6320678404851725;
tLegendre(16)=0.6951505190151455;
tLegendre(17)=0.7547507389230038;
tLegendre(18)=0.8098049378818231;
tLegendre(19)=0.8593306815659751;
tLegendre(20)=0.9024442008094199;
tLegendre(21)=0.9383761791352209;
tLegendre(22)=0.9664855434130081;
tLegendre(23)=0.9862712356090576;
tLegendre(24)=0.9973846674987761;
A(2,2)=-190.67896895179433;
A(3,2)=-25.98246675302703;
A(4,2)=4.852755171408405;
A(5,2)=-1.6446930670833015;
A(6,2)=0.7457023678856064;
A(7,2)=-0.4042646711491858;
A(8,2)=0.24808024926538325;
A(9,2)=-0.16708580805420217;
A(10,2)=0.12119212920369249;
A(11,2)=-0.09351209780156682;
A(12,2)=0.07613469177324222;
A(13,2)=-0.06505564525775769;
A(14,2)=0.05814669183009121;
A(15,2)=-0.054271835321887875;
A(16,2)=0.052890308949031045;
A(17,2)=-0.05390078125735012;
A(18,2)=0.05765042781809013;
A(19,2)=-0.06514456556064331;
A(20,2)=0.07867866136760679;
A(21,2)=-0.10371330672757284;
A(22,2)=0.15556646787263784;
A(23,2)=-0.29355222052175806;
A(24,2)=1.0052581687215567;
A(2,3)=311.6185018761189;
A(3,3)=-35.91292358712612;
A(4,3)=-26.24549260605026;
A(5,3)=7.017462312941293;
A(6,3)=-2.924854103887358;
A(7,3)=1.5225998339845193;
A(8,3)=-0.9132459363243537;
A(9,3)=0.6064193847915862;
A(10,3)=-0.4357287977931121;
A(11,3)=0.3340074736781646;
A(12,3)=-0.2706486180542779;
A(13,3)=0.23044655986443538;
A(14,3)=-0.2054183805438928;
A(15,3)=0.1913296211535701;
A(16,3)=-0.1861544322489248;
A(17,3)=0.18946606442495545;
A(18,3)=-0.20243933264691105;
A(19,3)=0.2285705159676134;
A(20,3)=-0.2758834118359767;
A(21,3)=0.3634918006819899;
A(22,3)=-0.5450344197708181;
A(23,3)=1.028232729772196;
A(24,3)=-3.5206935527297882;
A(2,4)=-215.833713048952;
A(3,4)=97.3291150042541;
A(4,4)=-14.401596706037981;
A(5,4)=-23.025749620401417;
A(6,4)=7.372620961417795;
A(7,4)=-3.473508051176968;
A(8,4)=1.9807437959195853;
A(9,4)=-1.2769217713406418;
A(10,4)=0.9002798741657192;
A(11,4)=-0.681261219792531;
A(12,4)=0.5469842123065095;
A(13,4)=-0.46259895082674324;
A(14,4)=0.41026038747905463;
A(15,4)=-0.38062738987971173;
A(16,4)=0.3692021573388558;
A(17,4)=-0.3748685253716624;
A(18,4)=0.3997783623846231;
A(19,4)=-0.45070956962355296;
A(20,4)=0.543372520063821;
A(21,4)=-0.715290709862563;
A(22,4)=1.0718445770940421;
A(23,4)=-2.021212499967404;
A(24,4)=6.919056742175825;
A(2,5)=174.6168540536457;
A(3,5)=-62.12101337059849;
A(4,5)=54.96473958904587;
A(5,5)=-7.580910162254384;
A(6,5)=-20.301886909307974;
A(7,5)=7.275088007776726;
A(8,5)=-3.729365143286593;
A(9,5)=2.274882094446423;
A(10,5)=-1.5517051663353156;
A(11,5)=1.1491568385797728;
A(12,5)=-0.9090054084108095;
A(13,5)=0.7605558026860509;
A(14,5)=-0.6691438782673634;
A(15,5)=0.6170567311897684;
A(16,5)=-0.5957357669306307;
A(17,5)=0.602669172326856;
A(18,5)=-0.6408730381638191;
A(19,5)=0.7208950803422642;
A(20,5)=-0.86758953255408;
A(21,5)=1.1405729229775754;
A(22,5)=-1.7074696045172288;
A(23,5)=3.217755650589943;
A(24,5)=-11.011228603514459;
A(2,6)=-148.77561474164762;
A(3,6)=48.655011988319266;
A(4,6)=-33.071754618873044;
A(5,6)=38.150596936792994;
A(6,6)=-4.571221062197953;
A(7,6)=-18.284554406985638;
A(8,6)=7.095224144813607;
A(9,6)=-3.8771529936782114;
A(10,6)=2.4958299868193015;
A(11,6)=-1.784645145213587;
A(12,6)=1.3794189611892522;
A(13,6)=-1.1356769839525622;
A(14,6)=0.9875457520804279;
A(15,6)=-0.9027408581189421;
A(16,6)=0.8657536118328018;
A(17,6)=-0.8713246455195822;
A(18,6)=0.9228460932777015;
A(19,6)=-1.034835233507893;
A(20,6)=1.2424082618021828;
A(21,6)=-1.6303439532941222;
A(22,6)=2.437434766310511;
A(23,6)=-4.589326589800672;
A(24,6)=15.697236211285956;
A(2,7)=129.7885288441738;
A(3,7)=-40.75805423759281;
A(4,7)=25.07309399315186;
A(5,7)=-21.999229656151858;
A(6,7)=29.423116386548926;
A(7,7)=-2.972587175446212;
A(8,7)=-16.835745396990927;
A(9,7)=6.9458908449430075;
A(10,7)=-3.997445271228582;
A(11,7)=2.693359374163471;
A(12,7)=-2.0075822953561633;
A(13,7)=1.6134976643087544;
A(14,7)=-1.3795312802606825;
A(15,7)=1.2456295164849764;
A(16,7)=-1.1836311379547615;
A(17,7)=1.182906438677241;
A(18,7)=-1.2460894130118312;
A(19,7)=1.3914759458362511;
A(20,7)=-1.6652348664713175;
A(21,7)=2.1799236536364712;
A(22,7)=-3.2533920279687356;
A(23,7)=6.118540984299937;
A(24,7)=-20.914559024596464;
A(2,8)=-114.56078987793808;
A(3,8)=35.163225280172604;
A(4,8)=-20.56559187956674;
A(5,8)=16.22099234205335;
A(6,8)=-16.422667430827047;
A(7,8)=24.216180176578508;
A(8,8)=-2.011447387649543;
A(9,8)=-15.824228675981379;
A(10,8)=6.865134581280295;
A(11,8)=-4.1302971546424585;
A(12,8)=2.8981071760153996;
A(13,8)=-2.2444552538398304;
A(14,8)=1.8721817134586238;
A(15,8)=-1.6613538185465822;
A(16,8)=1.5587870278602196;
A(17,8)=-1.5431431649539726;
A(18,8)=1.6139187561649775;
A(19,8)=-1.7923486623297809;
A(20,8)=2.136027582837671;
A(21,8)=-2.7874976691401163;
A(22,8)=4.15080368295016;
A(23,8)=-7.794636226996487;
A(24,8)=26.622347273507998;
A(2,9)=101.66170204289759;
A(3,9)=-30.764370539675422;
A(4,9)=17.46832260352404;
A(5,9)=-13.036932223045138;
A(6,9)=11.824002710116917;
A(7,9)=-13.16361728695429;
A(8,9)=20.84954365025396;
A(9,9)=-1.3762717579788495;
A(10,9)=-15.159294578475837;
A(11,9)=6.8685071627669725;
A(12,9)=-4.300141549847103;
A(13,9)=3.1330753264856663;
A(14,9)=-2.5171285415212767;
A(15,9)=2.178407169475909;
A(16,9)=-2.0082124123542116;
A(17,9)=1.962702844803605;
A(18,9)=-2.033200570788867;
A(19,9)=2.241804254145176;
A(20,9)=-2.6572448873732197;
A(21,9)=3.4537865376516885;
A(22,9)=-5.128211047905027;
A(23,9)=9.611836885238398;
A(24,9)=-32.795395538839216;
A(2,10)=-90.33135393784508;
A(3,10)=27.079304943437947;
A(4,10)=-15.0872728558613;
A(5,10)=10.893614747653766;
A(6,10)=-9.324227713754158;
A(7,10)=9.28060119912798;
A(8,10)=-11.080754928953358;
A(9,10)=18.570572106753296;
A(10,10)=-0.9208850008397855;
A(11,10)=-14.78459401668075;
A(12,10)=6.9665603310657005;
A(13,10)=-4.526783494424621;
A(14,10)=3.420279116331297;
A(15,10)=-2.850242856099666;
A(16,10)=2.562124879417797;
A(17,10)=-2.460117996668054;
A(18,10)=2.5159793792315557;
A(19,10)=-2.7479572108943686;
A(20,10)=3.234388505373231;
A(21,10)=-4.182312514733195;
A(22,10)=6.187246706926391;
A(23,10)=-11.56896827332187;
A(24,10)=39.42214109900573;
A(2,11)=80.12957630618257;
A(3,11)=-23.8637327118126;
A(4,11)=13.125256922198357;
A(5,11)=-9.274767991679623;
A(6,11)=7.664974072033151;
A(7,11)=-7.1886747035619;
A(8,11)=7.664124215353063;
A(9,11)=-9.673187118275004;
A(10,11)=16.996924517069406;
A(11,11)=-0.5678918460125109;
A(12,11)=-14.67023981191427;
A(13,11)=7.172042080394067;
A(14,11)=-4.831556177404107;
A(15,11)=3.7859330338345014;
A(16,11)=-3.2767462282551523;
A(17,11)=3.067935967856425;
A(18,11)=-3.082785948386409;
A(19,11)=3.324630749636498;
A(20,11)=-3.8772331237975726;
A(21,11)=4.98022361034928;
A(22,11)=-7.333211018995612;
A(23,11)=13.669870583376861;
A(24,11)=-46.50498996322296;
A(2,12)=-70.78711626553039;
A(3,12)=20.98140588566801;
A(4,12)=-11.434456242791365;
A(5,12)=7.960434914156718;
A(6,12)=-6.4283806711925555;
A(7,12)=5.813992452073578;
A(8,12)=-5.835018790798716;
A(9,12)=6.5710771321532055;
A(10,12)=-8.690123026706294;
A(11,12)=15.917827471225907;
A(12,12)=-0.27133179064102325;
A(13,12)=-14.808249802501898;
A(14,12)=7.504306104130314;
A(15,12)=-5.242441748429665;
A(16,12)=4.266473682005202;
A(17,12)=-3.846442170832428;
A(18,12)=3.769431154316551;
A(19,12)=-3.995146036796506;
A(20,12)=4.6021696114130535;
A(21,12)=-5.859895047782215;
A(22,12)=8.576306853535218;
A(23,12)=-15.92458313496236;
A(24,12)=54.0625638479202;
A(2,13)=62.13413036040333;
A(3,13)=-18.35154401431268;
A(4,13)=9.933881565383695;
A(5,13)=-6.841873209225175;
