tLegendre(2)=0.005299532504175033;
tLegendre(3)=0.02771248846338371;
tLegendre(4)=0.06718439880608412;
tLegendre(5)=0.12229779582249849;
tLegendre(6)=0.19106187779867811;
tLegendre(7)=0.2709916111713863;
tLegendre(8)=0.35919822461037054;
tLegendre(9)=0.4524937450811813;
tLegendre(10)=0.5475062549188188;
tLegendre(11)=0.6408017753896295;
tLegendre(12)=0.7290083888286137;
tLegendre(13)=0.8089381222013219;
tLegendre(14)=0.8777022041775016;
tLegendre(15)=0.9328156011939158;
tLegendre(16)=0.9722875115366163;
tLegendre(17)=0.994700467495825;
A(2,2)=0.006788114852938524;
A(3,2)=0.014688355739094638;
A(4,2)=0.013031488757002925;
A(5,2)=0.013914562989563872;
A(6,2)=0.013340202736275428;
A(7,2)=0.013752704094945637;
A(8,2)=0.01343811900184236;
A(9,2)=0.013687791670766909;
A(10,2)=0.013484086053874201;
A(11,2)=0.013653491099350889;
A(12,2)=0.013510879903314302;
A(13,2)=0.01363160929215658;
A(14,2)=0.013529634903656286;
A(15,2)=0.013614562967342187;
A(16,2)=0.013546417734365055;
A(17,2)=0.013595745389877631;
A(2,3)=-0.0025498156016664207;
A(3,3)=0.015563380984661973;
A(4,3)=0.03383605413802762;
A(5,3)=0.02972001918886916;
A(6,3)=0.03203955577869617;
A(7,3)=0.0304689428780195;
A(8,3)=0.03163074694638994;
A(9,3)=0.03072505354967737;
A(10,3)=0.0314556216268109;
A(11,3)=0.03085269993704811;
A(12,3)=0.03135756832006543;
A(13,3)=0.030931775623602737;
A(14,3)=0.03129045468216172;
A(15,3)=0.030992300077666107;
A(16,3)=0.031231229725586906;
A(17,3)=0.03105841087618589;
A(2,4)=0.0019090991781367235;
A(3,4)=-0.00414132717596764;
A(4,4)=0.023789627920623196;
A(5,4)=0.0517801403483892;
A(6,4)=0.04535510632585621;
A(7,4)=0.049048538719911265;
A(8,4)=0.04650437962214507;
A(9,4)=0.048412685417913374;
A(10,4)=0.04690897854723003;
A(11,4)=0.04813117543226429;
A(12,4)=0.04711832682860575;
A(13,4)=0.047966343369355;
A(14,4)=0.04725565771698809;
A(15,4)=0.0478442967764949;
A(16,4)=0.047373722199475644;
A(17,4)=0.04771359859280501;
A(2,5)=-0.0015529395863544586;
A(3,5)=0.002816240663291797;
A(4,5)=-0.005501892634002195;
A(5,5)=0.03115724281388347;
A(6,5)=0.06784622532815639;
A(7,5)=0.059360391807074156;
A(8,5)=0.06428300515834291;
A(9,5)=0.060863467025027436;
A(10,5)=0.06344612321341286;
A(11,5)=0.06140114672249213;
A(12,5)=0.06306692951485267;
A(13,5)=0.06168855130130664;
A(14,5)=0.06283429442816829;
A(15,5)=0.06189066961159072;
A(16,5)=0.06264219164523037;
A(17,5)=0.06210061688834385;
A(2,6)=0.0013003863616733529;
A(3,6)=-0.00219345482567798;
A(4,6)=0.0034965221728233374;
A(5,6)=-0.006639917364470169;
A(6,6)=0.037398997204144184;
A(7,6)=0.08145474794895469;
A(8,6)=0.07122776175885592;
A(9,6)=0.07718760470462736;
A(10,6)=0.07303031975710489;
A(11,6)=0.07617925858327435;
A(12,6)=0.0736838477565867;
A(13,6)=0.07571164524402679;
A(14,6)=0.07404666617731809;
A(15,6)=0.075406523698019;
A(16,6)=0.07432943980529687;
A(17,6)=0.07510310724702272;
A(2,7)=-0.001099413978104675;
A(3,7)=0.0017874391815362418;
A(4,7)=-0.002611839691134492;
A(5,7)=0.004009535051445654;
A(6,7)=-0.007527162113886165;
A(7,7)=0.042289129848750634;
A(8,7)=0.09211515189216346;
A(9,7)=0.08052720073691026;
A(10,7)=0.08729497416459168;
A(11,7)=0.08256694574897395;
A(12,7)=0.08614788038482393;
A(13,7)=0.08331843200299985;
A(14,7)=0.085599537396396;
A(15,7)=0.08375889896888228;
A(16,7)=0.0852054113264463;
A(17,7)=0.08417113837648092;
A(2,8)=0.0009288103824611658;
A(3,8)=-0.0014782998956699256;
A(4,8)=0.00206262230133837;
A(5,8)=-0.0028842281633600646;
A(6,8)=0.004357982319235883;
A(7,8)=-0.008136028445684633;
A(8,8)=0.045650853761230896;
A(9,8)=0.09944286147387528;
A(10,8)=0.08692213009978732;
A(11,8)=0.09423914404364103;
A(12,8)=0.08913050657175561;
A(13,8)=0.0929877390626584;
A(14,8)=0.08996350500408735;
A(15,8)=0.09236080775814369;
A(16,8)=0.09049782270018185;
A(17,8)=0.09182129928707909;
A(2,9)=-0.000778400292638017;
A(3,9)=0.0012224834918901487;
A(4,9)=-0.0016592708237987142;
A(5,9)=0.0022057179586841263;
A(6,9)=-0.0030262384237201827;
A(7,9)=0.004537073686656364;
A(8,9)=-0.008446427935230748;
A(9,9)=0.047362652613767126;
A(10,9)=0.10317333864857194;
A(11,9)=0.09018150402832452;
A(12,9)=0.0977679500872369;
A(13,9)=0.09248669545997376;
A(14,9)=0.09644552669173094;
A(15,9)=0.09339085347665704;
A(16,9)=0.09572609456319256;
A(17,9)=0.09408239215447606;
A(2,10)=0.0006429130730581916;
A(3,10)=-0.00100078933565831;
A(4,10)=0.0013344517508772085;
A(5,10)=-0.0017202214641966905;
A(6,10)=0.0022386097675604934;
A(7,10)=-0.003042644859702651;
A(8,10)=0.004543801199209732;
A(9,10)=-0.008448033421037683;
A(10,10)=0.047362652613767126;
A(11,10)=0.103171733162765;
A(12,10)=0.09018823154087789;
A(13,10)=0.09775154365125444;
A(14,10)=0.09251958726885012;
A(15,10)=0.09638457605133297;
A(16,10)=0.0935028217356441;
A(17,10)=0.09550370552017226;
A(2,11)=-0.0005195917646173007;
A(3,11)=0.000803884822279941;
A(4,11)=-0.0010591002356818958;
A(5,11)=0.001338202518374444;
A(6,11)=-0.001686031540196616;
A(7,11)=0.0021712009507061794;
A(8,11)=-0.002937436521179236;
A(9,11)=0.004379577422674482;
A(10,11)=-0.008141153951413483;
A(11,11)=0.045650853761230896;
A(12,11)=0.09943773596814642;
A(13,11)=0.08694372520322591;
A(14,11)=0.09418593568582186;
A(15,11)=0.08923908522112342;
A(16,11)=0.09278000741813172;
A(17,11)=0.09037289714000063;
A(2,12)=0.00040712132102035037;
A(3,12)=-0.0006271516289450237;
A(4,12)=0.0008193607286189948;
A(5,12)=-0.0010212776988947289;
A(6,12)=0.0012598276945014187;
A(7,12)=-0.001569620687322662;
A(8,12)=0.0020113139485273173;
A(9,12)=-0.0027167144670904204;
A(10,12)=0.004051058960591014;
A(11,12)=-0.007536892194662191;
A(12,12)=0.042289129848750634;
A(13,12)=0.09210542181138744;
A(14,12)=0.08056872464605562;
A(15,12)=0.08719009938863576;
A(16,12)=0.08279082051596502;
A(17,12)=0.08567767367560594;
A(2,13)=-0.00030511283873435466;
A(3,13)=0.0004685546029915049;
A(4,13)=-0.0006085292897306367;
A(5,13)=0.0007513282309702764;
A(6,13)=-0.0009136508357384329;
A(7,13)=0.0011141466517016535;
A(8,13)=-0.0013812641749859785;
A(9,13)=0.0017676746511834718;
A(10,13)=-0.0023896102963389923;
A(11,13)=0.0035702326494324475;
A(12,13)=-0.006656753540666324;
A(13,13)=0.037398997204144184;
A(14,13)=0.08143791177275854;
A(15,13)=0.07130147223546503;
A(16,13)=0.07699144923396635;
A(17,13)=0.07349760804661501;
A(2,14)=0.00021386873942309212;
A(3,14)=-0.0003277060174634333;
A(4,14)=0.00042381601617621996;
A(5,14)=-0.0005198088004013574;
A(6,14)=0.0006259343264602944;
A(7,14)=-0.0007524438870857332;
A(8,14)=0.0009133389052748065;
A(9,14)=-0.0011316375856459321;
A(10,14)=0.0014510186027395001;
A(11,14)=-0.001968519530575974;
A(12,14)=0.002954093820692783;
A(13,14)=-0.005531739700389444;
A(14,14)=0.03115724281388347;
A(15,14)=0.06781637826176913;
A(16,14)=0.05949824496447514;
A(17,14)=0.06386742521412139;
A(2,15)=-0.00013434275155861354;
A(3,15)=0.00020553364177074726;
A(4,15)=-0.0002650409352485076;
A(5,15)=0.00032359812425830024;
A(6,15)=-0.00038708752810860924;
A(7,15)=0.0004609290126406437;
A(8,15)=-0.0005519195910179026;
A(9,15)=0.0006702772940163651;
A(10,15)=-0.0008334295766669837;
A(11,15)=0.0010748762191013248;
A(12,15)=-0.0014692828786648739;
A(13,15)=0.002224149515390185;
A(14,15)=-0.00420088450714281;
A(15,15)=0.023789627920623196;
A(16,15)=0.05172058301721403;
A(17,15)=0.04567015666310967;
A(2,16)=0.00006835109313805682;
A(3,16)=-0.00010446775626296073;
A(4,16)=0.0001344618916578405;
A(5,16)=-0.00016369271283777007;
A(6,16)=0.00019498634572121012;
A(7,16)=-0.00023080635074148077;
A(8,16)=0.00027406203227583754;
A(9,16)=-0.0003288596574869537;
A(10,16)=0.00040170841964657907;
A(11,16)=-0.0005039849770659961;
A(12,16)=0.0006578190913044469;
A(13,16)=-0.0009127938093722185;
A(14,16)=0.0014067427804547875;
A(15,16)=-0.0027092921687036716;
A(16,16)=0.015563380984661973;
A(17,16)=0.033676577570990365;
A(2,17)=-0.000019515684000583094;
A(3,17)=0.00002981197151199246;
A(4,17)=-0.00003833326146514045;
A(5,17)=0.00004659480222076111;
A(6,17)=-0.000055379586279532815;
A(7,17)=0.00006534980256274624;
A(8,17)=-0.00007726139347384104;
