tLegendre(2)=0.0007298996816128876;
tLegendre(3)=0.0038418039307420958;
tLegendre(4)=0.009424083461043016;
tLegendre(5)=0.01745017478875343;
tLegendre(6)=0.02788024544090295;
tLegendre(7)=0.04066237000791211;
tLegendre(8)=0.055732880856978396;
tLegendre(9)=0.07301670249764482;
tLegendre(10)=0.0924277301774325;
tLegendre(11)=0.11386926037562205;
tLegendre(12)=0.1372344731696415;
tLegendre(13)=0.16240696466693882;
tLegendre(14)=0.18926132704821208;
tLegendre(15)=0.21766377340726462;
tLegendre(16)=0.24747280430589885;
tLegendre(17)=0.2785399127372943;
tLegendre(18)=0.3107103239926464;
tLegendre(19)=0.3438237667486071;
tLegendre(20)=0.3777152715358994;
tLegendre(21)=0.4122159926122416;
tLegendre(22)=0.44715404914567336;
tLegendre(23)=0.48235538151793234;
tLegendre(24)=0.5176446184820677;
tLegendre(25)=0.5528459508543266;
tLegendre(26)=0.5877840073877584;
tLegendre(27)=0.6222847284641007;
tLegendre(28)=0.656176233251393;
tLegendre(29)=0.6892896760073536;
tLegendre(30)=0.7214600872627057;
tLegendre(31)=0.7525271956941012;
tLegendre(32)=0.7823362265927354;
tLegendre(33)=0.8107386729517879;
tLegendre(34)=0.8375930353330612;
tLegendre(35)=0.8627655268303585;
tLegendre(36)=0.8861307396243779;
tLegendre(37)=0.9075722698225676;
tLegendre(38)=0.9269832975023552;
tLegendre(39)=0.9442671191430216;
tLegendre(40)=0.9593376299920879;
tLegendre(41)=0.972119754559097;
tLegendre(42)=0.9825498252112466;
tLegendre(43)=0.9905759165389569;
tLegendre(44)=0.9961581960692579;
tLegendre(45)=0.9992701003183871;
A(2,2)=-684.5252795340153;
A(3,2)=-92.04342999361866;
A(4,2)=16.859635823041966;
A(5,2)=-5.554576427237347;
A(6,2)=2.426053718312951;
A(7,2)=-1.2551644128002732;
A(8,2)=0.727924578670953;
A(9,2)=-0.4585992890587715;
A(10,2)=0.307773744577861;
A(11,2)=-0.2171723089618414;
A(12,2)=0.15965303842166528;
A(13,2)=-0.12146774117273404;
A(14,2)=0.09516866276994845;
A(15,2)=-0.07649279470607932;
A(16,2)=0.06288527201302503;
A(17,2)=-0.052754173849128075;
A(18,2)=0.04507400180830211;
A(19,2)=-0.0391649360472141;
A(20,2)=0.03456505847969567;
A(21,2)=-0.030953838394615286;
A(22,2)=0.028104941668665794;
A(23,2)=-0.02585637429826303;
A(24,2)=0.02409118618026514;
A(25,2)=-0.02272479608865107;
A(26,2)=0.021696592963083346;
A(27,2)=-0.02096439577125905;
A(28,2)=0.020500914680056943;
A(29,2)=-0.02029171422195296;
A(30,2)=0.020334430246296543;
A(31,2)=-0.020639199897207885;
A(32,2)=0.021230480993250356;
A(33,2)=-0.02215072777564143;
A(34,2)=0.02346685741858784;
A(35,2)=-0.025281286793100006;
A(36,2)=0.027750974573248537;
A(37,2)=-0.03112137852246325;
A(38,2)=0.03579007262781398;
A(39,2)=-0.042433961344501975;
A(40,2)=0.052286054121992304;
A(41,2)=-0.06780819971721394;
A(42,2)=0.09459376770841783;
A(43,2)=-0.14808441899394512;
A(44,2)=0.28774582954996236;
A(45,2)=-1.0014619334928077;
A(2,3)=1121.9015666982652;
A(3,3)=-129.64526530350207;
A(4,3)=-91.6740474079439;
A(5,3)=23.826991475873296;
A(6,3)=-9.56644216302372;
A(7,3)=4.752447348128004;
A(8,3)=-2.693772462253105;
A(9,3)=1.6731113406677878;
A(10,3)=-1.112261433617277;
A(11,3)=0.7796471146548161;
A(12,3)=-0.5703919762295255;
A(13,3)=0.4323969082357019;
A(14,3)=-0.3378339125675642;
A(15,3)=0.2709421386122222;
A(16,3)=-0.222352516171321;
A(17,3)=0.18626447460131434;
A(18,3)=-0.15896042946911912;
A(19,3)=0.13798614443802784;
A(20,3)=-0.12167969956195487;
A(21,3)=0.10889109578614208;
A(22,3)=-0.0988101641239841;
A(23,3)=0.09085813069756106;
A(24,3)=-0.08461777152960963;
A(25,3)=0.07978765907929701;
A(26,3)=-0.07615190789952642;
A(27,3)=0.07356024203318046;
A(28,3)=-0.07191526020873328;
A(29,3)=0.07116507866865367;
A(30,3)=-0.0713004393829776;
A(31,3)=0.07235611452650671;
A(32,3)=-0.07441720840355953;
A(33,3)=0.07763198168953728;
A(34,3)=-0.08223446355924371;
A(35,3)=0.08858307925743432;
A(36,3)=-0.09722732030252511;
A(37,3)=0.10902665456588928;
A(38,3)=-0.1253733128537467;
A(39,3)=0.1486378044055525;
A(40,3)=-0.18313821665902685;
A(41,3)=0.23749622744889567;
A(42,3)=-0.3313005813624852;
A(43,3)=0.5186302487835374;
A(44,3)=-1.00774310282724;
A(45,3)=3.5072845178126886;
A(2,4)=-784.6828816103771;
A(3,4)=350.0502841396485;
A(4,4)=-52.550800421974714;
A(5,4)=-78.94293389650814;
A(6,4)=24.34766843540222;
A(7,4)=-10.946179990617155;
A(8,4)=5.898371254157338;
A(9,4)=-3.556384237175356;
A(10,4)=2.3196178941496104;
A(11,4)=-1.6049177258194416;
A(12,4)=1.163271869228742;
A(13,4)=-0.8757689238590138;
A(14,4)=0.6806456599388818;
A(15,4)=-0.543634970337485;
A(16,4)=0.4446832376452263;
A(17,4)=-0.3715253671213929;
A(18,4)=0.31637640172361775;
A(19,4)=-0.2741369102825038;
A(20,4)=0.24137565274032138;
A(21,4)=-0.21573068817060873;
A(22,4)=0.19554516602298103;
A(23,4)=-0.1796395758096082;
A(24,4)=0.16716596814906814;
A(25,4)=-0.15751294518865502;
A(26,4)=0.15024307901692008;
A(27,4)=-0.14505177750422105;
A(28,4)=0.1417409992461821;
A(29,4)=-0.14020397224578204;
A(30,4)=0.14041896299655043;
A(31,4)=-0.14245166540144383;
A(32,4)=0.14646732966092452;
A(33,4)=-0.15275578524131175;
A(34,4)=0.1617757499115266;
A(35,4)=-0.17423064600746133;
A(36,4)=0.1911995473379021;
A(37,4)=-0.21437079885780594;
A(38,4)=0.24647977425496756;
A(39,4)=-0.2921843228746075;
A(40,4)=0.3599695028976285;
A(41,4)=-0.4667773274218212;
A(42,4)=0.6511010550303818;
A(43,4)=-1.0192102448231264;
A(44,4)=1.9803496309290491;
A(45,4)=-6.892160058342327;
A(2,5)=643.9649285880274;
A(3,5)=-226.63058407765033;
A(4,5)=196.64302334758122;
A(5,5)=-28.144128078978905;
A(6,5)=-67.99769039175109;
A(7,5)=23.249639056577113;
A(8,5)=-11.260965249248784;
A(9,5)=6.4236928840530565;
A(10,5)=-4.052891592198706;
A(11,5)=2.743852712561827;
A(12,5)=-1.9589805838049763;
A(13,5)=1.458735135306837;
A(14,5)=-1.1244289188070804;
A(15,5)=0.8924008238610757;
A(16,5)=-0.7263211443192318;
A(17,5)=0.6043945689784456;
A(18,5)=-0.5129948077186941;
A(19,5)=0.4433033363755471;
A(20,5)=-0.38944419999060853;
A(21,5)=0.34740476141381477;
A(22,5)=-0.3143885589855992;
A(23,5)=0.2884153076354197;
A(24,5)=-0.2680673084451873;
A(25,5)=0.2523254532233277;
A(26,5)=-0.24046184342657154;
A(27,5)=0.23196947253536207;
A(28,5)=-0.226517300028299;
A(29,5)=0.22392391870310233;
A(30,5)=-0.22414630367572008;
A(31,5)=0.22728271288421162;
A(32,5)=-0.23359136950393525;
A(33,5)=0.24352984900380842;
A(34,5)=-0.2578252798009644;
A(35,5)=0.2775947629557688;
A(36,5)=-0.3045535726706647;
A(37,5)=0.3413867665276262;
A(38,5)=-0.3924456402095631;
A(39,5)=0.4651406357075647;
A(40,5)=-0.5729720229045192;
A(41,5)=0.7428965267119577;
A(42,5)=-1.0361624310631845;
A(43,5)=1.6218611805563696;
A(44,5)=-3.1511676300162534;
A(45,5)=10.966645191615589;
A(2,6)=-559.1764308441592;
A(3,6)=180.89932016933463;
A(4,6)=-120.57571193173268;
A(5,6)=135.18588162983332;
A(6,6)=-17.4195050659699;
A(7,6)=-59.53165712769512;
A(8,6)=21.823808431499486;
A(9,6)=-11.150366687341824;
A(10,6)=6.637973710833243;
A(11,6)=-4.338098589249081;
A(12,6)=3.0256106140902026;
A(13,6)=-2.216282123281301;
A(14,6)=1.6879101436690322;
A(15,6)=-1.3274360459403882;
A(16,6)=1.0727541903359579;
A(17,6)=-0.8876555741024004;
A(18,6)=0.7499961162293052;
A(19,6)=-0.6456916123191675;
A(20,6)=0.5654871328292855;
A(21,6)=-0.5031333611668531;
A(22,6)=0.4543147761724498;
A(23,6)=-0.41599793668992335;
A(24,6)=0.3860238296039263;
A(25,6)=-0.3628471009074676;
A(26,6)=0.34536673877401786;
A(27,6)=-0.3328158039178134;
A(28,6)=0.3246910463106426;
A(29,6)=-0.32071127302338254;
A(30,6)=0.32079861244793834;
A(31,6)=-0.3250808377882636;
A(32,6)=0.3339167588858771;
A(33,6)=-0.34795150064022207;
A(34,6)=0.36821594847730543;
A(35,6)=-0.3962979339641371;
A(36,6)=0.43463863628079397;
A(37,6)=-0.4870619431643259;
A(38,6)=0.55976680981807;
A(39,6)=-0.6633121851442155;
A(40,6)=0.8169359862376646;
A(41,6)=-1.0590533337604984;
A(42,6)=1.4769490161312924;
A(43,6)=-2.311597462270428;
A(44,6)=4.491001498378094;
A(45,6)=-15.628980848044236;
A(2,7)=499.6282973079711;
A(3,7)=-155.20359042959998;
A(4,7)=93.61878624032919;
A(5,7)=-79.82728452643104;
A(6,7)=102.81250411361707;
A(7,7)=-11.775188207862954;
A(8,7)=-53.00512265639085;
