tLegendre(2)=0.0006144963737869407;
tLegendre(3)=0.003234913866824621;
tLegendre(4)=0.007937708138586571;
tLegendre(5)=0.014704203726876374;
tLegendre(6)=0.02350614841978457;
tLegendre(7)=0.034306654646722834;
tLegendre(8)=0.04706043164221516;
tLegendre(9)=0.06171398986287606;
tLegendre(10)=0.07820586918780323;
tLegendre(11)=0.09646689798527869;
tLegendre(12)=0.11642048374212983;
tLegendre(13)=0.13798293453809268;
tLegendre(14)=0.16106381018366805;
tLegendre(15)=0.1855663016117432;
tLegendre(16)=0.21138763695801366;
tLegendre(17)=0.23841951263888347;
tLegendre(18)=0.2665485476245208;
tLegendre(19)=0.2956567590046416;
tLegendre(20)=0.32562205685391965;
tLegendre(21)=0.3563187563222722;
tLegendre(22)=0.38761810480265546;
tLegendre(23)=0.41938882196555416;
tLegendre(24)=0.4514976503952686;
tLegendre(25)=0.4838099145185653;
tLegendre(26)=0.5161900854814346;
tLegendre(27)=0.5485023496047313;
tLegendre(28)=0.5806111780344458;
tLegendre(29)=0.6123818951973445;
tLegendre(30)=0.6436812436777278;
tLegendre(31)=0.6743779431460803;
tLegendre(32)=0.7043432409953584;
tLegendre(33)=0.7334514523754792;
tLegendre(34)=0.7615804873611165;
tLegendre(35)=0.7886123630419863;
tLegendre(36)=0.8144336983882569;
tLegendre(37)=0.838936189816332;
tLegendre(38)=0.8620170654619074;
tLegendre(39)=0.8835795162578701;
tLegendre(40)=0.9035331020147214;
tLegendre(41)=0.9217941308121967;
tLegendre(42)=0.938286010137124;
tLegendre(43)=0.9529395683577848;
tLegendre(44)=0.9656933453532772;
tLegendre(45)=0.9764938515802154;
tLegendre(46)=0.9852957962731236;
tLegendre(47)=0.9920622918614135;
tLegendre(48)=0.9967650861331754;
tLegendre(49)=0.999385503626213;
A(2,2)=0.0007883365130764596;
A(3,2)=0.0017058321376253094;
A(4,2)=0.001513400579942634;
A(5,2)=0.0016159860689446651;
A(6,2)=0.0015492230149160423;
A(7,2)=0.001597233402129382;
A(8,2)=0.001560531290780245;
A(9,2)=0.001589781108763919;
A(10,2)=0.0015657541114281524;
A(11,2)=0.0015859508426547043;
A(12,2)=0.001568663053044156;
A(13,2)=0.0015836792989339908;
A(14,2)=0.0015704775844782195;
A(15,2)=0.0015822021744612363;
A(16,2)=0.0015716994498229326;
A(17,2)=0.0015811774531543864;
A(18,2)=0.0015725691907075615;
A(19,2)=0.0015804314280916708;
A(20,2)=0.0015732151286957446;
A(21,2)=0.0015798674164409546;
A(22,2)=0.0015737113830085793;
A(23,2)=0.0015794277146030967;
A(24,2)=0.0015741035025291729;
A(25,2)=0.0015790759149553902;
A(26,2)=0.0015744209239238667;
A(27,2)=0.0015787879627709547;
A(28,2)=0.0015746835010847263;
A(29,2)=0.0015785473147004773;
A(30,2)=0.0015749051468523971;
A(31,2)=0.0015783421622603117;
A(32,2)=0.0015750959777379079;
A(33,2)=0.0015781637532636065;
A(34,2)=0.0015752636459212069;
A(35,2)=0.001578005318405715;
A(36,2)=0.001575414220341877;
A(37,2)=0.0015778613309817874;
A(38,2)=0.001575552828178934;
A(39,2)=0.0015777269273710324;
A(40,2)=0.0015756842083141137;
A(41,2)=0.0015775973395241044;
A(42,2)=0.0015758133447876996;
A(43,2)=0.0015774671185924101;
A(44,2)=0.0015759465143337316;
A(45,2)=0.00157732857937073;
A(46,2)=0.0015760938355941529;
A(47,2)=0.0015771671287259851;
A(48,2)=0.0015762791926100612;
A(49,2)=0.0015769343411694483;
A(2,3)=-0.0003001320931658708;
A(3,3)=0.0018318884753190656;
A(4,3)=0.003982694803814518;
A(5,3)=0.0034981366273860045;
A(6,3)=0.003771339358131994;
A(7,3)=0.0035861351007672256;
A(8,3)=0.0037234389750704657;
A(9,3)=0.0036159809379269067;
A(10,3)=0.003703228423392689;
A(11,3)=0.0036304704098319702;
A(12,3)=0.003692396676077112;
A(13,3)=0.0036388323558062055;
A(14,3)=0.0036857741911999558;
A(15,3)=0.0036441879068150537;
A(16,3)=0.003681367079137923;
A(17,3)=0.0036478685957361365;
A(18,3)=0.0036782536270915287;
A(19,3)=0.003650531721446542;
A(20,3)=0.003675953166583512;
A(21,3)=0.003652536448782676;
A(22,3)=0.0036741922420198995;
A(23,3)=0.003654094442787562;
A(24,3)=0.003672804591238867;
A(25,3)=0.0036553380404943368;
A(26,3)=0.003671683604443729;
A(27,3)=0.003656354083758689;
A(28,3)=0.003670757805795526;
A(29,3)=0.0036572019823236774;
A(30,3)=0.003669977343306599;
A(31,3)=0.0036579239626886332;
A(32,3)=0.003669306107528601;
A(33,3)=0.003658551211309114;
A(34,3)=0.0036687168751274547;
A(35,3)=0.0036591077741938093;
A(36,3)=0.0036681881192295643;
A(37,3)=0.003659613227260945;
A(38,3)=0.0036677017041041185;
A(39,3)=0.003660084750687327;
A(40,3)=0.003667240912397448;
A(41,3)=0.0036605391431502833;
A(42,3)=0.003666788205759607;
A(43,3)=0.003660995557316966;
A(44,3)=0.0036663215430240196;
A(45,3)=0.003661480958324417;
A(46,3)=0.003665805443652557;
A(47,3)=0.0036620464918412404;
A(48,3)=0.0036651562274207816;
A(49,3)=0.003662861784187778;
A(2,4)=0.00023029274158680607;
A(3,4)=-0.0004995248157470044;
A(4,4)=0.002869308644808635;
A(5,4)=0.0062453632566702;
A(6,4)=0.005470172351156277;
A(7,4)=0.00591619022840441;
A(8,4)=0.00560836939478311;
A(9,4)=0.005840078448810964;
A(10,4)=0.005656385414374978;
A(11,4)=0.005807171180464011;
A(12,4)=0.005680242747796704;
A(13,4)=0.005789152601127018;
A(14,4)=0.005694283392737242;
A(15,4)=0.005777937749441314;
A(16,4)=0.00570342330975896;
A(17,4)=0.005770362995138277;
A(18,4)=0.005709790778368392;
A(19,4)=0.005764944446644777;
A(20,4)=0.005714451413715385;
A(21,4)=0.005760897595134322;
A(22,4)=0.005717995198709785;
A(23,4)=0.005757770472342207;
A(24,4)=0.005720774047919597;
A(25,4)=0.00575528507224802;
A(26,4)=0.00572301046606609;
A(27,4)=0.0057532611761597;
A(28,4)=0.00572485204200574;
A(29,4)=0.00575157665516209;
A(30,4)=0.005726400848546864;
A(31,4)=0.005750145361501091;
A(32,4)=0.005727730310897476;
A(33,4)=0.005748904073840631;
A(34,4)=0.005728895458754117;
A(35,4)=0.005747804316763933;
A(36,4)=0.005729939576312593;
A(37,4)=0.005746806828204821;
A(38,4)=0.005730898947251449;
A(39,4)=0.005745877319760487;
A(40,4)=0.0057318068568014465;
A(41,4)=0.005744982421432889;
A(42,4)=0.005732698068154592;
A(43,4)=0.00574408424634606;
A(44,4)=0.005733616105239694;
A(45,4)=0.00574312962582241;
A(46,4)=0.0057346308455855964;
A(47,4)=0.005742017917746983;
A(48,4)=0.005735906851480724;
A(49,4)=0.0057404156749017304;
A(2,5)=-0.00019422870040994964;
A(3,5)=0.00035217248854981355;
A(4,5)=-0.0006878621637942195;
A(5,5)=0.003894828930735962;
A(6,5)=0.00848132686937909;
A(7,5)=0.007419945623249119;
A(8,5)=0.008036545769514602;
A(9,5)=0.007606938573536232;
A(10,5)=0.007933158426340247;
A(11,5)=0.007672500677240425;
A(12,5)=0.007887967256715379;
A(13,5)=0.007705457185832939;
A(14,5)=0.007862931489170324;
A(15,5)=0.0077250754613045775;
A(16,5)=0.00784717754014998;
A(17,5)=0.007737979962699704;
A(18,5)=0.007836431392070136;
A(19,5)=0.007747054510406605;
A(20,5)=0.007828675837037051;
A(21,5)=0.007753752668350424;
A(22,5)=0.007822836977536753;
A(23,5)=0.007758884953289468;
A(24,5)=0.007818291648102427;
A(25,5)=0.007762938352105831;
A(26,5)=0.007814653718604176;
A(27,5)=0.00776622306565932;
A(28,5)=0.007811670974653288;
A(29,5)=0.007768946469449397;
A(30,5)=0.007809171086708217;
A(31,5)=0.0077712532543287565;
A(32,5)=0.007807031315711999;
A(33,5)=0.0077732486399706;
A(34,5)=0.007805160450484341;
A(35,5)=0.007775012661920739;
A(36,5)=0.007803487292926096;
A(37,5)=0.007776609668345279;
A(38,5)=0.007801952587428239;
A(39,5)=0.0077780954605819325;
A(40,5)=0.00780050235114777;
A(41,5)=0.00777952397864868;
A(42,5)=0.007799080569880986;
A(43,5)=0.007780956092347041;
A(44,5)=0.0077976174965324425;
A(45,5)=0.0077824768214634745;
A(46,5)=0.007796001582849936;
A(47,5)=0.007784246621529713;
A(48,5)=0.0077939706967699385;
A(49,5)=0.00778679633202698;
A(2,6)=0.00017075950943761718;
A(3,6)=-0.00028794894899532216;
A(4,6)=0.00045880904066761274;
A(5,6)=-0.0008708912819903425;
A(6,6)=0.004904040114338882;
A(7,6)=0.010681313627928632;
A(8,6)=0.009339059846160524;
A(9,6)=0.01012301122924712;
A(10,6)=0.00957371371450136;
A(11,6)=0.009993113170827569;
A(12,6)=0.009656273075476462;
A(13,6)=0.00993604139201801;
A(14,6)=0.009698029239035108;
A(15,6)=0.009904211878248009;
A(16,6)=0.009723058444094046;
A(17,6)=0.009884042671902266;
A(18,6)=0.009739636410841551;
A(19,6)=0.009870191031828065;
