tLegendre(2)=0.0019103685555057165;
tLegendre(3)=0.010038262019249388;
tLegendre(4)=0.024549721092647497;
tLegendre(5)=0.04525883966125445;
tLegendre(6)=0.07189604599085275;
tLegendre(7)=0.10411418046474588;
tLegendre(8)=0.14149326313028815;
tLegendre(9)=0.18354601402675244;
tLegendre(10)=0.22972421771027154;
tLegendre(11)=0.27942587412498654;
tLegendre(12)=0.33200304818074555;
tLegendre(13)=0.3867703172802316;
tLegendre(14)=0.44301370719523503;
tLegendre(15)=0.5;
tLegendre(16)=0.556986292804765;
tLegendre(17)=0.6132296827197684;
tLegendre(18)=0.6679969518192544;
tLegendre(19)=0.7205741258750135;
tLegendre(20)=0.7702757822897285;
tLegendre(21)=0.8164539859732476;
tLegendre(22)=0.8585067368697118;
tLegendre(23)=0.8958858195352541;
tLegendre(24)=0.9281039540091472;
tLegendre(25)=0.9547411603387456;
tLegendre(26)=0.9754502789073525;
tLegendre(27)=0.9899617379807506;
tLegendre(28)=0.9980896314444943;
A(2,2)=-261.22864409454525;
A(3,2)=-35.419016054831886;
A(4,2)=6.567121683497668;
A(5,2)=-2.2021678029097522;
A(6,2)=0.984484205542396;
A(7,2)=-0.5243452426887346;
A(8,2)=0.3149143101537936;
A(9,2)=-0.20673390807308836;
A(10,2)=0.14550947997763475;
A(11,2)=-0.1084198612549278;
A(12,2)=0.08477692596874432;
A(13,2)=-0.06914143787495808;
A(14,2)=0.058561243718946124;
A(15,2)=-0.05135513927183714;
A(16,2)=0.04653698528585837;
A(17,2)=-0.04352843042704861;
A(18,2)=0.042012920491948325;
A(19,2)=-0.04186685679288745;
A(20,2)=0.043142330627702556;
A(21,2)=-0.046099737362979044;
A(22,2)=0.05131547667052877;
A(23,2)=-0.05994581003374591;
A(24,2)=0.07439027340654439;
A(25,2)=-0.10018631660274888;
A(26,2)=0.15271626911862193;
A(27,2)=-0.29136338250486193;
A(28,2)=1.0038353911322457;
A(2,3)=427.3734146691465;
A(3,3)=-49.30434907948981;
A(4,3)=-35.58881190111628;
A(5,3)=9.414846076372987;
A(6,3)=-3.8690921327660583;
A(7,3)=1.9787524446885572;
A(8,3)=-1.161536838991647;
A(9,3)=0.7517603540484792;
A(10,3)=-0.5241488316777956;
A(11,3)=0.38797521743131186;
A(12,3)=-0.30191916979168504;
A(13,3)=0.24535451541613618;
A(14,3)=-0.20723966157305915;
A(15,3)=0.1813488272352382;
A(16,3)=-0.16405522952308274;
A(17,3)=0.15323976384302007;
A(18,3)=-0.14774079656822184;
A(19,3)=0.14709421817621518;
A(20,3)=-0.15146337025105203;
A(21,3)=0.16174814702243692;
A(22,3)=-0.1799593396644113;
A(23,3)=0.21014107001924456;
A(24,3)=-0.2606931806765594;
A(25,3)=0.3510059276946099;
A(26,3)=-0.5349483726529701;
A(27,3)=1.0204878488279912;
A(28,3)=-3.515652820447796;
A(2,4)=-297.09608704963733;
A(3,4)=133.43333708606255;
A(4,4)=-19.854246372191675;
A(5,4)=-31.004412962688935;
A(6,4)=9.78796897225023;
A(7,4)=-4.5302925088239;
A(8,4)=2.5281875401336573;
A(9,4)=-1.5884982169398394;
A(10,4)=1.0866982513749792;
A(11,4)=-0.7940133991002855;
A(12,4)=0.6122027769309843;
A(13,4)=-0.49411600082644114;
A(14,4)=0.41519630808718777;
A(15,4)=-0.36186555045884244;
A(16,4)=0.32632000003032174;
A(17,4)=-0.30403445687275893;
A(18,4)=0.29252403558789714;
A(19,4)=-0.29075859873346116;
A(20,4)=0.2989874946078744;
A(21,4)=-0.3189341679627786;
A(22,4)=0.35452091688823323;
A(23,4)=-0.41367536006633504;
A(24,4)=0.5128904742749825;
A(25,4)=-0.6902601304466616;
A(26,4)=1.051634675972987;
A(27,4)=-2.005685009383678;
A(28,4)=6.908872436150294;
A(2,5)=241.65847034691973;
A(3,5)=-85.6236677173676;
A(4,5)=75.20613291144117;
A(5,5)=-10.523863445245215;
A(6,5)=-27.09599202095624;
A(7,5)=9.538374150749267;
A(8,5)=-4.784867919694673;
A(9,5)=2.8445049911635327;
A(10,5)=-1.882488583611043;
A(11,5)=1.3460033826286715;
A(12,5)=-1.022338485150163;
A(13,5)=0.8162282600955002;
A(14,5)=-0.6803163997999863;
A(15,5)=0.5892545622898333;
A(16,5)=-0.5287954707557001;
A(17,5)=0.49078455802151677;
A(18,5)=-0.4707430524005275;
A(19,5)=0.46672958086801025;
A(20,5)=-0.4789597978080849;
A(21,5)=0.5100635806354316;
A(22,5)=-0.5662098939424135;
A(23,5)=0.6599652663694222;
A(24,5)=-0.8175403798892683;
A(25,5)=1.0995265958057112;
A(26,5)=-1.6743356881587017;
A(27,5)=3.1922364610052036;
A(28,5)=-10.994108617845729;
A(2,6)=-207.3828819583684;
A(3,6)=67.5464009233121;
A(4,6)=-45.57585954783852;
A(5,6)=52.01368159603254;
A(6,6)=-6.415752615016272;
A(7,6)=-24.141603481750398;
A(8,6)=9.16673756079762;
A(9,6)=-4.88130864926917;
A(10,6)=3.0483790002293363;
A(11,6)=-2.1042515241079167;
A(12,6)=1.5615057601620475;
A(13,6)=-1.2265521708010048;
A(14,6)=1.0102319282821344;
A(15,6)=-0.8672099453879513;
A(16,6)=0.772876620300061;
A(17,6)=-0.7134412029392786;
A(18,6)=0.6813587736686311;
A(19,6)=-0.6732075133895213;
A(20,6)=0.6889089979382903;
A(21,6)=-0.731975210253147;
A(22,6)=0.8110485045229335;
A(23,6)=-0.9439406317444166;
A(24,6)=1.1679406259100251;
A(25,6)=-1.5693570096482188;
A(26,6)=2.3881792315905694;
A(27,6)=-4.551167430423407;
A(28,6)=15.67040812017962;
A(2,7)=182.578014480807;
A(3,7)=-57.102037075450305;
A(4,7)=34.868681335506594;
A(5,7)=-30.265920594067303;
A(6,7)=39.905532257428575;
A(7,7)=-4.244312947611292;
A(8,7)=-21.94378457736573;
A(9,7)=8.821324176869613;
A(10,7)=-4.924505650640381;
A(11,7)=3.2025859131865846;
A(12,7)=-2.2914269753076324;
A(13,7)=1.7567027434358449;
A(14,7)=-1.4223132245762033;
A(15,7)=1.2056938362567968;
A(16,7)=-1.0643651166347086;
A(17,7)=0.9753048351374233;
A(18,7)=-0.9260625175732796;
A(19,7)=0.9107660030685545;
A(20,7)=-0.9285544776194606;
A(21,7)=0.9836512692329796;
A(22,7)=-1.0872834451350184;
A(23,7)=1.2629904263481062;
A(24,7)=-1.5603128167376872;
A(25,7)=2.0941154153834862;
A(26,7)=-3.183969749946379;
A(27,7)=6.064165936230766;
A(28,7)=-20.873245490475604;
A(2,8)=-162.9833362756467;
A(3,8)=49.821039570147356;
A(4,8)=-28.92265956689303;
A(5,8)=22.566756780354627;
A(6,8)=-22.521714715302345;
A(7,8)=32.61603698328757;
A(8,8)=-2.9513305351849346;
A(9,8)=-20.313922410540858;
A(10,8)=8.547238773131992;
A(11,8)=-4.96254601850787;
A(12,8)=3.341732441874133;
A(13,8)=-2.4680821259611485;
A(14,8)=1.9489884986681547;
A(15,8)=-1.6231905112687195;
A(16,8)=1.414367596145489;
A(17,8)=-1.2832672825699711;
A(18,8)=1.2091705013175587;
A(19,8)=-1.1820403220886275;
A(20,8)=1.1993511476505552;
A(21,8)=-1.2656385622891044;
A(22,8)=1.3946739309998224;
A(23,8)=-1.6160784359147802;
A(24,8)=1.9926612841252465;
A(25,8)=-2.670402021053944;
A(26,8)=4.055746508409368;
A(27,8)=-7.718878197803505;
A(28,8)=26.55823289279362;
A(2,9)=146.61760541789852;
A(3,9)=-44.18580946988449;
A(4,9)=24.902289115155703;
A(5,9)=-18.38355481461821;
A(6,9)=16.43412267551783;
A(7,9)=-17.967060999465378;
A(8,9)=27.836676955014752;
A(9,9)=-2.111708164717746;
A(10,9)=-19.117080963583742;
A(11,9)=8.357106039118616;
A(12,9)=-5.019956824603768;
A(13,9)=3.4870059240144706;
A(14,9)=-2.651273614334837;
A(15,9)=2.1526233464950644;
A(16,9)=-1.8421147577357386;
A(17,9)=1.6492233728689376;
A(18,9)=-1.538335141134506;
A(19,9)=1.4920599875099354;
A(20,9)=-1.5045980386920181;
A(21,9)=1.5800085388789165;
A(22,9)=-1.7343362393650634;
A(23,9)=2.0034772560395964;
A(24,9)=-2.4643740572600774;
A(25,9)=3.296454681106521;
A(26,9)=-4.999811000487599;
A(27,9)=9.506982867547405;
A(28,9)=-32.69436139215459;
A(2,10)=-132.41844005826928;
A(3,10)=39.53127213178307;
A(4,10)=-21.859704084899658;
A(5,10)=15.611258547739105;
A(6,10)=-13.169278662498966;
A(7,10)=12.870300026903587;
A(8,10)=-15.029073476039384;
A(9,10)=24.530384215198698;
A(10,10)=-1.5274046486705255;
A(11,10)=-18.262230801803334;
A(12,10)=8.253846619254206;
A(13,10)=-5.111431668490969;
A(14,10)=3.6535055482375993;
A(15,10)=-2.8550444158934307;
A(16,10)=2.381132408908297;
A(17,10)=-2.0931394204121743;
A(18,10)=1.9261836600815665;
A(19,10)=-1.849166324734891;
A(20,10)=1.849962270996272;
A(21,10)=-1.9306487245022714;
A(22,10)=2.108884167162133;
A(23,10)=-2.4267968332482504;
A(24,10)=2.9761504610383853;
A(25,10)=-3.971957812998764;
A(26,10)=6.014344965535803;
A(27,10)=-11.423357919591833;
A(28,10)=39.26094796762758;
A(2,11)=119.76133983453767;
A(3,11)=-35.51736787196802;
A(4,11)=19.3871406812785;
A(5,11)=-13.548846942948696;
A(6,11)=11.03421131346748;
A(7,11)=-10.159619433287036;
A(8,11)=10.591599206565274;
A(9,11)=-13.016352576820793;
