tLegendre(2)=0.025446043828620736;
tLegendre(3)=0.12923440720030277;
tLegendre(4)=0.2970774243113014;
tLegendre(5)=0.5;
tLegendre(6)=0.7029225756886985;
tLegendre(7)=0.8707655927996972;
tLegendre(8)=0.9745539561713793;
A(2,2)=0.032371241542217426;
A(3,2)=0.07004354137872608;
A(4,2)=0.062153935787349866;
A(5,2)=0.0663329286176847;
A(6,2)=0.06366576746880694;
A(7,2)=0.06548633327460678;
A(8,2)=0.06428437356068539;
A(2,3)=-0.01145101728318387;
A(3,3)=0.06992634787231916;
A(4,3)=0.152005522057831;
A(5,3)=0.13359576922388228;
A(6,3)=0.14380627590344877;
A(7,3)=0.1372068518779083;
A(8,3)=0.14145951478168445;
A(2,4)=0.007633203872423545;
A(3,4)=-0.016590006578847773;
A(4,4)=0.09545751262627973;
A(5,4)=0.2077018807659708;
A(6,4)=0.1822024626540843;
A(7,4)=0.1963121171844556;
A(8,4)=0.18773996647887384;
A(2,5)=-0.005133733563225345;
A(3,5)=0.009349622783443333;
A(4,5)=-0.018375244215451836;
A(5,5)=0.10448979591836735;
A(6,5)=0.22735483605218654;
A(7,5)=0.19962996905329136;
A(8,5)=0.21411332539996003;
A(2,6)=0.003175058773685638;
A(3,6)=-0.005397091931896138;
A(4,6)=0.008712562598475183;
A(5,6)=-0.01678685551341131;
A(6,6)=0.09545751262627973;
A(7,6)=0.20750503183140726;
A(8,6)=0.18328182138013593;
A(2,7)=-0.0016068190370461058;
A(3,7)=0.0026458438667300373;
A(4,7)=-0.003953580158810438;
A(5,7)=0.006256926520756045;
A(6,7)=-0.012152826313192658;
A(7,7)=0.06992634787231916;
A(8,7)=0.1513037130278222;
A(2,8)=0.000458109523749453;
A(3,8)=-0.0007438501901719236;
A(4,8)=0.0010767156156279167;
A(5,8)=-0.001590445533249854;
A(6,8)=0.002588547297084982;
A(7,8)=-0.005301058294291229;
A(8,8)=0.032371241542217426;
