tLegendre(2)=0.002852707258800354;
tLegendre(3)=0.014969751082285637;
tLegendre(4)=0.036521613906413;
tLegendre(5)=0.06709371113984994;
tLegendre(6)=0.10609159701039592;
tLegendre(7)=0.1527563684066586;
tLegendre(8)=0.2061797982465442;
tLegendre(9)=0.26532208100662147;
tLegendre(10)=0.3290320895539579;
tLegendre(11)=0.3960697866558894;
tLegendre(12)=0.4651303633401389;
tLegendre(13)=0.5348696366598611;
tLegendre(14)=0.6039302133441107;
tLegendre(15)=0.6709679104460421;
tLegendre(16)=0.7346779189933785;
tLegendre(17)=0.7938202017534558;
tLegendre(18)=0.8472436315933414;
tLegendre(19)=0.8939084029896041;
tLegendre(20)=0.93290628886015;
tLegendre(21)=0.963478386093587;
tLegendre(22)=0.9850302489177144;
tLegendre(23)=0.9971472927411996;
A(2,2)=-174.77067239283585;
A(3,2)=-23.854749977115706;
A(4,2)=4.466347543354497;
A(5,2)=-1.5191886459778754;
A(6,2)=0.6920996107282312;
A(7,2)=-0.377474103005612;
A(8,2)=0.23335236779405552;
A(9,2)=-0.15855837610693024;
A(10,2)=0.11621203248725304;
A(11,2)=-0.09077300772645505;
A(12,2)=0.0749697260880977;
A(13,2)=-0.06514234291770017;
A(14,2)=0.05938251993282894;
A(15,2)=-0.0567356779057364;
A(16,2)=0.05686701826057233;
A(17,2)=-0.05998585080791584;
A(18,2)=0.06701250380401598;
A(19,2)=-0.08018757497587477;
A(20,2)=0.10493395825031411;
A(21,2)=-0.1565407232038602;
A(22,2)=0.29429409512132293;
A(23,2)=-1.0057381530593699;
A(2,3)=285.51686984352443;
A(3,3)=-32.89309035443597;
A(4,3)=-24.139327442471764;
A(5,3)=6.477614134515342;
A(6,3)=-2.712800605649911;
A(7,3)=1.4207603082384137;
A(8,3)=-0.8584701580679431;
A(9,3)=0.5751016837607785;
A(10,3)=-0.417561255813407;
A(11,3)=0.3240250319063405;
A(12,3)=-0.2663482123010976;
A(13,3)=0.23062031296669;
A(14,3)=-0.2096676417157324;
A(15,3)=0.1999095006350595;
A(16,3)=-0.2000505939661719;
A(17,3)=0.21075691651950146;
A(18,3)=-0.23521314495739967;
A(19,3)=0.28124306319365455;
A(20,3)=-0.3678237944783699;
A(21,3)=0.5484899709960426;
A(22,3)=-1.030863541223849;
A(23,3)=3.5223982197709116;
A(2,4)=-197.51016821539523;
A(3,4)=89.18774960209421;
A(4,4)=-13.17157013075481;
A(5,4)=-21.228400135878516;
A(6,4)=6.829808156303369;
A(7,4)=-3.237291980137791;
A(8,4)=1.8597352231435842;
A(9,4)=-1.2095654967458127;
A(10,4)=0.8617566651815415;
A(11,4)=-0.6601619443550801;
A(12,4)=0.537707713750751;
A(13,4)=-0.4624604096515052;
A(14,4)=0.41832291764142193;
A(15,4)=-0.3973115666361994;
A(16,4)=0.39639998754901246;
A(17,4)=-0.41663791056171495;
A(18,4)=0.4641366958683465;
A(19,4)=-0.5541835308024171;
A(20,4)=0.724015850781785;
A(21,4)=-1.0787989580576438;
A(22,4)=2.026509906253043;
A(23,4)=-6.922520979935313;
A(2,5)=159.5010903175701;
A(3,5)=-56.82116312403538;
A(4,5)=50.40020124570232;
A(5,5)=-6.916303769559135;
A(6,5)=-18.773568928568924;
A(7,5)=6.768365991588626;
A(8,5)=-3.495423043289555;
A(9,5)=2.151186133959032;
A(10,5)=-1.4828063708259713;
A(11,5)=1.1117336694407827;
A(12,5)=-0.8921579235617704;
A(13,5)=0.7591488440404933;
A(14,5)=-0.6812759156465046;
A(15,5)=0.6431867708912078;
A(16,5)=-0.6387600479432873;
A(17,5)=0.668978935201919;
A(18,5)=-0.7431856377768413;
A(19,5)=0.8854819655190636;
A(20,5)=-1.1549843762180236;
A(21,5)=1.7189493485572187;
A(22,5)=-3.2265237466974988;
A(23,5)=11.017118115367504;
A(2,6)=-135.5641153021702;
A(3,6)=44.39531156993319;
A(4,6)=-30.25155472491488;
A(5,6)=35.024426321487766;
A(6,6)=-4.153567175525595;
A(7,6)=-16.970644213638742;
A(8,6)=6.63456792118271;
A(9,6)=-3.657881893207744;
A(10,6)=2.3796150999848864;
A(11,6)=-1.7227086501627769;
A(12,6)=1.3509384209879463;
A(13,6)=-1.1312129335156547;
A(14,6)=1.0034334807928462;
A(15,6)=-0.9391658843474713;
A(16,6)=0.9265971655556756;
A(17,6)=-0.9655581644133004;
A(18,6)=1.0685138753243641;
A(19,6)=-1.2693306266258957;
A(20,6)=1.651976668811939;
A(21,6)=-2.4546682756005658;
A(22,6)=4.602576905711593;
A(23,6)=-15.706637442539288;
A(2,7)=117.89309207426487;
A(3,7)=-37.07362969151061;
A(4,7)=22.863679482985646;
A(5,7)=-20.134139860231524;
A(6,7)=27.059725462160774;
A(7,7)=-2.6830369362678788;
A(8,7)=-15.69554103806618;
A(9,7)=6.533746758350042;
A(10,7)=-3.8002809184652437;
A(11,7)=2.5925290846521674;
A(12,7)=-1.9607153697124706;
A(13,7)=1.6028663327092596;
A(14,7)=-1.3981242941614178;
A(15,7)=1.2927100327183956;
A(16,7)=-1.263874587665347;
A(17,7)=1.3079971008012925;
A(18,7)=-1.4399112165303936;
A(19,7)=1.7037474685580765;
A(20,7)=-2.210785231134077;
A(21,7)=3.2780091248285186;
A(22,7)=-6.137703160878935;
A(23,7)=20.92941268868033;
A(2,8)=-103.65667971360574;
A(3,8)=31.860558158545167;
A(4,8)=-18.680962709571137;
A(5,8)=14.788797979739348;
A(6,8)=-15.046018342591516;
A(7,8)=22.323391495482504;
A(8,8)=-1.7952022972246855;
A(9,8)=-14.830721577605827;
A(10,8)=6.50304684842068;
A(11,8)=-3.9616816314615573;
A(12,8)=2.8207493997183324;
A(13,8)=-2.2222611279086215;
A(14,8)=1.8913460565345201;
A(15,8)=-1.7188783121566227;
A(16,8)=1.659651557207542;
A(17,8)=-1.7017209743105053;
A(18,8)=1.8603328987084662;
A(19,8)=-2.1897139384491697;
A(20,8)=2.8303853933776244;
A(21,8)=-4.185110425257626;
A(22,8)=7.8218595404614915;
A(23,8)=-26.64611541474433;
A(2,9)=91.54898647621037;
A(3,9)=-27.742914649901515;
A(4,9)=15.792714946895725;
A(5,9)=-11.830153806338906;
A(6,9)=10.78246087360485;
A(7,9)=-12.078846225660946;
A(8,9)=19.277093399101265;
A(9,9)=-1.203931690541261;
A(10,9)=-14.296578561649408;
A(11,9)=6.559748638517027;
A(12,9)=-4.1678061961793915;
A(13,9)=3.0894815393128807;
A(14,9)=-2.532934097599204;
A(15,9)=2.245395062039889;
A(16,9)=-2.1305796563421358;
A(17,9)=2.157228689840891;
A(18,9)=-2.3365072687306756;
A(19,9)=2.7313614749971378;
A(20,9)=-3.512773484926811;
A(21,9)=5.175603987677354;
A(22,9)=-9.650443931536467;
A(23,9)=32.83407671991159;
A(2,10)=-80.87902203957671;
A(3,10)=24.27996659022902;
A(4,10)=-13.562273581185547;
A(5,10)=9.829179982436639;
A(6,10)=-8.455034252680525;
A(7,10)=8.468359741111284;
A(8,10)=-10.188648871491305;
A(9,10)=17.232669472037895;
A(10,10)=-0.7744165008488832;
A(11,10)=-14.046315186799573;
A(12,10)=6.717823775349148;
A(13,10)=-4.441775722066811;
A(14,10)=3.425387594168296;
A(15,10)=-2.924525419393256;
A(16,10)=2.706532249756354;
A(17,10)=-2.6930526541783473;
A(18,10)=2.8806116792082173;
A(19,10)=-3.3369597130045525;
A(20,10)=4.263536128382266;
A(21,10)=-6.25286508524354;
A(22,10)=11.62415317252901;
A(23,10)=-39.485809219210616;
A(2,11)=71.24895973047872;
A(3,11)=-21.249242819658452;
A(4,11)=11.717510264538467;
A(5,11)=-8.311331611357447;
A(6,11)=6.9033119221165;
A(7,11)=-6.51544739347277;
A(8,11)=7.000294196415308;
A(9,11)=-8.917531429246134;
A(10,11)=15.841613632058749;
A(11,11)=-0.43449356359450103;
A(12,11)=-14.059488701951267;
A(13,11)=6.995370655045099;
A(14,11)=-4.810920558245281;
A(15,11)=3.8631958691812094;
A(16,11)=-3.4433513642462517;
A(17,11)=3.3420097965032696;
A(18,11)=-3.5137138256511213;
A(19,11)=4.021001642009279;
A(20,11)=-5.093225301539625;
A(21,11)=7.425000976303734;
A(22,11)=-13.7497976746764;
A(23,11)=46.61014190626412;
A(2,12)=-62.41777318843254;
A(3,12)=18.527432007473738;
A(4,12)=-10.123522878193908;
A(5,12)=7.074766869546104;
A(6,12)=-5.742245561411688;
A(7,12)=5.226797843069006;
A(8,12)=-5.286908198645993;
A(9,12)=6.009875997746945;
A(10,12)=-8.036485385604946;
A(11,12)=14.913173544825423;
A(12,12)=-0.1401602251792604;
A(13,12)=-14.339122741005113;
A(14,12)=7.420125923540023;
A(15,12)=-5.313665090101225;
A(16,12)=4.454957854235021;
A(17,12)=-4.16516638374383;
A(18,12)=4.272857968039113;
A(19,12)=-4.808289071933739;
A(20,12)=6.020011647074774;
A(21,12)=-8.706827924615022;
A(22,12)=16.042165746554385;
A(23,12)=-54.2357588504733;
A(2,13)=54.2357588504733;
A(3,13)=-16.042165746554385;
A(4,13)=8.706827924615022;
A(5,13)=-6.020011647074774;
A(6,13)=4.808289071933739;
A(7,13)=-4.272857968039113;
A(8,13)=4.16516638374383;
A(9,13)=-4.454957854235021;
A(10,13)=5.313665090101225;
A(11,13)=-7.420125923540023;
A(12,13)=14.339122741005113;
A(13,13)=0.1401602251792604;
A(14,13)=-14.913173544825423;
A(15,13)=8.036485385604946;
A(16,13)=-6.009875997746945;
A(17,13)=5.286908198645993;
