tLegendre(2)=0.01304673574141414;
tLegendre(3)=0.06746831665550775;
tLegendre(4)=0.1602952158504878;
tLegendre(5)=0.2833023029353764;
tLegendre(6)=0.4255628305091844;
tLegendre(7)=0.5744371694908156;
tLegendre(8)=0.7166976970646236;
tLegendre(9)=0.8397047841495122;
tLegendre(10)=0.9325316833444922;
tLegendre(11)=0.9869532642585859;
A(2,2)=-37.81715274861802;
A(3,2)=-5.552211788786956;
A(4,2)=1.158741991546026;
A(5,2)=-0.4636708433421501;
A(6,2)=0.2642580832776456;
A(7,2)=-0.19417985411053829;
A(8,2)=0.1780849222789264;
A(9,2)=-0.20640093860125533;
A(10,2)=0.32861891203692634;
A(11,2)=-1.0267925829828424;
A(2,3)=60.812333544146455;
A(3,3)=-6.874711138409659;
A(4,3)=-6.083122263553941;
A(5,3)=1.9214426525485306;
A(6,3)=-1.007475127956452;
A(7,3)=0.7116242233572391;
A(8,3)=-0.6387767399657426;
A(9,3)=0.7312234023110863;
A(10,3)=-1.1559846810153147;
A(11,3)=3.5993012600965995;
A(2,4)=-39.80261565478227;
A(3,4)=19.077689131761502;
A(4,4)=-2.5237973208569757;
A(5,4)=-5.970582943394888;
A(6,4)=2.4085040440179486;
A(7,4)=-1.5427032133221958;
A(8,4)=1.319951008239801;
A(9,4)=-1.4718662301203802;
A(10,4)=2.293238924152388;
A(11,4)=-7.08984164712198;
A(2,5)=29.52846793797901;
A(3,5)=-11.172050991134244;
A(4,5)=11.06937233295074;
A(5,5)=-1.0672549605911859;
A(6,5)=-6.11505442886767;
A(7,5)=2.9880683117273064;
A(8,5)=-2.30736185373899;
A(9,5)=2.447169616431494;
A(10,5)=-3.7141084077540683;
A(11,5)=11.341180911542406;
A(2,6)=-22.237702915857454;
A(3,6)=7.740523468094561;
A(4,6)=-5.900436703504594;
A(5,6)=8.080362475479467;
A(6,6)=-0.30449742765266297;
A(7,6)=-6.7170743248330025;
A(8,6)=3.9483990438857792;
A(9,6)=-3.779367813439689;
A(10,6)=5.467473934105271;
A(11,6)=-16.340517778666467;
A(2,7)=16.340517778666467;
A(3,7)=-5.467473934105271;
A(4,7)=3.779367813439689;
A(5,7)=-3.9483990438857792;
A(6,7)=6.7170743248330025;
A(7,7)=0.30449742765266297;
A(8,7)=-8.080362475479467;
A(9,7)=5.900436703504594;
A(10,7)=-7.740523468094561;
A(11,7)=22.237702915857454;
A(2,8)=-11.341180911542406;
A(3,8)=3.7141084077540683;
A(4,8)=-2.447169616431494;
A(5,8)=2.30736185373899;
A(6,8)=-2.9880683117273064;
A(7,8)=6.11505442886767;
A(8,8)=1.0672549605911859;
A(9,8)=-11.06937233295074;
A(10,8)=11.172050991134244;
A(11,8)=-29.52846793797901;
A(2,9)=7.08984164712198;
A(3,9)=-2.293238924152388;
A(4,9)=1.4718662301203802;
A(5,9)=-1.319951008239801;
A(6,9)=1.5427032133221958;
A(7,9)=-2.4085040440179486;
A(8,9)=5.970582943394888;
A(9,9)=2.5237973208569757;
A(10,9)=-19.077689131761502;
A(11,9)=39.80261565478227;
A(2,10)=-3.5993012600965995;
A(3,10)=1.1559846810153147;
A(4,10)=-0.7312234023110863;
A(5,10)=0.6387767399657426;
A(6,10)=-0.7116242233572391;
A(7,10)=1.007475127956452;
A(8,10)=-1.9214426525485306;
A(9,10)=6.083122263553941;
A(10,10)=6.874711138409659;
A(11,10)=-60.812333544146455;
A(2,11)=1.0267925829828424;
A(3,11)=-0.32861891203692634;
A(4,11)=0.20640093860125533;
A(5,11)=-0.1780849222789264;
A(6,11)=0.19417985411053829;
A(7,11)=-0.2642580832776456;
A(8,11)=0.4636708433421501;
A(9,11)=-1.158741991546026;
A(10,11)=5.552211788786956;
A(11,11)=37.81715274861802;
