tLegendre(2)=0.006003740989757286;
tLegendre(3)=0.031363303799647045;
tLegendre(4)=0.0758967082947864;
tLegendre(5)=0.13779113431991497;
tLegendre(6)=0.21451391369573058;
tLegendre(7)=0.3029243264612183;
tLegendre(8)=0.39940295300128276;
tLegendre(9)=0.5;
tLegendre(10)=0.6005970469987173;
tLegendre(11)=0.6970756735387816;
tLegendre(12)=0.7854860863042694;
tLegendre(13)=0.862208865680085;
tLegendre(14)=0.9241032917052137;
tLegendre(15)=0.968636696200353;
tLegendre(16)=0.9939962590102427;
A(2,2)=0.007688310499029317;
A(3,2)=0.01663622275097834;
A(4,2)=0.01475966579358356;
A(5,2)=0.01575976210615414;
A(6,2)=0.015109407741184133;
A(7,2)=0.015576303098908425;
A(8,2)=0.01522050679629096;
A(9,2)=0.015502500930295683;
A(10,2)=0.015272966009644654;
A(11,2)=0.015463093434934358;
A(12,2)=0.015304107823273787;
A(13,2)=0.015437152308226898;
A(14,2)=0.01532710489695427;
A(15,2)=0.015414984538130496;
A(16,2)=0.015351558654304123;
A(2,3)=-0.0028820765229643957;
A(3,3)=0.01759151187202703;
A(4,3)=0.03824531774640558;
A(5,3)=0.033593131847985416;
A(6,3)=0.036214415253647506;
A(7,3)=0.03444010955517929;
A(8,3)=0.03575165779234769;
A(9,3)=0.03473056080493073;
A(10,3)=0.035552346295881235;
A(11,3)=0.03487676971876134;
A(12,3)=0.03543876218890136;
A(13,3)=0.03497017009659568;
A(14,3)=0.035356792692473125;
A(15,3)=0.035048566471112194;
A(16,3)=0.03527080280431865;
A(2,4)=0.0021497713568885066;
A(3,4)=-0.004663513865671399;
A(4,4)=0.026789805116792985;
A(5,4)=0.058310085109126865;
A(6,4)=0.051075494890179096;
A(7,4)=0.05523314783126344;
A(8,4)=0.05237097049946151;
A(9,4)=0.05451527873510616;
A(10,4)=0.052829194536795916;
A(11,4)=0.05419457192046918;
A(12,4)=0.05307024610409204;
A(13,4)=0.05400117394966168;
A(14,4)=0.05323677308121922;
A(15,4)=0.05384423991961649;
A(16,4)=0.05340707210587939;
A(2,5)=-0.001738849653802981;
A(3,5)=0.003153542051670602;
A(4,5)=-0.006161257821898265;
A(5,5)=0.03489266948153858;
A(6,5)=0.07597980640044089;
A(7,5)=0.06647829937611237;
A(8,5)=0.07198752454468547;
A(9,5)=0.06816431995235953;
A(10,5)=0.07104636223211108;
A(11,5)=0.06877212048597683;
A(12,5)=0.07061352467216554;
A(13,5)=0.06910607296262591;
A(14,5)=0.07033440915400656;
A(15,5)=0.0693631448945551;
A(16,5)=0.07006005458483208;
A(2,6)=0.0014447041391572614;
A(3,6)=-0.0024370936454186126;
A(4,6)=0.0038854077848574898;
A(5,6)=-0.007379409461739764;
A(6,6)=0.04156730145424848;
A(7,6)=0.09053234007854627;
A(8,6)=0.07916884888049976;
A(9,6)=0.08578600068934875;
A(10,6)=0.08117757800394423;
A(11,6)=0.08465762329675981;
A(12,6)=0.08191512095434283;
A(13,6)=0.08412121257583674;
A(14,6)=0.08234426896510509;
A(15,6)=0.08373889190353849;
A(16,6)=0.08274255617780536;
A(2,7)=-0.0012087512459368855;
A(3,7)=0.0019654599521175564;
A(4,7)=-0.002872587271585009;
A(5,7)=0.004410968018125907;
A(6,7)=-0.008282773365408806;
A(7,7)=0.04654025000389055;
A(8,7)=0.10137333529676784;
A(9,7)=0.08862649833558435;
A(10,7)=0.09606219114927726;
A(11,7)=0.0908807668209337;
A(12,7)=0.09478572856847542;
A(13,7)=0.09172905737144857;
A(14,7)=0.09414883441803848;
A(15,7)=0.09227027181332524;
A(16,7)=0.09360395035895383;
A(2,8)=0.0010073075528533547;
A(3,8)=-0.0016035418051517094;
A(4,8)=0.0022380918470861215;
A(5,8)=-0.0031309080275134242;
A(6,8)=0.004732869555434125;
A(7,8)=-0.008839443405596033;
A(8,8)=0.049607871331777895;
A(9,8)=0.10805970011326525;
A(10,8)=0.09446378783738263;
A(11,8)=0.10239396689926741;
A(12,8)=0.09688016069740402;
A(13,8)=0.10100857425271555;
A(14,8)=0.09782616460692513;
A(15,8)=0.10025722822569783;
A(16,8)=0.09854692168802587;
A(2,9)=-0.0008291982799572701;
A(3,9)=0.0013026047364613938;
A(4,9)=-0.0017688266043438792;
A(5,9)=0.0023528092447386044;
A(6,9)=-0.0032303967439495118;
A(7,9)=0.004846792981406964;
A(8,9)=-0.009028775594121047;
A(9,9)=0.05064456048139032;
A(10,9)=0.11031789655690169;
A(11,9)=0.09644232798137367;
A(12,9)=0.10451951770673015;
A(13,9)=0.09893631171804203;
A(14,9)=0.10305794756712451;
A(15,9)=0.09998651622631924;
A(16,9)=0.10211831924273791;
A(2,10)=0.0006688209755299171;
A(3,10)=-0.0010414855621420356;
A(4,10)=0.0013895780566306666;
A(5,10)=-0.0017928315891597559;
A(6,10)=0.0023355819661517656;
A(7,10)=-0.003178224235711631;
A(8,10)=0.004751954826173154;
A(9,10)=-0.008843957449709464;
A(10,10)=0.049607871331777895;
A(11,10)=0.10805518606915182;
A(12,10)=0.09448287310812166;
A(13,10)=0.10234665069106921;
A(14,10)=0.09697765081646967;
A(15,10)=0.1008192844687075;
A(16,10)=0.09820843511070243;
A(2,11)=-0.0005234503511727251;
A(3,11)=0.0008102281944558598;
A(4,11)=-0.0010683344102573674;
A(5,11)=0.001351442636332542;
A(6,11)=-0.0017052285606943204;
A(7,11)=0.0021997331868474014;
A(8,11)=-0.0029816911414961562;
A(9,11)=0.004454001672196755;
A(10,11)=-0.008292835288986734;
A(11,11)=0.04654025000389055;
A(12,11)=0.10136327337318991;
A(13,11)=0.0886695319896552;
A(14,11)=0.09595308727936612;
A(15,11)=0.09111504005566355;
A(16,11)=0.094289251253718;
A(2,12)=0.000392046730691602;
A(3,12)=-0.0006042889950415227;
A(4,12)=0.0007903339433918738;
A(5,12)=-0.00098660966733978;
A(6,12)=0.0012194819541541358;
A(7,12)=-0.0015230203882628409;
A(8,12)=0.0019570249045527317;
A(9,12)=-0.002651397780851781;
A(10,12)=0.0039657540279972045;
A(11,12)=-0.0073977371700492955;
A(12,12)=0.04156730145424848;
A(13,12)=0.09051401237023673;
A(14,12)=0.07924919512363948;
A(15,12)=0.08557169655391558;
A(16,12)=0.0816898987693397;
A(2,13)=-0.00027471562175491814;
A(3,13)=0.0004221940685220644;
A(4,13)=-0.0005490701909294076;
A(5,13)=0.0006792660004512394;
A(6,13)=-0.0008281857090883908;
A(7,13)=0.0010132184771003282;
A(8,13)=-0.0012610232690339256;
A(9,13)=0.0016210190107176304;
A(10,13)=-0.002202185581608316;
A(11,13)=0.0033070395869647957;
A(12,13)=-0.006194467437363726;
A(13,13)=0.03489266948153858;
A(14,13)=0.07594659678497542;
A(15,13)=0.06663179691140655;
A(16,13)=0.07152418861688013;
A(2,14)=0.00017253812770657705;
A(3,14)=-0.00026462968603052395;
A(4,14)=0.0003428371523667449;
A(5,14)=-0.00042156371607571637;
A(6,14)=0.0005093641294939239;
A(7,14)=-0.0006149616868832095;
A(8,14)=0.0007504156967900545;
A(9,14)=-0.000935668501520192;
A(10,14)=0.0012086397341244596;
A(11,14)=-0.0016535375976774792;
A(12,14)=0.0025041153434068736;
A(13,14)=-0.004730474875540899;
A(14,14)=0.026789805116792985;
A(15,14)=0.058243124099257366;
A(16,14)=0.05142983887669746;
A(2,15)=-0.00008777906026458687;
A(3,15)=0.0001344572729418656;
A(4,15)=-0.00017376894841906294;
A(5,15)=0.00021285364745838293;
A(6,15)=-0.0002557384448472955;
A(7,15)=0.00030625402529272587;
A(8,15)=-0.00036932255182717494;
A(9,15)=0.00045246293912333275;
A(10,15)=-0.0005686340482936215;
A(11,15)=0.0007429141888747767;
A(12,15)=-0.0010313915095934453;
A(13,15)=0.0015898918960686437;
A(14,15)=-0.0030622940023515154;
A(15,15)=0.01759151187202703;
A(16,15)=0.03806510026701846;
A(2,16)=0.0000250623437545121;
A(3,16)=-0.0000383635400718623;
A(4,16)=0.0000495161011043643;
A(5,16)=-0.00006053131016826321;
A(6,16)=0.00007251317478484743;
A(7,16)=-0.00008647243687572412;
A(8,16)=0.00010365498841398089;
A(9,16)=-0.00012587993223704875;
A(10,16)=0.0001561142017676738;
A(11,16)=-0.00019968210084979026;
A(12,16)=0.00026721325687450016;
A(13,16)=-0.00038314110809550643;
A(14,16)=0.0006169552044750742;
A(15,16)=-0.0012596017529197063;
A(16,16)=0.007688310499029317;
