tLegendre(2)=0.0013680690752592183;
tLegendre(3)=0.007194244227365833;
tLegendre(4)=0.017618872206246784;
tLegendre(5)=0.03254696203113015;
tLegendre(6)=0.05183942211697394;
tLegendre(7)=0.07531619313371501;
tLegendre(8)=0.1027581020160288;
tLegendre(9)=0.13390894062985517;
tLegendre(10)=0.1684778665348924;
tLegendre(11)=0.20614212137961885;
tLegendre(12)=0.2465500455338853;
tLegendre(13)=0.2893243619346823;
tLegendre(14)=0.33406569885893617;
tLegendre(15)=0.38035631887393145;
tLegendre(16)=0.42776401920860174;
tLegendre(17)=0.4758461671561308;
tLegendre(18)=0.5241538328438692;
tLegendre(19)=0.5722359807913983;
tLegendre(20)=0.6196436811260685;
tLegendre(21)=0.6659343011410638;
tLegendre(22)=0.7106756380653176;
tLegendre(23)=0.7534499544661147;
tLegendre(24)=0.7938578786203812;
tLegendre(25)=0.8315221334651076;
tLegendre(26)=0.8660910593701449;
tLegendre(27)=0.8972418979839712;
tLegendre(28)=0.9246838068662849;
tLegendre(29)=0.9481605778830261;
tLegendre(30)=0.9674530379688698;
tLegendre(31)=0.9823811277937532;
tLegendre(32)=0.9928057557726342;
tLegendre(33)=0.9986319309247408;
A(2,2)=-364.9779367165816;
A(3,2)=-49.29712610793704;
A(4,2)=9.089278117797182;
A(5,2)=-3.0232210249728877;
A(6,2)=1.3370953680356974;
A(7,2)=-0.7026474924256063;
A(8,2)=0.41520638064078563;
A(9,2)=-0.2673989107879215;
A(10,2)=0.18406253622362437;
A(11,2)=-0.1336799247599866;
A(12,2)=0.10152205953209102;
A(13,2)=-0.08010255291536382;
A(14,2)=0.06535303110906962;
A(15,2)=-0.054939668966472066;
A(16,2)=0.047463814425832834;
A(17,2)=-0.04205809577309898;
A(18,2)=0.03817174581700299;
A(19,2)=-0.03545194577186021;
A(20,2)=0.03367671080710618;
A(21,2)=-0.03271727857971186;
A(22,2)=0.03251908649293891;
A(23,2)=-0.03309663441407364;
A(24,2)=0.03454199609274061;
A(25,2)=-0.037051740716156634;
A(26,2)=0.04098570881814379;
A(27,2)=-0.04699075612206176;
A(28,2)=0.05627486006418707;
A(29,2)=-0.07127750984801366;
A(30,2)=0.09756976638143769;
A(31,2)=-0.15056687368470667;
A(32,2)=0.28969414321648407;
A(33,2)=-1.0027436451426648;
A(2,3)=597.6010128385377;
A(3,3)=-68.99638045331798;
A(4,3)=-49.33311261751824;
A(5,3)=12.94496645403002;
A(6,3)=-5.2629305079899815;
A(7,3)=2.6556599201448163;
A(8,3)=-1.5337708205805993;
A(9,3)=0.9738169513950803;
A(10,3)=-0.6640058529371593;
A(11,3)=0.47906745586279487;
A(12,3)=-0.3620761049449495;
A(13,3)=0.284654689445111;
A(14,3)=-0.23159720180929533;
A(15,3)=0.1942715235785916;
A(16,3)=-0.1675454012498056;
A(17,3)=0.14825530206835022;
A(18,3)=-0.13440147726955068;
A(19,3)=0.12470677322220489;
A(20,3)=-0.1183685712088047;
A(21,3)=0.11492016228477747;
A(22,3)=-0.11416032000639985;
A(23,3)=0.11613313646245357;
A(24,3)=-0.12115655178362715;
A(25,3)=0.12991586308469227;
A(26,3)=-0.14366908477488344;
A(27,3)=0.1646800100643235;
A(28,3)=-0.1971779699296064;
A(29,3)=0.24970549991626143;
A(30,3)=-0.34177253426597165;
A(31,3)=0.5273649130688448;
A(32,3)=-1.0145985393699115;
A(33,3)=3.511797280444103;
A(2,4)=-416.601615197028;
A(3,4)=186.52641859363294;
A(4,4)=-27.869693480256686;
A(5,4)=-42.74862291130109;
A(6,4)=13.35107163623246;
A(7,4)=-6.0968399228516;
A(8,4)=3.3475366800618174;
A(9,4)=-2.06330109393383;
A(10,4)=1.3803584718454094;
A(11,4)=-0.9830417877924333;
A(12,4)=0.7361050641574345;
A(13,4)=-0.5747385084667609;
A(14,4)=0.4651686905702726;
A(15,4)=-0.388611072364214;
A(16,4)=0.33406725599455234;
A(17,4)=-0.2948360602863084;
A(18,4)=0.2667178790356558;
A(19,4)=-0.24704622648243219;
A(20,4)=0.23414946701134956;
A(21,4)=-0.22705175508625675;
A(22,4)=0.22532008285812768;
A(23,4)=-0.22901641435481532;
A(24,4)=0.2387489296163454;
A(25,4)=-0.25585287685607916;
A(26,4)=0.28279232840159324;
A(27,4)=-0.3240100433347197;
A(28,4)=0.38781273118446685;
A(29,4)=-0.4909839188315571;
A(30,4)=0.671859684261404;
A(31,4)=-1.036524795832767;
A(32,4)=1.993944499089721;
A(33,4)=-6.901142418493588;
A(2,5)=340.25829292891234;
A(3,5)=-120.18493304709014;
A(4,5)=104.97101381184186;
A(5,5)=-14.845595961906579;
A(6,5)=-37.109844216229504;
A(7,5)=12.888507511713204;
A(8,5)=-6.36096005439342;
A(9,5)=3.7094010138106173;
A(10,5)=-2.4005929028605237;
A(11,5)=1.672911305451691;
A(12,5)=-1.233952209498827;
A(13,5)=0.9529838575048734;
A(14,5)=-0.7650160501964404;
A(15,5)=0.6350968110204368;
A(16,5)=-0.5432621377301656;
A(17,5)=0.4775713147238852;
A(18,5)=-0.43064285057204266;
A(19,5)=0.3978336706625334;
A(20,5)=-0.37624569545279996;
A(21,5)=0.364179482072332;
A(22,5)=-0.3608529261898106;
A(23,5)=0.36630390010706204;
A(24,5)=-0.38145953028867263;
A(25,5)=0.40841665210382316;
A(26,5)=-0.4510765865612495;
A(27,5)=0.5164945904594984;
A(28,5)=-0.6178778059970352;
A(29,5)=0.7819239206784521;
A(30,5)=-1.0696261643149223;
A(31,5)=1.6497792769268187;
A(32,5)=-3.173118238193842;
A(33,5)=10.981308305342477;
A(2,6)=-293.5943682570194;
A(3,6)=95.32860743505341;
A(4,6)=-63.96021360118564;
A(5,6)=72.39951350953358;
A(6,6)=-9.117832410406386;
A(7,6)=-32.7958556326475;
A(8,6)=12.251092400891084;
A(9,6)=-6.399119767839739;
A(10,6)=3.9076734487768987;
A(11,6)=-2.6288164391692073;
A(12,6)=1.8943140571481145;
A(13,6)=-1.4392277549361778;
A(14,6)=1.1415913353700584;
A(15,6)=-0.9391754680961513;
A(16,6)=0.7977515078137299;
A(17,6)=-0.6974059987393703;
A(18,6)=0.6260762762693836;
A(19,6)=-0.5762805482765269;
A(20,6)=0.5433826981637148;
A(21,6)=-0.5246535725137311;
A(22,6)=0.5187858658817145;
A(23,6)=-0.5257091420503099;
A(24,6)=0.5466622411810057;
A(25,6)=-0.5845774771258574;
A(26,6)=0.644975894705605;
A(27,6)=-0.7378845818200055;
A(28,6)=0.8821054548078436;
A(29,6)=-1.1156715353274658;
A(30,6)=1.5254957991397065;
A(31,6)=-2.352128516634589;
A(32,6)=4.522970147478215;
A(33,6)=-15.650847332979733;
A(2,7)=260.26045038805717;
A(3,7)=-81.14343946075093;
A(4,7)=49.270153089804964;
A(5,7)=-42.41646638884185;
A(6,7)=55.32281954312701;
A(7,7)=-6.097953228519813;
A(8,7)=-29.5243471523526;
A(9,7)=11.64128524829417;
A(10,7)=-6.354265720499167;
A(11,7)=4.027009280135614;
A(12,7)=-2.797658314305096;
A(13,7)=2.074330335407775;
A(14,7)=-1.6172279979022064;
A(15,7)=1.3136817009595765;
A(16,7)=-1.1051372319198016;
A(17,7)=0.9588840430231274;
A(18,7)=-0.855680911900744;
A(19,7)=0.783835187446534;
A(20,7)=-0.7361848153605643;
A(21,7)=0.7085067989432153;
A(22,7)=-0.6986968402062604;
A(23,7)=0.706429672394693;
A(24,7)=-0.7332034282350443;
A(25,7)=0.7828211816188846;
A(26,7)=-0.8625652081358708;
A(27,7)=0.9857392700867882;
A(28,7)=-1.1773465150213012;
A(29,7)=1.4880099925114472;
A(30,7)=-2.033454468383273;
A(31,7)=3.1340157979245586;
A(32,7)=-6.024754353751854;
A(33,7)=20.844193687037023;
A(2,8)=-234.2855226648327;
A(3,8)=71.39243291302223;
A(4,8)=-41.21119627140021;
A(5,8)=31.890790360796387;
A(6,8)=-31.482623309644012;
A(7,8)=44.97705971050327;
A(8,8)=-4.308533050952735;
A(9,8)=-27.025916468738604;
A(10,8)=11.11762530754954;
A(11,8)=-6.289678132478558;
A(12,8)=4.112019110751476;
A(13,8)=-2.9368417333745285;
A(14,8)=2.2328845180236154;
A(15,8)=-1.781705121646027;
A(16,8)=1.4791940712534941;
A(17,8)=-1.2705598761620864;
A(18,8)=1.1249063318954788;
A(19,8)=-1.024003148109094;
A(20,8)=0.9568813383943039;
A(21,8)=-0.9170898072294202;
A(22,8)=0.9012991823356076;
A(23,8)=-0.9086869883050811;
A(24,8)=0.9408948285786741;
A(25,8)=-1.0025847677584883;
A(26,8)=1.1029000571737055;
A(27,8)=-1.2586789121125765;
A(28,8)=1.5016641614765922;
A(29,8)=-1.8962017079998315;
A(30,8)=2.589455139787065;
A(31,8)=-3.9888559158447943;
A(32,8)=7.665360699835547;
A(33,8)=-26.515136500268635;
A(2,9)=212.8828726462263;
A(3,9)=-63.95414468532661;
A(4,9)=35.83869105668312;
A(5,9)=-26.23892600422865;
A(6,9)=23.20149609985196;
A(7,9)=-25.021384847263967;
A(8,9)=38.131165878084026;
A(9,9)=-3.156574130857638;
A(10,9)=-25.10567908171413;
A(11,9)=10.692885637079598;
A(12,9)=-6.235088229838889;
A(13,9)=4.187640249129907;
A(14,9)=-3.065037042794942;
A(15,9)=2.383845611784465;
A(16,9)=-1.9432695773046682;
A(17,9)=1.6466827463611207;
A(18,9)=-1.442843051871653;
A(19,9)=1.3027707214414546;
A(20,9)=-1.2094924496501138;
A(21,9)=1.1531177343658974;
A(22,9)=-1.128400575978817;
