tLegendre(2)=0.001660278869701707;
tLegendre(3)=0.008727247369293412;
tLegendre(4)=0.021357202110956135;
tLegendre(5)=0.03940988352347061;
tLegendre(6)=0.0626810975399486;
tLegendre(7)=0.09090725619237378;
tLegendre(8)=0.12376857413276143;
tLegendre(9)=0.16089273119865674;
tLegendre(10)=0.2018591014308861;
tLegendre(11)=0.24620352243788618;
tLegendre(12)=0.2934235559129957;
tLegendre(13)=0.34298418106618;
tLegendre(14)=0.39432385691699945;
tLegendre(15)=0.4468608849336604;
tLegendre(16)=0.5;
tLegendre(17)=0.5531391150663396;
tLegendre(18)=0.6056761430830006;
tLegendre(19)=0.65701581893382;
tLegendre(20)=0.7065764440870044;
tLegendre(21)=0.7537964775621139;
tLegendre(22)=0.798140898569114;
tLegendre(23)=0.8391072688013432;
tLegendre(24)=0.8762314258672386;
tLegendre(25)=0.9090927438076262;
tLegendre(26)=0.9373189024600513;
tLegendre(27)=0.9605901164765294;
tLegendre(28)=0.9786427978890438;
tLegendre(29)=0.9912727526307066;
tLegendre(30)=0.9983397211302983;
A(2,2)=0.0021292259696866025;
A(3,2)=0.004607298487848025;
A(4,2)=0.004087560820874241;
A(5,2)=0.004364628255138973;
A(6,2)=0.004184320572973184;
A(7,2)=0.004313969469677526;
A(8,2)=0.004214876128175292;
A(9,2)=0.004293824687655581;
A(10,2)=0.004229003729639258;
A(11,2)=0.004283453225618161;
A(12,2)=0.004236892485493495;
A(13,2)=0.004277279528362065;
A(14,2)=0.004241839246379824;
A(15,2)=0.004273235582789725;
A(16,2)=0.004245203528855141;
A(17,2)=0.004270392470048411;
A(18,2)=0.004247641200017951;
A(19,2)=0.004268273541741137;
A(20,2)=0.004249507990807055;
A(21,2)=0.004266606349466923;
A(22,2)=0.00425101829272107;
A(23,2)=0.0042652169142491465;
A(24,2)=0.004252318748487319;
A(25,2)=0.0042639753149004995;
A(26,2)=0.00425353256105135;
A(27,2)=0.004262753296190466;
A(28,2)=0.004254811252452595;
A(29,2)=0.004261338172030471;
A(30,2)=0.004256542593312594;
A(2,3)=-0.0008082126866803573;
A(3,3)=0.004933021264030677;
A(4,3)=0.010724839381858397;
A(5,3)=0.009420009448796157;
A(6,3)=0.010155666384312452;
A(7,3)=0.009657009594267673;
A(8,3)=0.010026632908876369;
A(9,3)=0.009737438293902114;
A(10,3)=0.009972135224844981;
A(11,3)=0.009776547464060212;
A(12,3)=0.00994285585851641;
A(13,3)=0.009799198685421326;
A(14,3)=0.00992486287665119;
A(15,3)=0.009813809642259077;
A(16,3)=0.009912771815946296;
A(17,3)=0.00982398401119714;
A(18,3)=0.009904079011190519;
A(19,3)=0.009831517964703239;
A(20,3)=0.009897458103356639;
A(21,3)=0.009837418271279562;
A(22,3)=0.009892123021934875;
A(23,3)=0.009842318353960818;
A(24,3)=0.009887543368256587;
A(25,3)=0.009846685168636017;
A(26,3)=0.00988327904361152;
A(27,3)=0.009850974205130111;
A(28,3)=0.009878794680407378;
A(29,3)=0.009855933921313639;
A(30,3)=0.009872729393276195;
A(2,4)=0.0006168059626378788;
A(3,4)=-0.0013379142605681675;
A(4,4)=0.007685123050523406;
A(5,4)=0.01672749324059653;
A(6,4)=0.014651286589302188;
A(7,4)=0.015845779230576406;
A(8,4)=0.015021516196999473;
A(9,4)=0.015641811365644027;
A(10,4)=0.015150263012677606;
A(11,4)=0.015553497287437096;
A(12,4)=0.015214376853710016;
A(13,4)=0.015504977535960094;
A(14,4)=0.01525229276540913;
A(15,4)=0.015474572222610651;
A(16,4)=0.015277207310616865;
A(17,4)=0.01545377260979468;
A(18,4)=0.015294863182224519;
A(19,4)=0.015438553013325966;
A(20,4)=0.015308177205997224;
A(21,4)=0.015426734583519371;
A(22,4)=0.015318827073023143;
A(23,4)=0.015416982269594603;
A(24,4)=0.015327917670737077;
A(25,4)=0.015408334263606988;
A(26,4)=0.015336345562618968;
A(27,4)=0.015399872331590432;
A(28,4)=0.015345179998170786;
A(29,4)=0.015390112599627064;
A(30,4)=0.015357105585492496;
A(2,5)=-0.0005161404338855556;
A(3,5)=0.0009358711651918528;
A(4,5)=-0.0018279743393670755;
A(5,5)=0.010350515629670709;
A(6,5)=0.022539106894574775;
A(7,5)=0.01971861004137458;
A(8,5)=0.021356973020065083;
A(9,5)=0.020215713813943256;
A(10,5)=0.021082003301110014;
A(11,5)=0.02039021724459706;
A(12,5)=0.020961574026396725;
A(13,5)=0.020478202960733865;
A(14,5)=0.020894557756810244;
A(15,5)=0.02053091379798937;
A(16,5)=0.020852010992070628;
A(17,5)=0.020566010101489524;
A(18,5)=0.020822508515778194;
A(19,5)=0.02059123680812037;
A(20,5)=0.02080059020840457;
A(21,5)=0.020610579911146017;
A(22,5)=0.0207832474454389;
A(23,5)=0.02062639109784595;
A(24,5)=0.020768566221210656;
A(25,5)=0.02064030985380544;
A(26,5)=0.020755042253848766;
A(27,5)=0.020653853554588954;
A(28,5)=0.02074093260643424;
A(29,5)=0.020669414750174923;
A(30,5)=0.02072194085822838;
A(2,6)=0.00044908279721218245;
A(3,6)=-0.0007572992254801106;
A(4,6)=0.0012067012887920477;
A(5,6)=-0.002290591059099271;
A(6,6)=0.012898706725624482;
A(7,6)=0.028094139637821827;
A(8,6)=0.02456395513710584;
A(9,6)=0.02662545224753879;
A(10,6)=0.0251814435547886;
A(11,6)=0.02628341784471639;
A(12,6)=0.02539905380391404;
A(13,6)=0.02613274664448784;
A(14,6)=0.025509554362159674;
A(15,6)=0.02604822615446276;
A(16,6)=0.025576337281704144;
A(17,6)=0.025994053915975437;
A(18,6)=0.025621264357345384;
A(19,6)=0.025956062336847375;
A(20,6)=0.02565396794607264;
A(21,6)=0.025927428570632093;
A(22,6)=0.0256794659850724;
A(23,6)=0.02590432023317003;
A(24,6)=0.025700811053007682;
A(25,6)=0.025884176478906465;
A(26,6)=0.025720305001807543;
A(27,6)=0.025864721400247415;
A(28,6)=0.025740514804324665;
A(29,6)=0.025842482942571528;
A(30,6)=0.02576761219053292;
A(2,7)=-0.00039895301023082954;
A(3,7)=0.0006483583240647011;
A(4,7)=-0.0009467674442461341;
A(5,7)=0.0014522758338314655;
A(6,7)=-0.002724434782520827;
A(7,7)=0.015300772664269784;
A(8,7)=0.03333004469828568;
A(9,7)=0.029132029255762016;
A(10,7)=0.03159140171541567;
A(11,7)=0.02986261774197843;
A(12,7)=0.031186544902274686;
A(13,7)=0.03012052434127993;
A(14,7)=0.03100762351305245;
A(15,7)=0.030252075586570518;
A(16,7)=0.03090669445173569;
A(17,7)=0.030332108349634124;
A(18,7)=0.030841505504488713;
A(19,7)=0.030386432431147036;
A(20,7)=0.030795307584721602;
A(21,7)=0.030426468073336918;
A(22,7)=0.030759968873702477;
A(23,7)=0.030458250867519986;
A(24,7)=0.030730807085075227;
A(25,7)=0.030485610207404912;
A(26,7)=0.030704465829802997;
A(27,7)=0.030511783189608285;
A(28,7)=0.030677377337045057;
A(29,7)=0.03054150452593707;
A(30,7)=0.030641236706761377;
A(2,8)=0.00035875076960005785;
A(3,8)=-0.0005706576659974674;
A(4,8)=0.0007954400982026698;
A(5,8)=-0.0011108934627802193;
A(6,8)=0.0016762833201750369;
A(7,8)=-0.003125932606349164;
A(8,8)=0.01752948331376282;
A(9,8)=0.03818774149932921;
A(10,8)=0.03337081877304911;
A(11,8)=0.03619862868498627;
A(12,8)=0.03420620087123148;
A(13,8)=0.0357356558451441;
A(14,8)=0.034501345466213675;
A(15,8)=0.03553062814134291;
A(16,8)=0.03465237839481899;
A(17,8)=0.03541446424334188;
A(18,8)=0.03474477900683665;
A(19,8)=0.035338911435441385;
A(20,8)=0.03480803844559852;
A(21,8)=0.035284798829074995;
A(22,8)=0.03485527646352855;
A(23,8)=0.035242718416463766;
A(24,8)=0.03489356610642594;
A(25,8)=0.03520705665239025;
A(26,8)=0.03492768291326955;
A(27,8)=0.03517334286051144;
A(28,8)=0.0349624170332076;
A(29,8)=0.03513536982938946;
A(30,8)=0.035008473317362745;
A(2,9)=-0.00032494257199658307;
A(3,9)=0.0005099197633994026;
A(4,9)=-0.0006911669426301538;
A(5,9)=0.0009171143355628756;
A(6,9)=-0.0012556369332850873;
A(7,9)=0.0018785404135458436;
A(8,9)=-0.0034911198974435;
A(9,9)=0.019559581783940946;
A(10,9)=0.04261233848619073;
A(11,9)=0.03723212981288168;
A(12,9)=0.0403950229679415;
A(13,9)=0.038162939390767654;
A(14,9)=0.03987915709155613;
A(15,9)=0.03849197668881946;
A(16,9)=0.03965034060075427;
A(17,9)=0.038660811395986705;
A(18,9)=0.03952018733001972;
A(19,9)=0.03876465438789043;
A(20,9)=0.03943494285942628;
A(21,9)=0.038836392531230494;
A(22,9)=0.039373174024842604;
A(23,9)=0.03889077260364414;
A(24,9)=0.0393241957459187;
A(25,9)=0.038935984600976296;
A(26,9)=0.03928127687030228;
A(27,9)=0.038978114523044734;
A(28,9)=0.03923811285535184;
A(29,9)=0.03902509648429574;
A(30,9)=0.03918130825390212;
A(2,10)=0.0002955305116961595;
A(3,10)=-0.0004595551994819679;
A(4,10)=0.0006116509463051993;
A(5,10)=-0.0007864956096974062;
A(6,10)=0.0010204189195084986;
