tLegendre(2)=0.0006684789330910094;
tLegendre(3)=0.003518825546912818;
tLegendre(4)=0.008633165097916569;
tLegendre(5)=0.01598930407300403;
tLegendre(6)=0.025553818276955104;
tLegendre(7)=0.03728310059662302;
tLegendre(8)=0.051123644233029016;
tLegendre(9)=0.06701230256657097;
tLegendre(10)=0.08487658146696697;
tLegendre(11)=0.10463497146236288;
tLegendre(12)=0.12619732019216698;
tLegendre(13)=0.14946524398979716;
tLegendre(14)=0.17433257689900114;
tLegendre(15)=0.20068585514364243;
tLegendre(16)=0.22840483486909868;
tLegendre(17)=0.25736304080591765;
tLegendre(18)=0.2874283433585858;
tLegendre(19)=0.31846356148950217;
tLegendre(20)=0.350327088649065;
tLegendre(21)=0.3828735388968651;
tLegendre(22)=0.41595441026644825;
tLegendre(23)=0.4494187623472079;
tLegendre(24)=0.483113904991974;
tLegendre(25)=0.5168860950080261;
tLegendre(26)=0.5505812376527921;
tLegendre(27)=0.5840455897335518;
tLegendre(28)=0.6171264611031348;
tLegendre(29)=0.649672911350935;
tLegendre(30)=0.6815364385104978;
tLegendre(31)=0.7125716566414142;
tLegendre(32)=0.7426369591940823;
tLegendre(33)=0.7715951651309013;
tLegendre(34)=0.7993141448563575;
tLegendre(35)=0.8256674231009988;
tLegendre(36)=0.8505347560102029;
tLegendre(37)=0.873802679807833;
tLegendre(38)=0.8953650285376371;
tLegendre(39)=0.915123418533033;
tLegendre(40)=0.932987697433429;
tLegendre(41)=0.9488763557669709;
tLegendre(42)=0.962716899403377;
tLegendre(43)=0.9744461817230449;
tLegendre(44)=0.984010695926996;
tLegendre(45)=0.9913668349020834;
tLegendre(46)=0.9964811744530871;
tLegendre(47)=0.999331521066909;
A(2,2)=0.0008575752170267621;
A(3,2)=0.0018556534372753573;
A(4,2)=0.0016463208645879177;
A(5,2)=0.0017579162424908488;
A(6,2)=0.0016852896196083644;
A(7,2)=0.001737516440828697;
A(8,2)=0.0016975912355914572;
A(9,2)=0.001729409431740644;
A(10,2)=0.0017032730066728638;
A(11,2)=0.0017252424701020778;
A(12,2)=0.0017064377816272257;
A(13,2)=0.0017227710127823725;
A(14,2)=0.0017084121559595045;
A(15,2)=0.0017211636047705897;
A(16,2)=0.0017097419676429;
A(17,2)=0.0017200481621574483;
A(18,2)=0.0017106889168734105;
A(19,2)=0.001719235685836456;
A(20,2)=0.0017113926354741765;
A(21,2)=0.001718620956611246;
A(22,2)=0.001711933802989451;
A(23,2)=0.0017181411456874802;
A(24,2)=0.0017123620337234004;
A(25,2)=0.0017177565737774804;
A(26,2)=0.001712709434501105;
A(27,2)=0.0017174409759445524;
A(28,2)=0.0017129977156685702;
A(29,2)=0.0017171762248926047;
A(30,2)=0.0017132421650689052;
A(31,2)=0.001716949294998851;
A(32,2)=0.0017134540009647674;
A(33,2)=0.001716750410788698;
A(34,2)=0.001713641854341877;
A(35,2)=0.0017165718350917254;
A(36,2)=0.0017138127869183865;
A(37,2)=0.0017164069818749214;
A(38,2)=0.0017139731041082272;
A(39,2)=0.001716249619598183;
A(40,2)=0.0017141292045406572;
A(41,2)=0.0017160928718421753;
A(42,2)=0.0017142888855947427;
A(43,2)=0.0017159273217143424;
A(44,2)=0.0017144644067572405;
A(45,2)=0.0017157354422554622;
A(46,2)=0.001714684272059742;
A(47,2)=0.0017154596925484824;
A(2,3)=-0.00032644210514007186;
A(3,3)=0.0019924745574311556;
A(4,3)=0.004331823729553137;
A(5,3)=0.0038047886684570023;
A(6,3)=0.004101940292888267;
A(7,3)=0.003900501593433512;
A(8,3)=0.004049840384190194;
A(9,3)=0.003932964415802189;
A(10,3)=0.004027857326832585;
A(11,3)=0.003948725055714284;
A(12,3)=0.0040160748545658926;
A(13,3)=0.003957821437903361;
A(14,3)=0.004008870178627394;
A(15,3)=0.0039636483801196035;
A(16,3)=0.004004074530275735;
A(17,3)=0.003967654240572773;
A(18,3)=0.004000685285857218;
A(19,3)=0.003970554062815396;
A(20,3)=0.0039981795011180465;
A(21,3)=0.0039727386534328035;
A(22,3)=0.003996259572163596;
A(23,3)=0.003974438432367892;
A(24,3)=0.003994744434831349;
A(25,3)=0.003975797596639608;
A(26,3)=0.003993517836988631;
A(27,3)=0.003976910942181932;
A(28,3)=0.003992501642485677;
A(29,3)=0.003977843545261388;
A(30,3)=0.003991641093273759;
A(31,3)=0.00397864196442238;
A(32,3)=0.003990896167723537;
A(33,3)=0.0039793410116522885;
A(34,3)=0.0039902361817514016;
A(35,3)=0.0039799681485118395;
A(36,3)=0.003989636110982446;
A(37,3)=0.003980546677389817;
A(38,3)=0.00398907367995979;
A(39,3)=0.003981098580040579;
A(40,3)=0.003988526349600266;
A(41,3)=0.003981648046617253;
A(42,3)=0.003987966722154066;
A(43,3)=0.003982228132542237;
A(44,3)=0.0039873517980821465;
A(45,3)=0.0039829002764045565;
A(46,3)=0.0039865817013634;
A(47,3)=0.0039838660426211705;
A(2,4)=0.0002504109872473013;
A(3,4)=-0.0005431631307790946;
A(4,4)=0.0031199709427471712;
A(5,4)=0.00679095691098706;
A(6,4)=0.005948046113930609;
A(7,4)=0.006433026682173241;
A(8,4)=0.0060983169921009946;
A(9,4)=0.006350264533697332;
A(10,4)=0.0061505292628301015;
A(11,4)=0.006314480556654886;
A(12,4)=0.006176473094348035;
A(13,4)=0.006294885124158735;
A(14,4)=0.006191743549184165;
A(15,4)=0.006282686810262839;
A(16,4)=0.006201686224950091;
A(17,4)=0.006274445412375993;
A(18,4)=0.006208615547011713;
A(19,4)=0.006268547161604495;
A(20,4)=0.006213690496371652;
A(21,4)=0.006264138706915969;
A(22,4)=0.006217552943624424;
A(23,4)=0.006260728203585873;
A(24,4)=0.006220585992565736;
A(25,4)=0.006258012850270622;
A(26,4)=0.0062230321686452;
A(27,4)=0.006255796013915415;
A(28,4)=0.006225052729210868;
A(29,4)=0.0062539439955760535;
A(30,4)=0.006226759717144248;
A(31,4)=0.006252361882943447;
A(32,4)=0.00622823443956594;
A(33,4)=0.006250979179253205;
A(34,4)=0.006229538845085835;
A(35,4)=0.0062497406039515625;
A(36,4)=0.006230723164899139;
A(37,4)=0.006248599512829683;
A(38,4)=0.006231831865462012;
A(39,4)=0.00624751214294494;
A(40,4)=0.0062329097044842244;
A(41,4)=0.006246430572161851;
A(42,4)=0.006234010843437752;
A(43,4)=0.006245289571940586;
A(44,4)=0.006235220012076283;
A(45,4)=0.006243968208547324;
A(46,4)=0.006236733655592115;
A(47,4)=0.006242070221942361;
A(2,5)=-0.0002111113409796915;
A(3,5)=0.0003827839898236368;
A(4,5)=-0.0007476528486907525;
A(5,5)=0.00423337850195906;
A(6,5)=0.009218547420017187;
A(7,5)=0.008064909374924932;
A(8,5)=0.008735103219416805;
A(9,5)=0.0082681582165591;
A(10,5)=0.00862272670604391;
A(11,5)=0.008339422179499633;
A(12,5)=0.008573603755885733;
A(13,5)=0.008375247676897887;
A(14,5)=0.008546386748680227;
A(15,5)=0.008396577103132873;
A(16,5)=0.008529256654100455;
A(17,5)=0.00841061104774208;
A(18,5)=0.008517567596615202;
A(19,5)=0.00842048438917469;
A(20,5)=0.00850912659233175;
A(21,5)=0.008427777527584546;
A(22,5)=0.008502765846721468;
A(23,5)=0.00843337205571892;
A(24,5)=0.008497807318355878;
A(25,5)=0.008437798099261306;
A(26,5)=0.008493830387270283;
A(27,5)=0.00844139388859434;
A(28,5)=0.008490559683263631;
A(29,5)=0.008444386257665675;
A(30,5)=0.008487806222387987;
A(31,5)=0.008446934444989894;
A(32,5)=0.008485434261690638;
A(33,5)=0.008449155605046459;
A(34,5)=0.00848334130094461;
A(35,5)=0.008451140821702105;
A(36,5)=0.008481444913715438;
A(37,5)=0.008452966328655089;
A(38,5)=0.008479672712071335;
A(39,5)=0.008454703094062422;
A(40,5)=0.008477952383251023;
A(41,5)=0.008456428276221672;
A(42,5)=0.008476196992139456;
A(43,5)=0.008458246299937237;
A(44,5)=0.008474271178306094;
A(45,5)=0.008460350060461337;
A(46,5)=0.008471861946137799;
A(47,5)=0.008463370463413935;
A(2,6)=0.00018550382111963418;
A(3,6)=-0.00031281225758690893;
A(4,6)=0.0004984259983911752;
A(5,6)=-0.0009460914505417542;
A(6,6)=0.005327499688534125;
A(7,6)=0.011603634895161766;
A(8,6)=0.010145481456871058;
A(9,6)=0.010997120939872682;
A(10,6)=0.010400400851195554;
A(11,6)=0.010856002120281587;
A(12,6)=0.010490094202451634;
A(13,6)=0.010793996214271311;
A(14,6)=0.01053546306149996;
A(15,6)=0.010759410004228212;
A(16,6)=0.01056266303107133;
A(17,6)=0.01073748829813856;
A(18,6)=0.010580684926170777;
A(19,6)=0.010722426463039576;
A(20,6)=0.010593449567294312;
A(21,6)=0.010711477980995181;
A(22,6)=0.010602939491221045;
A(23,6)=0.010703175191362126;
A(24,6)=0.010610264941678382;
A(25,6)=0.010696662280664229;
A(26,6)=0.010616096665742394;
A(27,6)=0.010691405640110358;
A(28,6)=0.01062086500841849;
A(29,6)=0.01068705375421252;
A(30,6)=0.010624860613964336;
A(31,6)=0.010683363414371289;
