tLegendre(2)=0.0034357004074525377;
tLegendre(3)=0.018014036361043106;
tLegendre(4)=0.04388278587433705;
tLegendre(5)=0.0804415140888906;
tLegendre(6)=0.1268340467699246;
tLegendre(7)=0.1819731596367425;
tLegendre(8)=0.24456649902458646;
tLegendre(9)=0.3131469556422902;
tLegendre(10)=0.38610707442917747;
tLegendre(11)=0.46173673943325133;
tLegendre(12)=0.5382632605667487;
tLegendre(13)=0.6138929255708225;
tLegendre(14)=0.6868530443577098;
tLegendre(15)=0.7554335009754135;
tLegendre(16)=0.8180268403632576;
tLegendre(17)=0.8731659532300754;
tLegendre(18)=0.9195584859111094;
tLegendre(19)=0.956117214125663;
tLegendre(20)=0.9819859636389568;
tLegendre(21)=0.9965642995925474;
A(2,2)=0.0044035017847880295;
A(3,2)=0.009528456595766156;
A(4,2)=0.008453596072207643;
A(5,2)=0.009026551844912547;
A(6,2)=0.008653760693384874;
A(7,2)=0.00892170434398251;
A(8,2)=0.008717062898956917;
A(9,2)=0.00887989590240465;
A(10,2)=0.008746471860274012;
A(11,2)=0.008858200513366117;
A(12,2)=0.00876309984388243;
A(13,2)=0.008845035964471433;
A(14,2)=0.008773832278393706;
A(15,2)=0.008836035537425237;
A(16,2)=0.008781604096230813;
A(17,2)=0.00882910325795247;
A(18,2)=0.008788030840398359;
A(19,2)=0.008822844351961222;
A(20,2)=0.008794561530845492;
A(21,2)=0.008815192522227174;
A(2,3)=-0.0016629960556802607;
A(3,3)=0.010150357450096735;
A(4,3)=0.022067768646055752;
A(5,3)=0.01938304795763804;
A(6,3)=0.0208964389574965;
A(7,3)=0.019870975883542103;
A(8,3)=0.02063056005400104;
A(9,3)=0.020036972814866886;
A(10,3)=0.020517763700228404;
A(11,3)=0.02011829531152618;
A(12,3)=0.020456433519770157;
A(13,3)=0.020166278177795843;
A(14,3)=0.02041766840979298;
A(15,3)=0.020198555605592482;
A(16,3)=0.020389958217326542;
A(17,3)=0.02022315419178857;
A(18,3)=0.02036724448845484;
A(19,3)=0.02024520185445791;
A(20,3)=0.02034429953083058;
A(21,3)=0.02027203519329305;
A(2,4)=0.0012574521846013085;
A(3,4)=-0.002727610291413777;
A(4,4)=0.015668012083527267;
A(5,4)=0.03410298349072931;
A(6,4)=0.02987057272771193;
A(7,4)=0.03230489450237696;
A(8,4)=0.03062608382706777;
A(9,4)=0.03188809783553393;
A(10,4)=0.030889827308527098;
A(11,4)=0.031706416748020876;
A(12,4)=0.031022625165412335;
A(13,4)=0.031604844814649535;
A(14,4)=0.03110329400742179;
A(15,4)=0.031538568975885486;
A(16,4)=0.031159581882575085;
A(17,4)=0.03148904332530504;
A(18,4)=0.031204976177952877;
A(19,4)=0.03144524771520416;
A(20,4)=0.0312503346654134;
A(21,4)=0.03139238693967351;
A(2,5)=-0.001037995774860802;
A(3,5)=0.0018822074297478353;
A(4,5)=-0.0036766527132241662;
A(5,5)=0.02081918539417619;
A(6,5)=0.045335215145701435;
A(7,5)=0.039663041733277574;
A(8,5)=0.04295639625353132;
A(9,5)=0.040664374496087834;
A(10,5)=0.04240139181583475;
A(11,5)=0.041017878741672266;
A(12,5)=0.04215594003671023;
A(13,5)=0.041198961906421444;
A(14,5)=0.04201591106407294;
A(15,5)=0.041311663121501224;
A(16,5)=0.04192175258454679;
A(17,5)=0.04139340496851672;
A(18,5)=0.04184765827621427;
A(19,5)=0.04146423814369417;
A(20,5)=0.04177482823224253;
A(21,5)=0.04154867018517593;
A(2,6)=0.0008867979107710235;
A(3,6)=-0.001495568624983041;
A(4,6)=0.0023834172453119358;
A(5,6)=-0.004524910330973944;
A(6,6)=0.02548252995431011;
A(7,6)=0.05550187949982843;
A(8,6)=0.04852963518997501;
A(9,6)=0.05259842674035585;
A(10,6)=0.04975213336153337;
A(11,6)=0.05191930373852858;
A(12,6)=0.0501864415048664;
A(13,6)=0.051615996510134335;
A(14,6)=0.05041196284180051;
A(15,6)=0.051439770606249706;
A(16,6)=0.050555821985059715;
A(17,6)=0.05131720092117789;
A(18,6)=0.05066522354501828;
A(19,6)=0.05121393100106733;
A(20,6)=0.050770343310222336;
A(21,6)=0.05109294812090123;
A(2,7)=-0.0007696717867486176;
A(3,7)=0.001251010178420547;
A(4,7)=-0.001827212910041579;
A(5,7)=0.0028035810325204255;
A(6,7)=-0.005260734208280653;
A(7,7)=0.029548632990379603;
A(8,7)=0.06436552336007634;
A(9,7)=0.05626171030639071;
A(10,7)=0.061004667338721716;
A(11,7)=0.05767687398793033;
A(12,7)=0.060217259695415234;
A(13,7)=0.058182109039096847;
A(14,7)=0.05986250856380626;
A(15,7)=0.05844803140300856;
A(16,7)=0.05965221903377431;
A(17,7)=0.058622728278626975;
A(18,7)=0.0594994692626535;
A(19,7)=0.05876450977146647;
A(20,7)=0.05935706156310927;
A(21,7)=0.05892682896206189;
A(2,8)=0.0006724287302412734;
A(3,8)=-0.0010698357032629389;
A(4,8)=0.0014917507762726174;
A(5,8)=-0.0020842431591885304;
A(6,8)=0.003146447446730172;
A(7,8)=-0.005869727048861921;
A(8,8)=0.03292215961229416;
A(9,8)=0.07171890467076476;
A(10,8)=0.06267753091275864;
A(11,8)=0.06797813326205365;
A(12,8)=0.06425306900227347;
A(13,8)=0.06710002494398395;
A(14,8)=0.06481851598522166;
A(15,8)=0.0667005357378956;
A(16,8)=0.0651209624316874;
A(17,8)=0.06645762180423967;
A(18,8)=0.06532768412331089;
A(19,8)=0.06626991326226364;
A(20,8)=0.06551297083422192;
A(21,8)=0.0660613726348291;
A(2,9)=-0.0005880386451678186;
A(3,9)=0.0009230395178858336;
A(4,9)=-0.0012517146388744094;
A(5,9)=0.0016619416298107954;
A(6,9)=-0.0022770018547556854;
A(7,9)=0.003408968438697374;
A(8,9)=-0.006338859187782005;
A(9,9)=0.03552402732959551;
A(10,9)=0.07738996292507344;
A(11,9)=0.06762643111779465;
A(12,9)=0.07335540560641672;
A(13,9)=0.06932680263003041;
A(14,9)=0.07240563720551466;
A(15,9)=0.06994118127241476;
A(16,9)=0.07196804640441945;
A(17,9)=0.07027700738276865;
A(18,9)=0.07169225618863569;
A(19,9)=0.07052038640701327;
A(20,9)=0.07145736632055183;
A(21,9)=0.07078045448276085;
A(2,10)=0.0005126429086546013;
A(3,10)=-0.0007974551110807777;
A(4,10)=0.0010620447186661663;
A(5,10)=-0.0013667936960057587;
A(6,10)=0.0017750972502069452;
A(7,10)=-0.002407325891030265;
A(8,10)=0.0035872439381661905;
A(9,10)=-0.006657757207393075;
A(10,10)=0.037293246618150935;
A(11,10)=0.0812459357514068;
A(12,10)=0.07099228852130263;
A(13,10)=0.07701036523651959;
A(14,10)=0.07277951690954962;
A(15,10)=0.07600891945696077;
A(16,10)=0.07343147623328726;
A(17,10)=0.07553912781601482;
A(18,10)=0.07379938348681858;
A(19,10)=0.07522634433249496;
A(20,10)=0.07409256168092962;
A(21,10)=0.07490858950232629;
A(2,11)=-0.00044399360763794875;
A(3,11)=0.0006863110532047511;
A(4,11)=-0.0009027744076446316;
A(5,11)=0.0011381600675473152;
A(6,11)=-0.001430038318687853;
A(7,11)=0.0018356998784733426;
A(8,11)=-0.002475136242339658;
A(9,11)=0.0036782469832684793;
A(10,11)=-0.006819280250660268;
A(11,11)=0.03818834678268146;
A(12,11)=0.08319651362567998;
A(13,11)=0.07269622193816123;
A(14,11)=0.07885709696401122;
A(15,11)=0.0745309089624268;
A(16,11)=0.07782416182501586;
A(17,11)=0.07520984907750235;
A(18,11)=0.0773260637528185;
A(19,11)=0.07561283215829641;
A(20,11)=0.07696254846497123;
A(21,11)=0.07599594869825922;
A(2,12)=0.0003807448671036992;
A(3,12)=-0.0005858548996083116;
A(4,12)=0.0007638614070665172;
A(5,12)=-0.0009493701874555807;
A(6,12)=0.0011668444878605746;
A(7,12)=-0.0014474682596529328;
A(8,12)=0.0018457846029361316;
A(9,12)=-0.002480403398648293;
A(10,12)=0.003680471627201689;
A(11,12)=-0.006819820060317049;
A(12,12)=0.03818834678268146;
A(13,12)=0.0831959738160232;
A(14,12)=0.07269844658209444;
A(15,12)=0.07885182980770258;
A(16,12)=0.07454099368688959;
A(17,12)=0.07780673188405078;
A(18,12)=0.0752385334978156;
A(19,12)=0.07727946797300755;
A(20,12)=0.07569038251215818;
A(21,12)=0.07682068717300088;
A(2,13)=-0.000322096266024419;
A(3,13)=0.0004939315553722488;
A(4,13)=-0.0006398510961930829;
A(5,13)=0.0007871097494832873;
A(6,13)=-0.000952634579712952;
A(7,13)=0.0011550170030146184;
A(8,13)=-0.0014224262206588962;
A(9,13)=0.00180697632675226;
A(10,13)=-0.0024238720002177244;
A(11,13)=0.0035942047149992423;
A(12,13)=-0.006659442515104931;
A(13,13)=0.037293246618150935;
A(14,13)=0.08124425044369495;
A(15,13)=0.07099924929813568;
A(16,13)=0.07699381912733214;
A(17,13)=0.07281139598609493;
A(18,13)=0.07595328693230763;
A(19,13)=0.0735244485176357;
A(20,13)=0.07538394834738266;
A(21,13)=0.07407385032764727;
A(2,14)=0.0002676001764301772;
A(3,14)=-0.0004093116613607984;
A(4,14)=0.0005276682521777489;
A(5,14)=-0.0006442015294446604;
A(6,14)=0.0007710472764223727;
A(7,14)=-0.0009199917452284297;
