tLegendre(2)=0.00046929021759072926;
tLegendre(3)=0.0024710110762940626;
tLegendre(4)=0.0060655294005554005;
tLegendre(5)=0.011242132248005396;
tLegendre(6)=0.0179843357034324;
tLegendre(7)=0.02627056597939463;
tLegendre(8)=0.03607428763960415;
tLegendre(9)=0.047364099627999985;
tLegendre(10)=0.060103838790052246;
tLegendre(11)=0.07425269669142276;
tLegendre(12)=0.08976535072033955;
tLegendre(13)=0.10659210943618881;
tLegendre(14)=0.12467907182598904;
tLegendre(15)=0.1439683000066811;
tLegendre(16)=0.1643980048400868;
tLegendre(17)=0.18590274387503594;
tLegendre(18)=0.20841363098698396;
tLegendre(19)=0.23185855704582836;
tLegendre(20)=0.25616242090626296;
tLegendre(21)=0.2812473699814127;
tLegendre(22)=0.3070330496295103;
tLegendre(23)=0.33343686055498806;
tLegendre(24)=0.36037422339959674;
tLegendre(25)=0.38775884967607727;
tLegendre(26)=0.4155030181765634;
tLegendre(27)=0.4435178559703354;
tLegendre(28)=0.4717136230908316;
tLegendre(29)=0.5;
tLegendre(30)=0.5282863769091684;
tLegendre(31)=0.5564821440296647;
tLegendre(32)=0.5844969818234366;
tLegendre(33)=0.6122411503239228;
tLegendre(34)=0.6396257766004033;
tLegendre(35)=0.6665631394450119;
tLegendre(36)=0.6929669503704897;
tLegendre(37)=0.7187526300185872;
tLegendre(38)=0.743837579093737;
tLegendre(39)=0.7681414429541716;
tLegendre(40)=0.791586369013016;
tLegendre(41)=0.8140972561249641;
tLegendre(42)=0.8356019951599132;
tLegendre(43)=0.856031699993319;
tLegendre(44)=0.875320928174011;
tLegendre(45)=0.8934078905638112;
tLegendre(46)=0.9102346492796605;
tLegendre(47)=0.9257473033085772;
tLegendre(48)=0.9398961612099478;
tLegendre(49)=0.952635900372;
tLegendre(50)=0.9639257123603958;
tLegendre(51)=0.9737294340206054;
tLegendre(52)=0.9820156642965676;
tLegendre(53)=0.9887578677519946;
tLegendre(54)=0.9939344705994446;
tLegendre(55)=0.9975289889237059;
tLegendre(56)=0.9995307097824093;
A(2,2)=-1064.9385518593906;
A(3,2)=-142.93271702614183;
A(4,2)=26.11107299595789;
A(5,2)=-8.569283504651803;
A(6,2)=3.7237952115573165;
A(7,2)=-1.914461059904428;
A(8,2)=1.1019299407515264;
A(9,2)=-0.6881364350711732;
A(10,2)=0.4571799966317803;
A(11,2)=-0.3189352947388167;
A(12,2)=0.23148926617314963;
A(13,2)=-0.173646486947673;
A(14,2)=0.13394500335811368;
A(15,2)=-0.10583619474821078;
A(16,2)=0.08540273650816141;
A(17,2)=-0.07020817676375125;
A(18,2)=0.0586854883600806;
A(19,2)=-0.049797061019376324;
A(20,2)=0.042838094815357025;
A(21,2)=-0.03731896228645383;
A(22,2)=0.032892668126092976;
A(23,2)=-0.02930890528512202;
A(24,2)=0.02638425280194026;
A(25,2)=-0.02398242603726675;
A(26,2)=0.022000934984830547;
A(27,2)=-0.020361915634197897;
A(28,2)=0.019005733135444892;
A(29,2)=-0.017886460706269168;
A(30,2)=0.01696865118239927;
A(31,2)=-0.016225016123024502;
A(32,2)=0.01563475533194359;
A(33,2)=-0.015182364244580332;
A(34,2)=0.014856804153673398;
A(35,2)=-0.01465096096196505;
A(36,2)=0.014561348836322806;
A(37,2)=-0.014588040664387493;
A(38,2)=0.014734831630545621;
A(39,2)=-0.015009669685684603;
A(40,2)=0.015425422503010468;
A(41,2)=-0.016001102761722077;
A(42,2)=0.01676375591349103;
A(43,2)=-0.017751351593619805;
A(44,2)=0.01901725834738192;
A(45,2)=-0.020637314519886915;
A(46,2)=0.02272133062886184;
A(47,2)=-0.025432499376002705;
A(48,2)=0.029021655178647226;
A(49,2)=-0.03389115584066535;
A(50,2)=0.0407223531837978;
A(51,2)=-0.050752656477657074;
A(52,2)=0.06644866124800936;
A(53,2)=-0.09340949557442234;
A(54,2)=0.14708498364589417;
A(55,2)=-0.2869551356189164;
A(56,2)=1.0009394621960181;
A(2,3)=1746.0686757686028;
A(3,3)=-201.84508225655284;
A(4,3)=-142.08398227496738;
A(5,3)=36.78616613574055;
A(6,3)=-14.694574467138587;
A(7,3)=7.254103014694689;
A(8,3)=-4.0808266978877255;
A(9,3)=2.512376250302871;
A(10,3)=-1.6534081103815481;
A(11,3)=1.1458096310670514;
A(12,3)=-0.8276408337940502;
A(13,3)=0.6185871234032344;
A(14,3)=-0.4758250468187943;
A(15,3)=0.3751455835545255;
A(16,3)=-0.30218465231005653;
A(17,3)=0.24806537480904065;
A(18,3)=-0.20710778839154895;
A(19,3)=0.17556660960902742;
A(20,3)=-0.15090661669543054;
A(21,3)=0.13137164952730526;
A(22,3)=-0.11572014832449638;
A(23,3)=0.10305835043269049;
A(24,3)=-0.09273247233247574;
A(25,3)=0.08425747461050664;
A(26,3)=-0.07726906501916266;
A(27,3)=0.0714907881544566;
A(28,3)=-0.06671110889987765;
A(29,3)=0.06276724270868829;
A(30,3)=-0.05953362534581093;
A(31,3)=0.056913633461523304;
A(32,3)=-0.05483363048328828;
A(33,3)=0.05323871765615401;
A(34,3)=-0.052089777131579834;
A(35,3)=0.051361540123376404;
A(36,3)=-0.05104152286748347;
A(37,3)=0.05112976397839415;
A(38,3)=-0.051639383260176565;
A(39,3)=0.052598078828293406;
A(40,3)=-0.05405080526728842;
A(41,3)=0.056064058827795867;
A(42,3)=-0.05873248414106904;
A(43,3)=0.06218899688846083;
A(44,3)=-0.0666204522550785;
A(45,3)=0.07229240612093771;
A(46,3)=-0.07958939641104351;
A(47,3)=0.08908291851963769;
A(48,3)=-0.10165140625101018;
A(49,3)=0.11870395417752405;
A(50,3)=-0.142626738371463;
A(51,3)=0.17775333412050362;
A(52,3)=-0.23272211554312547;
A(53,3)=0.3271420666668951;
A(54,3)=-0.5151208276672431;
A(55,3)=1.0049665670369068;
A(56,3)=-3.505449165732169;
A(2,4)=-1222.876911088969;
A(3,4)=544.7201933536559;
A(4,4)=-81.92998416139615;
A(5,4)=-122.04190244884295;
A(6,4)=37.44926598791406;
A(7,4)=-16.73042948685238;
A(8,4)=8.94738099303724;
A(9,4)=-5.34740804488737;
A(10,4)=3.4527283904554356;
A(11,4)=-2.361770258082735;
A(12,4)=1.6901203850624216;
A(13,4)=-1.2545064124136398;
A(14,4)=0.9599023444897737;
A(15,4)=-0.7536837341393291;
A(16,4)=0.6051120922171941;
A(17,4)=-0.49542193143161367;
A(18,4)=0.4127220836353714;
A(19,4)=-0.3492331071815779;
A(20,4)=0.29972290119710815;
A(21,4)=-0.2605865526777603;
A(22,4)=0.22928693009298348;
A(23,4)=-0.20400457329166982;
A(24,4)=0.18341286849527558;
A(25,4)=-0.16653033535727882;
A(26,4)=0.15262157721148042;
A(27,4)=-0.14112964568659256;
A(28,4)=0.13162911193371202;
A(29,4)=-0.12379305563045045;
A(30,4)=0.1173695867150652;
A(31,4)=-0.11216502229891732;
A(32,4)=0.10803180747650205;
A(33,4)=-0.10485990269996619;
A(34,4)=0.10257078815533772;
A(35,4)=-0.10111353577129645;
A(36,4)=0.10046262340461143;
A(37,4)=-0.10061734965358836;
A(38,4)=0.10160288117941402;
A(39,4)=-0.10347315696777595;
A(40,4)=0.10631612287665629;
A(41,4)=-0.11026213104205966;
A(42,4)=0.11549690632519556;
A(43,4)=-0.12228142565497653;
A(44,4)=0.13098269809203036;
A(45,4)=-0.14212241496888572;
A(46,4)=0.156456100002137;
A(47,4)=-0.17510668174510158;
A(48,4)=0.199800262109429;
A(49,4)=-0.23330574614324723;
A(50,4)=0.2803120934237348;
A(51,4)=-0.34933507196827046;
A(52,4)=0.4573497472208723;
A(53,4)=-0.6428893714432913;
A(54,4)=1.0122800285495244;
A(55,4)=-1.974865233607912;
A(56,4)=6.888526966942599;
A(2,5)=1005.5297069612882;
A(3,5)=-353.3501260491827;
A(4,5)=305.77455105830865;
A(5,5)=-43.969863696990025;
A(6,5)=-104.79013553833063;
A(7,5)=35.6040329569109;
A(8,5)=-17.11495344755641;
A(9,5)=9.677276046170851;
A(10,5)=-6.044240302277921;
A(11,5)=4.0455084455253765;
A(12,5)=-2.8516108794574664;
A(13,5)=2.0935309419697865;
A(14,5)=-1.5887406650336229;
A(15,5)=1.2395149328373642;
A(16,5)=-0.9901896067731718;
A(17,5)=0.8074320843221929;
A(18,5)=-0.670438411063117;
A(19,5)=0.5657626546044664;
A(20,5)=-0.4844507616875967;
A(21,5)=0.4203836018259445;
A(22,5)=-0.3692838197513831;
A(23,5)=0.3281015646883936;
A(24,5)=-0.29462393568623957;
A(25,5)=0.26722053966892145;
A(26,5)=-0.24467410188955319;
A(27,5)=0.22606551558740273;
A(28,5)=-0.2106945091702804;
A(29,5)=0.19802409683651892;
A(30,5)=-0.1876412236512106;
A(31,5)=0.1792286557251765;
A(32,5)=-0.17254484504911244;
A(33,5)=0.16740959202830324;
A(34,5)=-0.16369406125370656;
A(35,5)=0.16131421598101295;
A(36,5)=-0.1602271135136855;
A(37,5)=0.16042980946276458;
A(38,5)=-0.1619609033936903;
A(39,5)=0.16490507043336128;
A(40,5)=-0.16940132327946142;
A(41,5)=0.1756563264041836;
A(42,5)=-0.1839649891750746;
A(43,5)=0.19474206736979238;
A(44,5)=-0.20857111605356154;
A(45,5)=0.22628188146939404;
A(46,5)=-0.24907622682452096;
A(47,5)=0.2787406552524372;
A(48,5)=-0.3180214447027608;
