tLegendre(2)=0.00312391468980525;
tLegendre(3)=0.016386580716846854;
tLegendre(4)=0.03995033292479958;
tLegendre(5)=0.07331831770834135;
tLegendre(6)=0.11578001826216104;
tLegendre(7)=0.16643059790129383;
tLegendre(8)=0.2241905820563901;
tLegendre(9)=0.2878289398962806;
tLegendre(10)=0.35598934159879947;
tLegendre(11)=0.42721907291955247;
tLegendre(12)=0.5;
tLegendre(13)=0.5727809270804476;
tLegendre(14)=0.6440106584012005;
tLegendre(15)=0.7121710601037194;
tLegendre(16)=0.7758094179436099;
tLegendre(17)=0.8335694020987061;
tLegendre(18)=0.884219981737839;
tLegendre(19)=0.9266816822916586;
tLegendre(20)=0.9600496670752005;
tLegendre(21)=0.9836134192831532;
tLegendre(22)=0.9968760853101948;
A(2,2)=0.004004307064443584;
A(3,2)=0.008664665562456557;
A(4,2)=0.007687241021376384;
A(5,2)=0.008208267247521809;
A(6,2)=0.007869248766773132;
A(7,2)=0.008112941175824038;
A(8,2)=0.007926789104954977;
A(9,2)=0.008074954348877726;
A(10,2)=0.00795349028474793;
A(11,2)=0.008055280292809068;
A(12,2)=0.007968540057957267;
A(13,2)=0.008043400908436363;
A(14,2)=0.00797818038527275;
A(15,2)=0.00803537230177627;
A(16,2)=0.007985041202381684;
A(17,2)=0.008029347082019802;
A(18,2)=0.007990498407065245;
A(19,2)=0.00802421763741677;
A(20,2)=0.007995554746210255;
A(21,2)=0.008018888381079494;
A(22,2)=0.008001845863097096;
A(2,3)=-0.001513594385047393;
A(3,3)=0.009238447442713123;
A(4,3)=0.02008520380044103;
A(5,3)=0.0176416492271572;
A(6,3)=0.01901914406930195;
A(7,3)=0.01808568513899107;
A(8,3)=0.018777231595573658;
A(9,3)=0.018236660299547517;
A(10,3)=0.01867471314160706;
A(11,3)=0.018310487799309008;
A(12,3)=0.018619138584118167;
A(13,3)=0.01835384108774503;
A(14,3)=0.018584270751683625;
A(15,3)=0.01838267566768388;
A(16,3)=0.018559770011889718;
A(17,3)=0.018404091618204985;
A(18,3)=0.01854044915116246;
A(19,3)=0.018422192114255307;
A(20,3)=0.018522655431993662;
A(21,3)=0.018440905582781525;
A(22,3)=0.018500598896473458;
A(2,4)=0.0011463573815500823;
A(3,4)=-0.002486613858499035;
A(4,4)=0.014283606356714301;
A(5,4)=0.031089712559995607;
A(6,4)=0.027231178798824286;
A(7,4)=0.029450605680846037;
A(8,4)=0.027919783007410326;
A(9,4)=0.029070843650086123;
A(10,4)=0.028159945840734668;
A(11,4)=0.028905579525835893;
A(12,4)=0.028280535207844713;
A(13,4)=0.028813599836865867;
A(14,4)=0.028353271257426524;
A(15,4)=0.02875423668908493;
A(16,4)=0.02840318180472632;
A(17,4)=0.028710987447215886;
A(18,4)=0.02844191796599237;
A(19,4)=0.028674918312996952;
A(20,4)=0.028477197436181573;
A(21,4)=0.028637963306305834;
A(22,4)=0.02852062910272726;
A(2,5)=-0.0009485801644227676;
A(3,5)=0.0017200479273175916;
A(4,5)=-0.00335983994793238;
A(5,5)=0.019025028407094826;
A(6,5)=0.041428375214254125;
A(7,5)=0.03624480347522664;
A(8,5)=0.03925478471456165;
A(9,5)=0.037159528536156554;
A(10,5)=0.03874803379509197;
A(11,5)=0.037482006812696415;
A(12,5)=0.03852447082769256;
A(13,5)=0.03764652288433759;
A(14,5)=0.038397767470407594;
A(15,5)=0.03774785487155685;
A(16,5)=0.038313931347291934;
A(17,5)=0.03781955448907838;
A(18,5)=0.03825041039181306;
A(19,5)=0.03787816431583017;
A(20,5)=0.038193515128582906;
A(21,5)=0.03793740565911977;
A(22,5)=0.038124191286958244;
A(2,6)=0.0008130567725515444;
A(3,6)=-0.0013711763440494658;
A(4,6)=0.00218510850393925;
A(5,6)=-0.004148285726438258;
A(6,6)=0.023361105864008466;
A(7,6)=0.05088146121492536;
A(8,6)=0.044489239242255375;
A(9,6)=0.04822014269050389;
A(10,6)=0.045609389147652404;
A(11,6)=0.04759832477755308;
A(12,6)=0.04600652752856805;
A(13,6)=0.047321599169733;
A(14,6)=0.046211524095491945;
A(15,6)=0.04716235884326967;
A(16,6)=0.0463403094690199;
A(17,6)=0.047054215593652166;
A(18,6)=0.046434681298567836;
A(19,6)=0.04696822876604395;
A(20,6)=0.04651728982062439;
A(21,6)=0.04688292032534127;
A(22,6)=0.046616524704401106;
A(2,7)=-0.0007086432654979938;
A(3,7)=0.0011517780472297791;
A(4,7)=-0.0016821866718745486;
A(5,7)=0.002580898742816173;
A(6,7)=-0.004842612260868576;
A(7,7)=0.027199324791787095;
A(8,7)=0.05924825979301885;
A(9,7)=0.05178802261685531;
A(10,7)=0.05615533067894604;
A(11,7)=0.05308970264478481;
A(12,7)=0.0554318173175005;
A(13,7)=0.05355306114083569;
A(14,7)=0.0551075295167989;
A(15,7)=0.0537948369587023;
A(16,7)=0.05491800071578453;
A(17,7)=0.053950106603983944;
A(18,7)=0.0547852015313334;
A(19,7)=0.0540691095969939;
A(20,7)=0.05467243027897222;
A(21,7)=0.05418430624035192;
A(22,7)=0.05453947852527919;
A(2,8)=0.0006223834969355791;
A(3,8)=-0.0009901676368532625;
A(4,8)=0.001380556070882935;
A(5,8)=-0.0019286923378130224;
A(6,8)=0.0029113155166219616;
A(7,8)=-0.00543060244737827;
A(8,8)=0.030457854013432133;
A(9,8)=0.06635091598681246;
A(10,8)=0.0579851240932288;
A(11,8)=0.06289130073897829;
A(12,8)=0.05944117960836979;
A(13,8)=0.06208099063695712;
A(14,8)=0.05996154150843409;
A(15,8)=0.06171510204383868;
A(16,8)=0.06023634062525524;
A(17,8)=0.0614972783815574;
A(18,8)=0.060417789678321863;
A(19,8)=0.06133815428214001;
A(20,8)=0.060565934353033195;
A(21,8)=0.061188935592298994;
A(22,8)=0.060736405904769614;
A(2,9)=-0.0005478320184763729;
A(3,9)=0.0008598732063541184;
A(4,9)=-0.00116592980426281;
A(5,9)=0.0015478193729593296;
A(6,9)=-0.0021202949435220725;
A(7,9)=0.003173836673325626;
A(8,9)=-0.005900852271115114;
A(9,9)=0.03306723465833437;
A(10,9)=0.07203832393513332;
A(11,9)=0.06294818431283707;
A(12,9)=0.06828456477669878;
A(13,9)=0.06452856265932455;
A(14,9)=0.06740371138654436;
A(15,9)=0.06509608435012255;
A(16,9)=0.06700234889650071;
A(17,9)=0.06540039176477551;
A(18,9)=0.06675748982044868;
A(19,9)=0.06560921477631196;
A(20,9)=0.06656743880177746;
A(21,9)=0.06579722986147553;
A(22,9)=0.06635543608263157;
A(2,10)=0.00048142729961808716;
A(3,10)=-0.0007488347114285312;
A(4,10)=0.0009971484158670058;
A(5,10)=-0.0012830228080783486;
A(6,10)=0.0016659084177999901;
A(7,10)=-0.002258673182068279;
A(8,10)=0.0033649100123079004;
A(9,10)=-0.006243906168262698;
A(10,10)=0.03497184869776829;
A(11,10)=0.0761894242432721;
A(12,10)=0.06657127851956561;
A(13,10)=0.0722201743439864;
A(14,10)=0.06824361523157915;
A(15,10)=0.07128604555640237;
A(16,10)=0.06884811899069228;
A(17,10)=0.07085514802746934;
A(18,10)=0.06917919203690966;
A(19,10)=0.07058285988190222;
A(20,10)=0.06941988512833783;
A(21,10)=0.07035016531905187;
A(22,10)=0.0696779025251979;
A(2,11)=-0.0004210715748548732;
A(3,11)=0.0006508097028730419;
A(4,11)=-0.0008559158778231465;
A(5,11)=0.001078803749271881;
A(6,11)=-0.0013550269949669323;
A(7,11)=0.0017387819149112858;
A(8,11)=-0.0023435774490160304;
A(9,11)=0.003481512332971011;
A(10,11)=-0.006452761176239547;
A(11,11)=0.03613110099749251;
A(12,11)=0.07871582490752284;
A(13,11)=0.06877714570156267;
A(14,11)=0.07461413995667915;
A(15,11)=0.07050749900186903;
A(16,11)=0.07364453653691694;
A(17,11)=0.07113893729408619;
A(18,11)=0.07318923551468827;
A(19,11)=0.07149583650719618;
A(20,11)=0.07288545062135234;
A(21,11)=0.07178094481192318;
A(22,11)=0.07257608517752867;
A(2,12)=0.0003654855644924899;
A(3,12)=-0.0005623001291150536;
A(4,12)=0.0007329762169599916;
A(5,12)=-0.0009106811226358045;
A(6,12)=0.0011188250226601716;
A(7,12)=-0.0013872248206305672;
A(8,12)=0.00176802330588824;
A(9,12)=-0.002374619358872507;
A(10,12)=0.0035217381328692143;
A(11,12)=-0.0065231374438089185;
A(12,12)=0.036520283412422604;
A(13,12)=0.07956370426865413;
A(14,12)=0.069518828691976;
A(15,12)=0.07541518618371772;
A(16,12)=0.07127254351895697;
A(17,12)=0.07442779164547578;
A(18,12)=0.07192174180218504;
A(19,12)=0.07395124794748102;
A(20,12)=0.07230759060788522;
A(21,12)=0.07360286695396026;
A(22,12)=0.07267508126035273;
A(2,13)=-0.0003138831825436474;
A(3,13)=0.0004812571830618518;
A(4,13)=-0.0006232486263673027;
A(5,13)=0.0007663654877888473;
A(6,13)=-0.0009270335197032418;
A(7,13)=0.0011232647008988421;
A(8,13)=-0.0013823345419319065;
A(9,13)=0.001754702993115999;
A(10,13)=-0.0023519379616941164;
A(11,13)=0.0034850562934223566;
A(12,13)=-0.0064536229125378135;
A(13,13)=0.03613110099749251;
A(14,13)=0.07871496317122458;
A(15,13)=0.06878068966201402;
