tLegendre(2)=0.001084768757957082;
tLegendre(3)=0.005706760548893881;
tLegendre(4)=0.013986154475151025;
tLegendre(5)=0.025863507800246228;
tLegendre(6)=0.04125111274217047;
tLegendre(7)=0.060035099554801435;
tLegendre(8)=0.08207641650376235;
tLegendre(9)=0.10721188493389675;
tLegendre(10)=0.1352554142032217;
tLegendre(11)=0.16599938170723946;
tLegendre(12)=0.19921617093200975;
tLegendre(13)=0.23465985703687742;
tLegendre(14)=0.27206802778328987;
tLegendre(15)=0.3111637264401554;
tLegendre(16)=0.35165750232798587;
tLegendre(17)=0.39324955384156723;
tLegendre(18)=0.4356319480953076;
tLegendre(19)=0.4784909007631457;
tLegendre(20)=0.5215090992368543;
tLegendre(21)=0.5643680519046924;
tLegendre(22)=0.6067504461584328;
tLegendre(23)=0.6483424976720141;
tLegendre(24)=0.6888362735598446;
tLegendre(25)=0.7279319722167101;
tLegendre(26)=0.7653401429631226;
tLegendre(27)=0.8007838290679903;
tLegendre(28)=0.8340006182927605;
tLegendre(29)=0.8647445857967783;
tLegendre(30)=0.8927881150661032;
tLegendre(31)=0.9179235834962377;
tLegendre(32)=0.9399649004451985;
tLegendre(33)=0.9587488872578296;
tLegendre(34)=0.9741364921997537;
tLegendre(35)=0.9860138455248489;
tLegendre(36)=0.9942932394511061;
tLegendre(37)=0.998915231242043;
A(2,2)=-460.42718593875986;
A(3,2)=-62.065348143880406;
A(4,2)=11.410105329755913;
A(5,2)=-3.7791174177607005;
A(6,2)=1.662111933663094;
A(7,2)=-0.8673931966082195;
A(8,2)=0.5082864475983239;
A(9,2)=-0.3241404924772583;
A(10,2)=0.2205993054472465;
A(11,2)=-0.1581513961056755;
A(12,2)=0.11835830318298243;
A(13,2)=-0.09186115583580444;
A(14,2)=0.0735795408522708;
A(15,2)=-0.06060002269437522;
A(16,2)=0.051174189585271035;
A(17,2)=-0.04421239583537091;
A(18,2)=0.03901415711750702;
A(19,2)=-0.03511808235368898;
A(20,2)=0.03221522684092526;
A(21,2)=-0.03009763015676165;
A(22,2)=0.02862725321538274;
A(23,2)=-0.027717360071140187;
A(24,2)=0.027322065806315136;
A(25,2)=-0.027431932987917778;
A(26,2)=0.028075010406131154;
A(27,2)=-0.029324151712138424;
A(28,2)=0.03131345896554019;
A(29,2)=-0.03427038124584153;
A(30,2)=0.038577959637456194;
A(31,2)=-0.04490097523805382;
A(32,2)=0.05446181482091495;
A(33,2)=-0.06971229095682861;
A(34,2)=0.09623513534680381;
A(35,2)=-0.14945864977020212;
A(36,2)=0.2888271073870821;
A(37,2)=-1.002174254642931;
A(2,3)=754.2103094661588;
A(3,3)=-87.11251128351796;
A(4,3)=-61.97964738916541;
A(5,3)=16.19462037058078;
A(6,3)=-6.547471275280511;
A(7,3)=3.280933778840435;
A(8,3)=-1.879098583546898;
A(9,3)=1.1813900735579004;
A(10,3)=-0.7964350788815111;
A(11,3)=0.5672052912733457;
A(12,3)=-0.4224463753297909;
A(13,3)=0.3266882692603838;
A(14,3)=-0.2609456713186652;
A(15,3)=0.21444537449211845;
A(16,3)=-0.18077421195153345;
A(17,3)=0.1559604974986995;
A(18,3)=-0.13746366188218628;
A(19,3)=0.12361680675680203;
A(20,3)=-0.11330709714734788;
A(21,3)=0.10578697957055501;
A(22,3)=-0.10056068850081229;
A(23,3)=0.09731636307549789;
A(24,3)=-0.09588786927542359;
A(25,3)=0.09623842891230815;
A(26,3)=-0.09846367019278587;
A(27,3)=0.10281688687212952;
A(28,3)=-0.10976638547186028;
A(29,3)=0.12010774049723051;
A(30,3)=-0.13518167838052103;
A(31,3)=0.15731579238704843;
A(32,3)=-0.19079061233821368;
A(33,3)=0.2441923798138757;
A(34,3)=-0.33707233366838046;
A(35,3)=0.523462417042515;
A(36,3)=-1.0115452935492928;
A(37,3)=3.509790705429325;
A(2,4)=-526.5475872900482;
A(3,4)=235.37146256109267;
A(4,4)=-35.24254862497875;
A(5,4)=-53.557944203656575;
A(6,4)=16.633809386462055;
A(7,4)=-7.543216264739156;
A(8,4)=4.107123349604002;
A(9,4)=-2.506673920764062;
A(10,4)=1.6580014653909352;
A(11,4)=-1.165533545414021;
A(12,4)=0.8600321072504937;
A(13,4)=-0.6605137034303874;
A(14,4)=0.5248268186709331;
A(15,4)=-0.4295394325342528;
A(16,4)=0.3609182842948882;
A(17,4)=-0.3105601273643863;
A(18,4)=0.27314004620880894;
A(19,4)=-0.24518992271681336;
A(20,4)=0.22440735738050613;
A(21,4)=-0.20925170702567134;
A(22,4)=0.19870307854984157;
A(23,4)=-0.19211877492768512;
A(24,4)=0.18915234955709484;
A(25,4)=-0.18971788216844232;
A(26,4)=0.19399378556845862;
A(27,4)=-0.20247106279498614;
A(28,4)=0.2160651104381635;
A(29,4)=-0.23633572461182356;
A(30,4)=0.2659148679276669;
A(31,4)=-0.3093744058825123;
A(32,4)=0.37512432440877536;
A(33,4)=-0.4800359952891647;
A(34,4)=0.6625281496854737;
A(35,4)=-1.0287772757997198;
A(36,4)=1.987880213668322;
A(37,4)=-6.897139786334624;
A(2,5)=430.97413873131654;
A(3,5)=-151.98066057812994;
A(4,5)=132.3539020260567;
A(5,5)=-18.818982689868374;
A(6,5)=-46.3320968458539;
A(7,5)=15.979657293574887;
A(8,5)=-7.820654841950741;
A(9,5)=4.51586728138421;
A(10,5)=-2.889394695382614;
A(11,5)=1.9875280019060255;
A(12,5)=-1.4446143941910072;
A(13,5)=1.0974024836610297;
A(14,5)=-0.8648363309944923;
A(15,5)=0.7033530745061936;
A(16,5)=-0.5880529684019822;
A(17,5)=0.5039882344777568;
A(18,5)=-0.4418257969905376;
A(19,5)=0.39555635328886013;
A(20,5)=-0.36122512547747965;
A(21,5)=0.33620193125022174;
A(22,5)=-0.3187509177594159;
A(23,5)=0.30777605137973124;
A(24,5)=-0.30267726866239547;
A(25,5)=0.3032846859363968;
A(26,5)=-0.30985919140118073;
A(27,5)=0.323165808868967;
A(28,5)=-0.34464940397549154;
A(29,5)=0.376783315739368;
A(30,5)=-0.4237490453179617;
A(31,5)=0.49281631205083626;
A(32,5)=-0.5973629728686278;
A(33,5)=0.7642310814320036;
A(34,5)=-1.0545486547138623;
A(35,5)=1.6372582464991077;
A(36,5)=-3.163302057181543;
A(37,5)=10.97474621372209;
A(2,6)=-372.9195279996921;
A(3,6)=120.88855634104186;
A(4,6)=-80.87207848925478;
A(5,6)=91.15405413643457;
A(6,6)=-11.599372162256898;
A(7,6)=-40.77480683736638;
A(8,6)=15.104166667536564;
A(9,6)=-7.811804188554713;
A(10,6)=4.7161906428827125;
A(11,6)=-3.131663359115075;
A(12,6)=2.223660290910156;
A(13,6)=-1.6617272856709169;
A(14,6)=1.2939256791087004;
A(15,6)=-1.042795937799495;
A(16,6)=0.8657168796269036;
A(17,6)=-0.737818145266315;
A(18,6)=0.6439035069145959;
A(19,6)=-0.5743498869640834;
A(20,6)=0.5229035849231563;
A(21,6)=-0.485442515683664;
A(22,6)=0.4592593157973164;
A(23,6)=-0.4426418454933918;
A(24,6)=0.43463592768202486;
A(25,6)=-0.43493266110969725;
A(26,6)=0.44385783276373136;
A(27,6)=-0.4624693837380088;
A(28,6)=0.4928033133992386;
A(29,6)=-0.5383676027167934;
A(30,6)=0.6051089207884074;
A(31,6)=-0.7033780720153068;
A(32,6)=0.8522328736918791;
A(33,6)=-1.089920899838578;
A(34,6)=1.5035529603023496;
A(35,6)=-2.333891641218935;
A(36,6)=4.508620660411846;
A(37,6)=-15.640989101199287;
A(2,7)=331.7504309089185;
A(3,7)=-103.26417513483942;
A(4,7)=62.517855129134105;
A(5,7)=-53.59226601729371;
A(6,7)=69.50763923392076;
A(7,7)=-7.796526489266581;
A(8,7)=-36.52657633521126;
A(9,7)=14.260312676751084;
A(10,7)=-7.695276800387319;
A(11,7)=4.813604579114575;
A(12,7)=-3.2951076716603325;
A(13,7)=2.4029810910584315;
A(14,7)=-1.8390518168096934;
A(15,7)=1.4633445767692332;
A(16,7)=-1.2031117462342298;
A(17,7)=1.0176221529101435;
A(18,7)=-0.88274439020655;
A(19,7)=0.7835503969918204;
A(20,7)=-0.7105085213603205;
A(21,7)=0.6574149269516054;
A(22,7)=-0.6202247887471775;
A(23,7)=0.5963792727480959;
A(24,7)=-0.5844259352817932;
A(25,7)=0.583831962452487;
A(26,7)=-0.5949482343587369;
A(27,7)=0.6191257544867349;
A(28,7)=-0.6590347262799165;
A(29,7)=0.7193169114173521;
A(30,7)=-0.807869437947112;
A(31,7)=0.9384597895124167;
A(32,7)=-1.13645429327215;
A(33,7)=1.452776842429519;
A(34,7)=-2.0034244015814493;
A(35,7)=3.1090144237847976;
A(36,7)=-6.004947534643531;
A(37,7)=20.829919586147057;
A(2,8)=-299.9238487238107;
A(3,8)=91.24493509552705;
A(4,8)=-52.51607293768854;
A(5,8)=40.46548635458356;
A(6,8)=-39.72321411234222;
A(7,8)=56.3528588611472;
A(8,8)=-5.547176244594084;
A(9,8)=-33.244813629104726;
A(10,8)=13.519876896156358;
A(11,8)=-7.549228744162767;
A(12,8)=4.86294065029717;
A(13,8)=-3.415877274326186;
A(14,8)=2.549272987710124;
A(15,8)=-1.9924860289112778;
A(16,8)=1.6165566393407274;
A(17,8)=-1.353510967518601;
A(18,8)=1.1648037563529934;
A(19,8)=-1.0273549234483537;
A(20,8)=0.9267821628494642;
A(21,8)=-0.8538875258221349;
A(22,8)=0.8027389014491535;
A(23,8)=-0.7695906723403868;
A(24,8)=0.7522799327295334;
