tLegendre(2)=0.0006406357078939454;
tLegendre(3)=0.0033723945061156827;
tLegendre(4)=0.008274498464188146;
tLegendre(5)=0.015326606336717752;
tLegendre(6)=0.02449801537114578;
tLegendre(7)=0.03574865349381968;
tLegendre(8)=0.04902933528073732;
tLegendre(9)=0.06428199210155185;
tLegendre(10)=0.08143993005004894;
tLegendre(11)=0.10042812291612903;
tLegendre(12)=0.12116354077728068;
tLegendre(13)=0.14355551329546784;
tLegendre(14)=0.16750612630483364;
tLegendre(15)=0.1929106500218132;
tLegendre(16)=0.2196579970326679;
tLegendre(17)=0.24763120806821104;
tLegendre(18)=0.27670796344757215;
tLegendre(19)=0.3067611179576664;
tLegendre(20)=0.33765925683113207;
tLegendre(21)=0.3692672703925127;
tLegendre(22)=0.4014469448604441;
tLegendre(23)=0.43405756672274254;
tLegendre(24)=0.4669565380418222;
tLegendre(25)=0.5;
tLegendre(26)=0.5330434619581779;
tLegendre(27)=0.5659424332772575;
tLegendre(28)=0.5985530551395559;
tLegendre(29)=0.6307327296074873;
tLegendre(30)=0.6623407431688679;
tLegendre(31)=0.6932388820423335;
tLegendre(32)=0.7232920365524278;
tLegendre(33)=0.752368791931789;
tLegendre(34)=0.7803420029673321;
tLegendre(35)=0.8070893499781868;
tLegendre(36)=0.8324938736951664;
tLegendre(37)=0.8564444867045321;
tLegendre(38)=0.8788364592227194;
tLegendre(39)=0.899571877083871;
tLegendre(40)=0.9185600699499511;
tLegendre(41)=0.9357180078984482;
tLegendre(42)=0.9509706647192627;
tLegendre(43)=0.9642513465061803;
tLegendre(44)=0.9755019846288542;
tLegendre(45)=0.9846733936632822;
tLegendre(46)=0.9917255015358118;
tLegendre(47)=0.9966276054938843;
tLegendre(48)=0.999359364292106;
A(2,2)=-779.9744389055668;
A(3,2)=-104.81197513571844;
A(4,2)=19.18085742190925;
A(5,2)=-6.310937589275685;
A(6,2)=2.7516048021899966;
A(7,2)=-1.4205161967638398;
A(8,2)=0.8216864188168261;
A(9,2)=-0.5161047170747756;
A(10,2)=0.3451651646414361;
A(11,2)=-0.24260059303050346;
A(12,2)=0.17756269108810302;
A(13,2)=-0.13443451714342913;
A(14,2)=0.10476092641198262;
A(15,2)=-0.08370521099603444;
A(16,2)=0.06837039791556625;
A(17,2)=-0.056952364913438455;
A(18,2)=0.04828937889932136;
A(19,2)=-0.041611411335868535;
A(20,2)=0.03639507040527236;
A(21,2)=-0.032276740909943875;
A(22,2)=0.028998996756572224;
A(23,2)=-0.02637665942753525;
A(24,2)=0.02427479993141068;
A(25,2)=-0.02259419843398144;
A(26,2)=0.021261579908799958;
A(27,2)=-0.020222986780974218;
A(28,2)=0.019439269835165095;
A(29,2)=-0.01888305931055843;
A(30,2)=0.018536820993929608;
A(31,2)=-0.01839176661599399;
A(32,2)=0.018447511172558308;
A(33,2)=-0.018712478827325144;
A(34,2)=0.0192051787684112;
A(35,2)=-0.01995663435451028;
A(36,2)=0.02101450422122759;
A(37,2)=-0.02244987860094737;
A(38,2)=0.024368564264203668;
A(39,2)=-0.026930317314020718;
A(40,2)=0.03038295159046319;
A(41,2)=-0.035126081768889546;
A(42,2)=0.041838451958185266;
A(43,2)=-0.05175482935413336;
A(44,2)=0.0673388892910105;
A(45,2)=-0.0941861369219221;
A(46,2)=0.14774116541935553;
A(47,2)=-0.2874746798118445;
A(48,2)=1.0012829151783347;
A(2,3)=1278.5107789897033;
A(3,3)=-147.7609147087751;
A(4,3)=-104.32216520015666;
A(5,3)=27.078358745607602;
A(6,3)=-10.852906553410355;
A(7,3)=5.379879874126899;
A(8,3)=-3.0415152305921405;
A(9,3)=1.8833813680915155;
A(10,3)=-1.2477017988651669;
A(11,3)=0.8711511530092638;
A(12,3)=-0.6345347426999651;
A(13,3)=0.4786733618906945;
A(14,3)=-0.37197586333729005;
A(15,3)=0.2965609193412621;
A(16,3)=-0.24180528206696073;
A(17,3)=0.2011354586886112;
A(18,3)=-0.17034022851347766;
A(19,3)=0.14663989622178472;
A(20,3)=-0.12815155983759993;
A(21,3)=0.11357083122366785;
A(22,3)=-0.10197644166209519;
A(23,3)=0.09270699173533917;
A(24,3)=-0.08528134805878348;
A(25,3)=0.07934618031899013;
A(26,3)=-0.07464081602489973;
A(27,3)=0.07097343254972525;
A(28,3)=-0.06820488104934261;
A(29,3)=0.06623782676375971;
A(30,3)=-0.06500977312051791;
A(31,3)=0.06448913191983323;
A(32,3)=-0.06467394491697162;
A(33,3)=0.0655932507464742;
A(34,3)=-0.06731151457717036;
A(35,3)=0.06993710773845627;
A(36,3)=-0.07363672045779705;
A(37,3)=0.07865914893346963;
A(38,3)=-0.08537480600726034;
A(39,3)=0.09434306909812507;
A(40,3)=-0.10643172667715144;
A(41,3)=0.12304021127080003;
A(42,3)=-0.14654551946049807;
A(43,3)=0.1812719320835504;
A(44,3)=-0.2358475572191976;
A(45,3)=0.3298686506464925;
A(46,3)=-0.5174244865575273;
A(47,3)=1.0067905901097904;
A(48,3)=-3.5066553831290657;
A(2,4)=-894.6296494480933;
A(3,4)=398.89479893796783;
A(4,4)=-59.92245132700096;
A(5,4)=-89.75635939740442;
A(6,4)=27.634488474699996;
A(7,4)=-12.39697684964155;
A(8,4)=6.662826987329274;
A(9,4)=-4.0051496931361354;
A(10,4)=2.603252072932511;
A(11,4)=-1.7940855939244387;
A(12,4)=1.2946642507724289;
A(13,4)=-0.96992692594754;
A(14,4)=0.7497632683244779;
A(15,4)=-0.5952987214493495;
A(16,4)=0.48379703611778796;
A(17,4)=-0.4013600740989139;
A(18,4)=0.3391701384309806;
A(19,4)=-0.2914523775920771;
A(20,4)=0.25432004817100007;
A(21,4)=-0.2250948280527149;
A(22,4)=0.20189338189649628;
A(23,4)=-0.1833685759678916;
A(24,4)=0.1685434134886336;
A(25,4)=-0.15670218069173011;
A(26,4)=0.14731785230135547;
A(27,4)=-0.14000309148845286;
A(28,4)=0.13447704303972302;
A(29,4)=-0.1305430659599912;
A(30,4)=0.12807440881236326;
A(31,4)=-0.12700607070450828;
A(32,4)=0.12733200324197697;
A(33,4)=-0.12910759771459773;
A(34,4)=0.13245824943435724;
A(35,4)=-0.13759592069083654;
A(36,4)=0.1448473905105333;
A(37,4)=-0.1547009451803254;
A(38,4)=0.1678839806638826;
A(39,4)=-0.1854953173016086;
A(40,4)=0.20923989944387786;
A(41,4)=-0.24186744925504453;
A(42,4)=0.28804872272285303;
A(43,4)=-0.3562810799899665;
A(44,4)=0.46351928310285356;
A(45,4)=-0.6482714511746405;
A(46,4)=1.0168274747564328;
A(47,4)=-1.9784667633665651;
A(48,4)=6.89091337893978;
A(2,5)=734.6843759001133;
A(3,5)=-258.4257394781191;
A(4,5)=224.02520190170614;
A(5,5)=-32.115225342141;
A(6,5)=-77.22825058625583;
A(7,5)=26.34854781331266;
A(8,5)=-12.72882897729448;
A(9,5)=7.239027690875576;
A(10,5)=-4.55144181253487;
A(11,5)=3.0692630034698833;
A(12,5)=-2.1816622505177583;
A(13,5)=1.6166118293063023;
A(14,5)=-1.2394046164872754;
A(15,5)=0.9778304845612449;
A(16,5)=-0.7907059710022892;
A(17,5)=0.6533377998338091;
A(18,5)=-0.550294892243233;
A(19,5)=0.47159296151817115;
A(20,5)=-0.41057794933102726;
A(21,5)=0.3627015283015038;
A(22,5)=-0.3247867501762984;
A(23,5)=0.29457375482684206;
A(24,5)=-0.27043109559788725;
A(25,5)=0.2511680632875111;
A(26,5)=-0.23591037438640372;
A(27,5)=0.22401671951300647;
A(28,5)=-0.21502243285349956;
A(29,5)=0.208601791445944;
A(30,5)=-0.20454372031250373;
A(31,5)=0.20273783105766896;
A(32,5)=-0.20316927862124845;
A(33,5)=0.2059222393952725;
A(34,5)=-0.21119320133696753;
A(35,5)=0.2193170781038595;
A(36,5)=-0.23081198564524258;
A(37,5)=0.24645340764588614;
A(38,5)=-0.267397579550238;
A(39,5)=0.29539195177788496;
A(40,5)=-0.3331485801143429;
A(41,5)=0.3850420512053873;
A(42,5)=-0.4585037108429319;
A(43,5)=0.5670537010854323;
A(44,5)=-0.7376692749606814;
A(45,5)=1.0316225452791528;
A(46,5)=-1.6180373592638229;
A(47,5)=3.1481431638760986;
A(48,5)=-10.964628035699969;
A(2,6)=-638.5111086905748;
A(3,6)=206.45954867156598;
A(4,6)=-137.48602586397777;
A(5,6)=153.94006906660235;
A(6,6)=-19.897259947836382;
A(7,6)=-67.52530323962417;
A(8,6)=24.689957529182706;
A(9,6)=-12.57651354289542;
A(10,6)=7.4609419269008;
A(11,6)=-4.856743069500114;
A(12,6)=3.3724140758603007;
A(13,6)=-2.4582309445615302;
A(14,6)=1.8620716559536272;
A(15,6)=-1.455729166386336;
A(16,6)=1.1688185097476602;
A(17,6)=-0.9603270431707259;
A(18,6)=0.8051848921916848;
A(19,6)=-0.687451277406423;
A(20,6)=0.5966500131525946;
A(21,6)=-0.5257013066466145;
A(22,6)=0.4697061079410569;
A(23,6)=-0.42520641224743916;
A(24,6)=0.3897216384153319;
A(25,6)=-0.36145064370867064;
A(26,6)=0.3390762055649097;
A(27,6)=-0.32163476374057115;
A(28,6)=0.3084289872873431;
A(29,6)=-0.29896943147609584;
A(30,6)=0.2929368803515438;
A(31,6)=-0.2901604195414188;
A(32,6)=0.29060872545574573;
A(33,6)=-0.2943940683929402;
A(34,6)=0.3017905846594736;
A(35,6)=-0.313271018228237;
A(36,6)=0.3295701917252955;
