tLegendre(2)=0.0006981774090316809;
tLegendre(3)=0.0036750007763981293;
tLegendre(4)=0.009015642482729716;
tLegendre(5)=0.016695844801552697;
tLegendre(6)=0.02667915450218547;
tLegendre(7)=0.038918031640499805;
tLegendre(8)=0.05335416412337913;
tLegendre(9)=0.06991876201966789;
tLegendre(10)=0.08853288974895683;
tLegendre(11)=0.10910784370304685;
tLegendre(12)=0.13154557552725482;
tLegendre(13)=0.15573915961439974;
tLegendre(14)=0.18157330277338832;
tLegendre(15)=0.2089248937153234;
tLegendre(16)=0.23766358976854196;
tLegendre(17)=0.26765243804018246;
tLegendre(18)=0.29874852807072905;
tLegendre(19)=0.3308036728746989;
tLegendre(20)=0.3636651151238112;
tLegendre(21)=0.3971762551083681;
tLegendre(22)=0.4311773970083735;
tLegendre(23)=0.4655065099184279;
tLegendre(24)=0.5;
tLegendre(25)=0.5344934900815721;
tLegendre(26)=0.5688226029916266;
tLegendre(27)=0.6028237448916318;
tLegendre(28)=0.6363348848761888;
tLegendre(29)=0.6691963271253011;
tLegendre(30)=0.701251471929271;
tLegendre(31)=0.7323475619598175;
tLegendre(32)=0.762336410231458;
tLegendre(33)=0.7910751062846766;
tLegendre(34)=0.8184266972266117;
tLegendre(35)=0.8442608403856002;
tLegendre(36)=0.8684544244727451;
tLegendre(37)=0.8908921562969532;
tLegendre(38)=0.9114671102510432;
tLegendre(39)=0.9300812379803322;
tLegendre(40)=0.9466458358766209;
tLegendre(41)=0.9610819683595002;
tLegendre(42)=0.9733208454978145;
tLegendre(43)=0.9833041551984473;
tLegendre(44)=0.9909843575172703;
tLegendre(45)=0.9963249992236018;
tLegendre(46)=0.9993018225909683;
A(2,2)=-715.650006625582;
A(3,2)=-96.20708167784925;
A(4,2)=17.616550633474304;
A(5,2)=-5.801209755888592;
A(6,2)=2.5322046279741284;
A(7,2)=-1.3090755544642891;
A(8,2)=0.7584902897417731;
A(9,2)=-0.4773413346883916;
A(10,2)=0.3199558940311489;
A(11,2)=-0.22545237748690258;
A(12,2)=0.16548022243355312;
A(13,2)=-0.12568183915420905;
A(14,2)=0.09828095016701587;
A(15,2)=-0.07882744052496811;
A(16,2)=0.0646548520200696;
A(17,2)=-0.05410202400152687;
A(18,2)=0.04609898045061158;
A(19,2)=-0.03993642003613766;
A(20,2)=0.03513229725890829;
A(21,2)=-0.0313519295641898;
A(22,2)=0.028358714036571392;
A(23,2)=-0.025982929771391217;
A(24,2)=0.02410154803453168;
A(25,2)=-0.022624931268659994;
A(26,2)=0.021487963793821004;
A(27,2)=-0.020644120490920976;
A(28,2)=0.02006155749211536;
A(29,2)=-0.01972067047418094;
A(30,2)=0.019612808041764997;
A(31,2)=-0.019740009519510316;
A(32,2)=0.02011580171494745;
A(33,2)=-0.020767280136445042;
A(34,2)=0.02173897418467526;
A(35,2)=-0.023099452646574647;
A(36,2)=0.02495246403436775;
A(37,2)=-0.027456057430404933;
A(38,2)=0.030856601384057665;
A(39,2)=-0.03555245156463331;
A(40,2)=0.04222120987571827;
A(41,2)=-0.05209654446592368;
A(42,2)=0.06764097999468842;
A(43,2)=-0.09444866634919165;
A(44,2)=0.14796232397885253;
A(45,2)=-0.2876494310617245;
A(46,2)=1.0013983073512704;
A(2,3)=1172.9697892341992;
A(3,3)=-135.55254874709206;
A(4,3)=-95.79841245767811;
A(5,3)=24.88719713979039;
A(6,3)=-9.985916031135945;
A(7,3)=4.9570166984179;
A(8,3)=-2.8071356535998446;
A(9,3)=1.7416433085696492;
A(10,3)=-1.1563890415865212;
A(11,3)=0.8094439897707003;
A(12,3)=-0.5912626734104771;
A(13,3)=0.4474371779607584;
A(14,3)=-0.3489123015795993;
A(15,3)=0.279235627928414;
A(16,3)=-0.2286289895926467;
A(17,3)=0.1910396236282495;
A(18,3)=-0.16258879114879143;
A(19,3)=0.1407158984235148;
A(20,3)=-0.12368668050244756;
A(21,3)=0.11030043509138997;
A(22,3)=-0.09971030953237191;
A(23,3)=0.09131000304080898;
A(24,3)=-0.08466069543991873;
A(25,3)=0.07944304381578576;
A(26,3)=-0.07542524481575578;
A(27,3)=0.07244170998959194;
A(28,3)=-0.07037901940105448;
A(29,3)=0.06916713735822669;
A(30,3)=-0.0687747509939758;
A(31,3)=0.06920824653987358;
A(32,3)=-0.07051442713543196;
A(33,3)=0.07278775089831123;
A(34,3)=-0.07618383154930368;
A(35,3)=0.08094254613078437;
A(36,3)=-0.0874270314556805;
A(37,3)=0.09619063439022614;
A(38,3)=-0.10809604079597185;
A(39,3)=0.12453824129254934;
A(40,3)=-0.14789020559421542;
A(41,3)=0.18247234291309417;
A(42,3)=-0.2369087112821634;
A(43,3)=0.3307908004959942;
A(44,3)=-0.5182013048683296;
A(45,3)=1.0074044240812914;
A(46,3)=-3.5070608799424003;
A(2,4)=-820.5350778068456;
A(3,4)=365.97785042043193;
A(4,4)=-54.95461572103627;
A(5,4)=-82.46899625882003;
A(6,4)=25.419403656476298;
A(7,4)=-11.419208109037005;
A(8,4)=6.1475873721871785;
A(9,4)=-3.7026520791102246;
A(10,4)=2.41203218599081;
A(11,4)=-1.6665207460748366;
A(12,4)=1.2060272720936802;
A(13,4)=-0.9063740168292104;
A(14,4)=0.7030756966328167;
A(15,4)=-0.5603625735613107;
A(16,4)=0.45730601491265227;
A(17,4)=-0.38110811489457497;
A(18,4)=0.323646789639822;
A(19,4)=-0.2796019126786804;
A(20,4)=0.24539314996756886;
A(21,4)=-0.21855468818698298;
A(22,4)=0.19735492859498338;
A(23,4)=-0.18055855426690134;
A(24,4)=0.16727404965176004;
A(25,4)=-0.15685405471774821;
A(26,4)=0.14882934439436507;
A(27,4)=-0.1428648772469038;
A(28,4)=0.1387308810960197;
A(29,4)=-0.13628473366107643;
A(30,4)=0.1354612319743837;
A(31,4)=-0.1362701948346642;
A(32,4)=0.13880153855802085;
A(33,4)=-0.14323931578658042;
A(34,4)=0.14988811495362236;
A(35,4)=-0.1592183755379172;
A(36,4)=0.17194295160539622;
A(37,4)=-0.1891486248256011;
A(38,4)=0.21253016544128434;
A(39,4)=-0.24482845009091392;
A(40,4)=0.29070622688981357;
A(41,4)=-0.3586531688698599;
A(42,4)=0.4656160109991057;
A(43,4)=-0.6500934456596672;
A(44,4)=1.0183623823136008;
A(45,4)=-1.9796799839930332;
A(46,4)=6.891716746624282;
A(2,5)=673.5473085850118;
A(3,5)=-236.99857723696707;
A(4,5)=205.57200407518783;
A(5,5)=-29.439081479257414;
A(6,5)=-71.00754577972018;
A(7,5)=24.260051184095705;
A(8,5)=-11.73951077948671;
A(9,5)=6.689449801116523;
A(10,5)=-4.215339977703625;
A(11,5)=2.849831817985499;
A(12,5)=-2.0314492355383247;
A(13,5)=1.5100582266338567;
A(14,5)=-1.1617473135319698;
A(15,5)=0.9200673661423673;
A(16,5)=-0.747105558084462;
A(17,5)=0.6201211267411175;
A(18,5)=-0.5248986914188932;
A(19,5)=0.4522388771463185;
A(20,5)=-0.39601111130760475;
A(21,5)=0.3520269563945242;
A(22,5)=-0.3173644576585229;
A(23,5)=0.2899503411739107;
A(24,5)=-0.26829484524362934;
A(25,5)=0.25131980931035974;
A(26,5)=-0.23824549539454884;
A(27,5)=0.22851558642313988;
A(28,5)=-0.22174794911785403;
A(29,5)=0.2177037033977046;
A(30,5)=-0.21627034895669123;
A(31,5)=0.21745701383936678;
A(32,5)=-0.22140188996697857;
A(33,5)=0.22839412614357532;
A(34,5)=-0.23891552044102587;
A(35,5)=0.25371240024887803;
A(36,5)=-0.2739172850769241;
A(37,5)=0.3012580256517185;
A(38,5)=-0.3384301431436377;
A(39,5)=0.38979387634007706;
A(40,5)=-0.46276761005066586;
A(41,5)=0.5708590762688339;
A(42,5)=-0.7410326095229095;
A(43,5)=1.0345452126201922;
A(44,5)=-1.6205000487817767;
A(45,5)=3.150091536635304;
A(46,5)=-10.965927400637073;
A(2,6)=-585.0463063596004;
A(3,6)=189.23417358369397;
A(4,6)=-126.08996550259998;
A(5,6)=141.30138205383165;
A(6,6)=-18.227518379626023;
A(7,6)=-62.13808803389171;
A(8,6)=22.758252823366682;
A(9,6)=-11.615242585896;
A(10,6)=6.9061513042781115;
A(11,6)=-4.507026952613313;
A(12,6)=3.138487929500716;
A(13,6)=-2.2949492292144815;
A(14,6)=1.744451512297066;
A(15,6)=-1.368996110347719;
A(16,6)=1.1037771185346694;
A(17,6)=-0.9110184989084609;
A(18,6)=0.7676213099224622;
A(19,6)=-0.6588949415860229;
A(20,6)=0.5751849713160925;
A(21,6)=-0.5099696868845961;
A(22,6)=0.45874126499780254;
A(23,6)=-0.4183252253124157;
A(24,6)=0.3864543317043692;
A(25,6)=-0.3614954117400123;
A(26,6)=0.3422711018157598;
A(27,6)=-0.3279424879439893;
A(28,6)=0.31793231890917834;
A(29,6)=-0.3118766552959916;
A(30,6)=0.30959801274537674;
A(31,6)=-0.3110967087739569;
A(32,6)=0.31656017826277644;
A(33,6)=-0.32639328809687895;
A(34,6)=0.34127713269293064;
A(35,6)=-0.3622710297560758;
A(36,6)=0.39098558527222;
A(37,6)=-0.4298805076125129;
A(38,6)=0.48279506018752055;
A(39,6)=-0.5559413021285553;
A(40,6)=0.6598897822232955;
A(41,6)=-0.8138892710705075;
A(42,6)=1.0563658980075676;
A(43,6)=-1.4746169681370602;
A(44,6)=2.309633520823278;
A(45,6)=-4.489445340264731;
A(46,6)=15.627925589922114;
A(2,7)=522.9464682873103;
