tLegendre(2)=0.004712262342791332;
tLegendre(3)=0.02466223911561612;
tLegendre(4)=0.05988042313650705;
tLegendre(5)=0.1092429980515993;
tLegendre(6)=0.1711644203916546;
tLegendre(7)=0.2436547314567615;
tLegendre(8)=0.32438411827306185;
tLegendre(9)=0.41075790925207606;
tLegendre(10)=0.5;
tLegendre(11)=0.5892420907479239;
tLegendre(12)=0.6756158817269382;
tLegendre(13)=0.7563452685432385;
tLegendre(14)=0.8288355796083454;
tLegendre(15)=0.8907570019484007;
tLegendre(16)=0.9401195768634929;
tLegendre(17)=0.9753377608843838;
tLegendre(18)=0.9952877376572087;
A(2,2)=-105.60377953385638;
A(3,2)=-14.605220176077019;
A(4,2)=2.788098351416469;
A(5,2)=-0.9757267998234904;
A(6,2)=0.4617595351178313;
A(7,2)=-0.2643423028021451;
A(8,2)=0.173495534838983;
A(9,2)=-0.12678508602492333;
A(10,2)=0.1014465597283137;
A(11,2)=-0.0880716941578533;
A(12,2)=0.08266707469621848;
A(13,2)=-0.08403383300330078;
A(14,2)=0.09326379864487722;
A(15,2)=-0.11511093704111254;
A(16,2)=0.16443559481727077;
A(17,2)=-0.30019178737064955;
A(18,2)=1.00951419141746;
A(2,3)=172.03115406838495;
A(3,3)=-19.761266419639036;
A(4,3)=-14.98922345702218;
A(5,3)=4.138568617993824;
A(6,3)=-1.8005728965489756;
A(7,3)=0.9898748429525338;
A(8,3)=-0.6350731545754276;
A(9,3)=0.4576122002194331;
A(10,3)=-0.3627789510434232;
A(11,3)=0.3129443755307958;
A(12,3)=-0.29240994570399453;
A(13,3)=0.29626921801583006;
A(14,3)=-0.32802362825073617;
A(15,3)=0.40416278869260747;
A(16,3)=-0.57664427196393;
A(17,3)=1.0518836102348172;
A(18,3)=-3.5358823078759825;
A(2,4)=-117.84601441597097;
A(3,4)=53.78819233867794;
A(4,4)=-7.8181271581748115;
A(5,4)=-13.433149239062436;
A(6,4)=4.490306542149886;
A(7,4)=-2.2344910736850814;
A(8,4)=1.3632150300597512;
A(9,4)=-0.9538738226292166;
A(10,4)=0.7422113948719146;
A(11,4)=-0.6322574327411864;
A(12,4)=0.5856011825954266;
A(13,4)=-0.5896091586280223;
A(14,4)=0.6498418753105529;
A(15,4)=-0.798066587226495;
A(16,4)=1.136054895724576;
A(17,4)=-2.069263501229748;
A(18,4)=6.9502854759373855;
A(2,5)=93.79587780281692;
A(3,5)=-33.77588088072503;
A(4,5)=30.551078675911935;
A(5,5)=-4.015632066670478;
A(6,5)=-12.17004370833309;
A(7,5)=4.6073435134746425;
A(8,5)=-2.5275341847873922;
A(9,5)=1.6740252065135028;
A(10,5)=-1.2607120096295805;
A(11,5)=1.0515510740946519;
A(12,5)=-0.960103408172537;
A(13,5)=0.9570064212085908;
A(14,5)=-1.0472403908477474;
A(15,5)=1.2795676021335243;
A(16,5)=-1.815046841292661;
A(17,5)=3.2984723626306494;
A(18,5)=-11.065527139798881;
A(2,6)=-78.16372849433533;
A(3,6)=25.876236364207717;
A(4,6)=-17.982852249220173;
A(5,6)=21.43018967246494;
A(6,6)=-2.317911882761304;
A(7,6)=-11.336389273532326;
A(8,6)=4.709478304333769;
A(9,6)=-2.7955207142721914;
A(10,6)=1.9879744376573822;
A(11,6)=-1.6020672918103573;
A(12,6)=1.4304346369797922;
A(13,6)=-1.4043152426967809;
A(14,6)=1.5205167293500217;
A(15,6)=-1.8440821369578684;
A(16,6)=2.6024972503259787;
A(17,6)=-4.714064592402455;
A(18,6)=15.787104934970811;
A(2,7)=66.25926845159869;
A(3,7)=-21.064990147386048;
A(4,7)=13.251095447637775;
A(5,7)=-12.013651865581451;
A(6,7)=16.78669975616388;
A(7,7)=-1.3910103526463378;
A(8,7)=-10.87679728637843;
A(9,7)=4.877511515984862;
A(10,7)=-3.1031986489029584;
A(11,7)=2.3584418010139747;
A(12,7)=-2.0327688610545724;
A(13,7)=1.9504943580250382;
A(14,7)=-2.0794820796419127;
A(15,7)=2.4953950023264944;
A(16,7)=-3.4965309684125634;
A(17,7)=6.304744688593416;
A(18,7)=-21.0636747919612;
A(2,8)=-56.40308946798285;
A(3,8)=17.528281992163834;
A(4,8)=-10.48508962683053;
A(5,8)=8.547834612192023;
A(6,8)=-9.044779757412314;
A(7,8)=14.10703220713732;
A(8,8)=-0.8013169980560046;
A(9,8)=-10.74653215953758;
A(10,8)=5.158677834867007;
A(11,8)=-3.504590455872539;
A(12,8)=2.8471229087209813;
A(13,8)=-2.636468717540185;
A(14,8)=2.747218569188534;
A(15,8)=-3.246961086839293;
A(16,8)=4.504117655467657;
A(17,8)=-8.070635561724384;
A(18,8)=26.87491879531396;
A(2,9)=47.83900217003071;
A(3,9)=-14.659276719244161;
A(4,9)=8.515262958027712;
A(5,9)=-6.570832816933494;
A(6,9)=6.231423419670622;
A(7,9)=-7.342302590906982;
A(8,9)=12.472907298741438;
A(9,9)=-0.3687143496657124;
A(10,9)=-10.936595124792632;
A(11,9)=5.602737405741827;
A(12,9)=-4.0675848941053285;
A(13,9)=3.5502516579075114;
A(14,9)=-3.57112705017979;
A(15,9)=4.127516287961624;
A(16,9)=-5.644182877478431;
A(17,9)=10.024947316608237;
A(18,9)=-33.231526672684396;
A(2,10)=-40.18347809536658;
A(3,10)=12.199816183361687;
A(4,10)=-6.955542504558304;
A(5,10)=5.194820818470042;
A(6,10)=-4.651913184472735;
A(7,10)=4.903879733297057;
A(8,10)=-6.2854158502207;
A(9,10)=11.480964991211138;
A(10,10)=0.;
A(11,10)=-11.480964991211138;
A(12,10)=6.2854158502207;
A(13,10)=-4.903879733297057;
A(14,10)=4.651913184472735;
A(15,10)=-5.194820818470042;
A(16,10)=6.955542504558304;
A(17,10)=-12.199816183361687;
A(18,10)=40.18347809536658;
A(2,11)=33.231526672684396;
A(3,11)=-10.024947316608237;
A(4,11)=5.644182877478431;
A(5,11)=-4.127516287961624;
A(6,11)=3.57112705017979;
A(7,11)=-3.5502516579075114;
A(8,11)=4.0675848941053285;
A(9,11)=-5.602737405741827;
A(10,11)=10.936595124792632;
A(11,11)=0.3687143496657124;
A(12,11)=-12.472907298741438;
A(13,11)=7.342302590906982;
A(14,11)=-6.231423419670622;
A(15,11)=6.570832816933494;
A(16,11)=-8.515262958027712;
A(17,11)=14.659276719244161;
A(18,11)=-47.83900217003071;
A(2,12)=-26.87491879531396;
A(3,12)=8.070635561724384;
A(4,12)=-4.504117655467657;
A(5,12)=3.246961086839293;
A(6,12)=-2.747218569188534;
A(7,12)=2.636468717540185;
A(8,12)=-2.8471229087209813;
A(9,12)=3.504590455872539;
A(10,12)=-5.158677834867007;
A(11,12)=10.74653215953758;
A(12,12)=0.8013169980560046;
A(13,12)=-14.10703220713732;
A(14,12)=9.044779757412314;
A(15,12)=-8.547834612192023;
A(16,12)=10.48508962683053;
A(17,12)=-17.528281992163834;
A(18,12)=56.40308946798285;
A(2,13)=21.0636747919612;
A(3,13)=-6.304744688593416;
A(4,13)=3.4965309684125634;
A(5,13)=-2.4953950023264944;
A(6,13)=2.0794820796419127;
A(7,13)=-1.9504943580250382;
A(8,13)=2.0327688610545724;
A(9,13)=-2.3584418010139747;
A(10,13)=3.1031986489029584;
A(11,13)=-4.877511515984862;
A(12,13)=10.87679728637843;
A(13,13)=1.3910103526463378;
A(14,13)=-16.78669975616388;
A(15,13)=12.013651865581451;
A(16,13)=-13.251095447637775;
A(17,13)=21.064990147386048;
A(18,13)=-66.25926845159869;
A(2,14)=-15.787104934970811;
A(3,14)=4.714064592402455;
A(4,14)=-2.6024972503259787;
A(5,14)=1.8440821369578684;
A(6,14)=-1.5205167293500217;
A(7,14)=1.4043152426967809;
A(8,14)=-1.4304346369797922;
A(9,14)=1.6020672918103573;
A(10,14)=-1.9879744376573822;
A(11,14)=2.7955207142721914;
A(12,14)=-4.709478304333769;
A(13,14)=11.336389273532326;
A(14,14)=2.317911882761304;
A(15,14)=-21.43018967246494;
A(16,14)=17.982852249220173;
A(17,14)=-25.876236364207717;
A(18,14)=78.16372849433533;
A(2,15)=11.065527139798881;
A(3,15)=-3.2984723626306494;
A(4,15)=1.815046841292661;
A(5,15)=-1.2795676021335243;
A(6,15)=1.0472403908477474;
A(7,15)=-0.9570064212085908;
A(8,15)=0.960103408172537;
A(9,15)=-1.0515510740946519;
A(10,15)=1.2607120096295805;
A(11,15)=-1.6740252065135028;
A(12,15)=2.5275341847873922;
A(13,15)=-4.6073435134746425;
A(14,15)=12.17004370833309;
A(15,15)=4.015632066670478;
A(16,15)=-30.551078675911935;
A(17,15)=33.77588088072503;
A(18,15)=-93.79587780281692;
A(2,16)=-6.9502854759373855;
A(3,16)=2.069263501229748;
A(4,16)=-1.136054895724576;
A(5,16)=0.798066587226495;
A(6,16)=-0.6498418753105529;
A(7,16)=0.5896091586280223;
A(8,16)=-0.5856011825954266;
A(9,16)=0.6322574327411864;
A(10,16)=-0.7422113948719146;
A(11,16)=0.9538738226292166;
A(12,16)=-1.3632150300597512;
A(13,16)=2.2344910736850814;
A(14,16)=-4.490306542149886;
A(15,16)=13.433149239062436;
A(16,16)=7.8181271581748115;
A(17,16)=-53.78819233867794;
A(18,16)=117.84601441597097;
A(2,17)=3.5358823078759825;
A(3,17)=-1.0518836102348172;
A(4,17)=0.57664427196393;
A(5,17)=-0.40416278869260747;
A(6,17)=0.32802362825073617;
A(7,17)=-0.29626921801583006;
A(8,17)=0.29240994570399453;
A(9,17)=-0.3129443755307958;
A(10,17)=0.3627789510434232;
A(11,17)=-0.4576122002194331;
