tLegendre(2)=0.006858095651593831;
tLegendre(3)=0.03578255816821324;
tLegendre(4)=0.0863993424651175;
tLegendre(5)=0.15635354759415726;
tLegendre(6)=0.24237568182092295;
tLegendre(7)=0.3404438155360551;
tLegendre(8)=0.44597252564632817;
tLegendre(9)=0.5540274743536718;
tLegendre(10)=0.6595561844639449;
tLegendre(11)=0.757624318179077;
tLegendre(12)=0.8436464524058427;
tLegendre(13)=0.9136006575348825;
tLegendre(14)=0.9642174418317867;
tLegendre(15)=0.9931419043484062;
A(2,2)=-72.40308363547996;
A(3,2)=-10.167617142663438;
A(4,2)=1.9853368251159342;
A(5,2)=-0.7184368514617512;
A(6,2)=0.3557702443445177;
A(7,2)=-0.21599227187358716;
A(8,2)=0.15272086379472752;
A(9,2)=-0.12256156441466184;
A(10,2)=0.11039091233365875;
A(11,2)=-0.1116061786807756;
A(12,2)=0.12835150123032762;
A(13,2)=-0.17415766398627508;
A(14,2)=0.3071917165688293;
A(15,2)=-1.0139069415742625;
A(2,3)=117.55746714002765;
A(3,3)=-13.454733028207203;
A(4,3)=-10.608343150126684;
A(5,3)=3.0289302626034718;
A(6,3)=-1.3790900316151866;
A(7,3)=0.8041627486220191;
A(8,3)=-0.5559126599435067;
A(9,3)=0.4400039224336489;
A(10,3)=-0.39276625973828955;
A(11,3)=0.39469941088668475;
A(12,3)=-0.45205773060191107;
A(13,3)=0.6116987304829006;
A(14,3)=-1.0770814599878378;
A(15,3)=3.5517348479517015;
A(2,4)=-79.61245441454477;
A(3,4)=36.79284229033824;
A(4,4)=-5.239796008585712;
A(5,4)=-9.722459946933467;
A(6,4)=3.401791154814152;
A(7,4)=-1.7960123562448789;
A(8,4)=1.181033437241198;
A(9,4)=-0.9081317472437083;
A(10,4)=0.7960596109782754;
A(11,4)=-0.7904934273586723;
A(12,4)=0.8981572178464899;
A(13,4)=-1.2088955636097622;
A(14,4)=2.121550425109383;
A(15,4)=-6.983761601380296;
A(2,5)=62.28098008140669;
A(3,5)=-22.710415293467484;
A(4,5)=21.018232167674213;
A(5,5)=-2.6052154234049616;
A(6,5)=-9.069141312579772;
A(7,5)=3.644166844181118;
A(8,5)=-2.155919211778629;
A(9,5)=1.5701183227331847;
A(10,5)=-1.3331719701299536;
A(11,5)=1.2974967842745984;
A(12,5)=-1.4549837383727897;
A(13,5)=1.941656435799874;
A(14,5)=-3.3894536712665997;
A(15,5)=11.126736156810665;
A(2,6)=-50.67382587718646;
A(3,6)=16.98930669465198;
A(4,6)=-12.083003611281182;
A(5,6)=14.90093102573107;
A(6,6)=-1.4029555305684858;
A(7,6)=-8.76848956473508;
A(8,6)=3.9310817538144187;
A(9,6)=-2.568109207368514;
A(10,6)=2.0612406420393015;
A(11,6)=-1.9408105707336423;
A(12,6)=2.131834693298434;
A(13,6)=-2.8077958060275745;
A(14,6)=4.86238692908155;
A(15,6)=-15.896529165073026;
A(2,7)=41.605130181401464;
A(3,7)=-13.397432832735975;
A(4,7)=8.62722605710216;
A(5,7)=-8.09729735166058;
A(6,7)=11.85821689016563;
A(7,7)=-0.710585589900779;
A(8,7)=-8.819821329192099;
A(9,7)=4.357750838361174;
A(10,7)=-3.13369238353143;
A(11,7)=2.7875540497224467;
A(12,7)=-2.9622929807065845;
A(13,7)=3.8239081123014227;
A(14,7)=-6.543525664208545;
A(15,7)=21.263854667789097;
A(2,8)=-33.95832108134273;
A(3,8)=10.691124016619053;
A(4,8)=-6.548822463442978;
A(5,8)=5.529851691845863;
A(6,8)=-6.136854712514547;
A(7,8)=10.181199633089133;
A(8,8)=-0.2186629783479288;
A(9,8)=-9.254550688912943;
A(10,8)=5.030388891186382;
A(11,8)=-4.009103366064332;
A(12,8)=4.027294444025677;
A(13,8)=-5.035584428504834;
A(14,8)=8.462006429238393;
A(15,8)=-27.252235570241996;
A(2,9)=27.252235570241996;
A(3,9)=-8.462006429238393;
A(4,9)=5.035584428504834;
A(5,9)=-4.027294444025677;
A(6,9)=4.009103366064332;
A(7,9)=-5.030388891186382;
A(8,9)=9.254550688912943;
A(9,9)=0.2186629783479288;
A(10,9)=-10.181199633089133;
A(11,9)=6.136854712514547;
A(12,9)=-5.529851691845863;
A(13,9)=6.548822463442978;
A(14,9)=-10.691124016619053;
A(15,9)=33.95832108134273;
A(2,10)=-21.263854667789097;
A(3,10)=6.543525664208545;
A(4,10)=-3.8239081123014227;
A(5,10)=2.9622929807065845;
A(6,10)=-2.7875540497224467;
A(7,10)=3.13369238353143;
A(8,10)=-4.357750838361174;
A(9,10)=8.819821329192099;
A(10,10)=0.710585589900779;
A(11,10)=-11.85821689016563;
A(12,10)=8.09729735166058;
A(13,10)=-8.62722605710216;
A(14,10)=13.397432832735975;
A(15,10)=-41.605130181401464;
A(2,11)=15.896529165073026;
A(3,11)=-4.86238692908155;
A(4,11)=2.8077958060275745;
A(5,11)=-2.131834693298434;
A(6,11)=1.9408105707336423;
A(7,11)=-2.0612406420393015;
A(8,11)=2.568109207368514;
A(9,11)=-3.9310817538144187;
A(10,11)=8.76848956473508;
A(11,11)=1.4029555305684858;
A(12,11)=-14.90093102573107;
A(13,11)=12.083003611281182;
A(14,11)=-16.98930669465198;
A(15,11)=50.67382587718646;
A(2,12)=-11.126736156810665;
A(3,12)=3.3894536712665997;
A(4,12)=-1.941656435799874;
A(5,12)=1.4549837383727897;
A(6,12)=-1.2974967842745984;
A(7,12)=1.3331719701299536;
A(8,12)=-1.5701183227331847;
A(9,12)=2.155919211778629;
A(10,12)=-3.644166844181118;
A(11,12)=9.069141312579772;
A(12,12)=2.6052154234049616;
A(13,12)=-21.018232167674213;
A(14,12)=22.710415293467484;
A(15,12)=-62.28098008140669;
A(2,13)=6.983761601380296;
A(3,13)=-2.121550425109383;
A(4,13)=1.2088955636097622;
A(5,13)=-0.8981572178464899;
A(6,13)=0.7904934273586723;
A(7,13)=-0.7960596109782754;
A(8,13)=0.9081317472437083;
A(9,13)=-1.181033437241198;
A(10,13)=1.7960123562448789;
A(11,13)=-3.401791154814152;
A(12,13)=9.722459946933467;
A(13,13)=5.239796008585712;
A(14,13)=-36.79284229033824;
A(15,13)=79.61245441454477;
A(2,14)=-3.5517348479517015;
A(3,14)=1.0770814599878378;
A(4,14)=-0.6116987304829006;
A(5,14)=0.45205773060191107;
A(6,14)=-0.39469941088668475;
A(7,14)=0.39276625973828955;
A(8,14)=-0.4400039224336489;
A(9,14)=0.5559126599435067;
A(10,14)=-0.8041627486220191;
A(11,14)=1.3790900316151866;
A(12,14)=-3.0289302626034718;
A(13,14)=10.608343150126684;
A(14,14)=13.454733028207203;
A(15,14)=-117.55746714002765;
A(2,15)=1.0139069415742625;
A(3,15)=-0.3071917165688293;
A(4,15)=0.17415766398627508;
A(5,15)=-0.12835150123032762;
A(6,15)=0.1116061786807756;
A(7,15)=-0.11039091233365875;
A(8,15)=0.12256156441466184;
A(9,15)=-0.15272086379472752;
A(10,15)=0.21599227187358716;
A(11,15)=-0.3557702443445177;
A(12,15)=0.7184368514617512;
A(13,15)=-1.9853368251159342;
A(14,15)=10.167617142663438;
A(15,15)=72.40308363547996;
