tLegendre(2)=0.046910077030668004;
tLegendre(3)=0.23076534494715845;
tLegendre(4)=0.5;
tLegendre(5)=0.7692346550528415;
tLegendre(6)=0.953089922969332;
A(2,2)=0.05923172126404727;
A(3,2)=0.12815100567004528;
A(4,2)=0.1137762880042246;
A(5,2)=0.12123243692686414;
A(6,2)=0.11687532956022854;
A(2,3)=-0.019570364359076036;
A(3,3)=0.11965716762484162;
A(4,3)=0.2600046516806415;
A(5,3)=0.22899605457899988;
A(6,3)=0.24490812891049543;
A(2,4)=0.011254400818642955;
A(3,4)=-0.0245921146196422;
A(4,4)=0.14222222222222222;
A(5,4)=0.30903655906408667;
A(6,4)=0.2731900436258015;
A(2,5)=-0.005593793660812185;
A(3,5)=0.010318280670683357;
A(4,5)=-0.020690316430958283;
A(5,5)=0.11965716762484162;
A(6,5)=0.25888469960875926;
A(2,6)=0.0015881129678659985;
A(3,6)=-0.002768994398769603;
A(4,6)=0.004687154523869941;
A(5,6)=-0.009687563141950739;
A(6,6)=0.05923172126404727;
