tLegendre(2)=0.004217415789534527;
tLegendre(3)=0.022088025214301123;
tLegendre(4)=0.05369876675122213;
tLegendre(5)=0.09814752051373844;
tLegendre(6)=0.1541564784698234;
tLegendre(7)=0.22011458446302623;
tLegendre(8)=0.2941244192685787;
tLegendre(9)=0.37405688715424723;
tLegendre(10)=0.45761249347913235;
tLegendre(11)=0.5423875065208676;
tLegendre(12)=0.6259431128457528;
tLegendre(13)=0.7058755807314213;
tLegendre(14)=0.7798854155369738;
tLegendre(15)=0.8458435215301766;
tLegendre(16)=0.9018524794862616;
tLegendre(17)=0.9463012332487779;
tLegendre(18)=0.9779119747856989;
tLegendre(19)=0.9957825842104655;
A(2,2)=0.005404003381620828;
A(3,2)=0.011693374394503542;
A(4,2)=0.010374316420545258;
A(5,2)=0.011077406867151708;
A(6,2)=0.010620004298119722;
A(7,2)=0.010948670535073089;
A(8,2)=0.01069778379757307;
A(9,2)=0.010897233326094087;
A(10,2)=0.010734048741423835;
A(11,2)=0.010870377292073555;
A(12,2)=0.01075476094190688;
A(13,2)=0.010853815362372905;
A(14,2)=0.010768475287204878;
A(15,2)=0.010842032399547964;
A(16,2)=0.010779037962754714;
A(17,2)=0.010832045563249577;
A(18,2)=0.010789203527747458;
A(19,2)=0.010820354532948061;
A(2,3)=-0.002036252074901137;
A(3,3)=0.01242863722374245;
A(4,3)=0.027020918892127058;
A(5,3)=0.023733721894105317;
A(6,3)=0.02558653101307712;
A(7,3)=0.024331393803894374;
A(8,3)=0.025260650892315297;
A(9,3)=0.02453509489156535;
A(10,3)=0.025121936713411102;
A(11,3)=0.02463547007789055;
A(12,3)=0.025045780161720915;
A(13,3)=0.024695632440481178;
A(14,3)=0.024996425920664124;
A(15,3)=0.02473772110743931;
A(16,3)=0.024958924315991143;
A(17,3)=0.024773003377603454;
A(18,3)=0.024923150736888677;
A(19,3)=0.02481402899109144;
A(2,4)=0.0015333586419372278;
A(3,4)=-0.0033261512046112948;
A(4,4)=0.019106432563722263;
A(5,4)=0.04158694594388255;
A(6,4)=0.03642608297056806;
A(7,4)=0.03939383664781643;
A(8,4)=0.037348004073339054;
A(9,4)=0.038884725923485026;
A(10,4)=0.03767077390215105;
A(11,4)=0.038661640066870576;
A(12,4)=0.037834756943859585;
A(13,4)=0.03853505532194082;
A(14,4)=0.037936785888639274;
A(15,4)=0.03844925108088264;
A(16,4)=0.03801238042035137;
A(17,4)=0.038378780187928355;
A(18,4)=0.03808331596732529;
A(19,4)=0.0382978568787129;
A(2,5)=-0.0012580394223851606;
A(3,5)=0.002281297807581006;
A(4,5)=-0.0044564391266549395;
A(5,5)=0.025235511026571792;
A(6,5)=0.0549518288252087;
A(7,5)=0.04807728390516232;
A(8,5)=0.05206748834108078;
A(9,5)=0.04929230533016374;
A(10,5)=0.05139300377482554;
A(11,5)=0.04972315252185825;
A(12,5)=0.051092333000050026;
A(13,5)=0.04994686985827209;
A(14,5)=0.05091690558098016;
A(15,5)=0.05009126950137371;
A(16,5)=0.05079186027555944;
A(17,5)=0.050206224633759566;
A(18,5)=0.05067741526676467;
A(19,5)=0.05033574410594595;
A(2,6)=0.0010659079643458452;
A(3,6)=-0.001797747161111233;
A(4,6)=0.002865258282178703;
A(5,6)=-0.005440212797815032;
A(6,6)=0.030638801677869615;
A(7,6)=0.06673195095831033;
A(8,6)=0.058350562533105846;
A(9,6)=0.06323930221751338;
A(10,6)=0.05982277752188794;
A(11,6)=0.06241956635163034;
A(12,6)=0.06034927498812189;
A(13,6)=0.0620490781557539;
A(14,6)=0.060628309354347695;
A(15,6)=0.06182635397992849;
A(16,6)=0.06081654024875119;
A(17,6)=0.061656668485907805;
A(18,6)=0.06098288310526911;
A(19,6)=0.06147051676624855;
A(2,7)=-0.0009152179163240297;
A(3,7)=0.001487721162666173;
A(4,7)=-0.0021732900191360396;
A(5,7)=0.003335204008113017;
A(6,7)=-0.00625934519663805;
A(7,7)=0.035160728667662663;
A(8,7)=0.07658946002785677;
A(9,7)=0.06694940448028472;
A(10,7)=0.07258738837869713;
A(11,7)=0.06863733683771384;
A(12,7)=0.07164499539015563;
A(13,7)=0.06924591753825006;
A(14,7)=0.07121276908440785;
A(15,7)=0.069576335171329;
A(16,7)=0.07094270846525626;
A(17,7)=0.06981340083791107;
A(18,7)=0.07071511812886863;
A(19,7)=0.07006424885401892;
A(2,8)=0.0007887580017938849;
A(3,8)=-0.0012550884139369387;
A(4,8)=0.0017504674242233586;
A(5,8)=-0.002446442127123703;
A(6,8)=0.0036944032887666397;
A(7,8)=-0.006893798827016985;
A(8,8)=0.03867116878156631;
A(9,8)=0.08424139147275114;
A(10,8)=0.0736258843983018;
A(11,8)=0.07984271828970303;
A(12,8)=0.07548299824962794;
A(13,8)=0.07880240944802419;
A(14,8)=0.07615941608795165;
A(15,8)=0.07831606468587586;
A(16,8)=0.07653912109671111;
A(17,8)=0.07799444628879754;
A(18,8)=0.0768393954285685;
A(19,8)=0.07767014492066991;
A(2,9)=-0.0006781003344657309;
A(3,9)=0.0010646083643054533;
A(4,9)=-0.0014441593004359816;
A(5,9)=0.0019182833109625827;
A(6,9)=-0.0026295169322273757;
A(7,9)=0.0039386910270479865;
A(8,9)=-0.007326855853819671;
A(9,9)=0.04106912093645818;
A(10,9)=0.08946794528317165;
A(11,9)=0.07818769386313235;
A(12,9)=0.08479635367127926;
A(13,9)=0.080163607189399;
A(14,9)=0.08368418663849861;
A(15,9)=0.08089388413336548;
A(16,9)=0.08314938424252315;
A(17,9)=0.08132550141668914;
A(18,9)=0.08276113912510932;
A(19,9)=0.08173358648665287;
A(2,10)=0.0005787115202430849;
A(3,10)=-0.0009004528319015491;
A(4,10)=0.0011997347139994531;
A(5,10)=-0.0015449081384714518;
A(6,10)=0.002007851930055144;
A(7,10)=-0.0027250926731970655;
A(8,10)=0.004063813974831594;
A(9,10)=-0.007546810553492315;
A(10,10)=0.0422855957407859;
A(11,10)=0.09211890567465111;
A(12,10)=0.08050362752385394;
A(13,10)=0.08730527198477624;
A(14,10)=0.08254580573903268;
A(15,10)=0.08614725134523372;
A(16,10)=0.08331803244573995;
A(17,10)=0.0855644023075005;
A(18,10)=0.08381655284039484;
A(19,10)=0.08505923243604169;
A(2,11)=-0.0004880409544698866;
A(3,11)=0.0007546386411769616;
A(4,11)=-0.000993210825928701;
A(5,11)=0.0012531590358318449;
A(6,11)=-0.001576059863661932;
A(7,11)=0.002025385742539119;
A(8,11)=-0.0027340805032044393;
A(9,11)=0.004067563957717857;
A(10,11)=-0.007547714193079319;
A(11,11)=0.0422855957407859;
A(12,11)=0.09211800203506411;
A(13,11)=0.0805073775067402;
A(14,11)=0.08729628415476887;
A(15,11)=0.08256333955151665;
A(16,11)=0.08611609962004325;
A(17,11)=0.08337145676757235;
A(18,11)=0.08547164431347334;
A(19,11)=0.0839924799613287;
A(2,12)=0.0004046553862634913;
A(3,12)=-0.0006228972521929602;
A(4,12)=0.0008127404562272316;
A(5,12)=-0.0010111423696067896;
A(6,12)=0.0012443577395508754;
A(7,12)=-0.001545944765582242;
A(8,12)=0.0019746346835173736;
A(9,12)=-0.0026581117983628965;
A(10,12)=0.003950548009784015;
A(11,12)=-0.007329703410255285;
A(12,12)=0.04106912093645818;
A(13,12)=0.08946509772673604;
A(14,12)=0.07819955084586837;
A(15,12)=0.08476775880514374;
A(16,12)=0.08021995856195378;
A(17,12)=0.08358240117335235;
A(18,12)=0.08107363350861091;
A(19,12)=0.0828163422073821;
A(2,13)=-0.00032780735753729177;
A(3,13)=0.0005029421345641151;
A(4,13)=-0.0006521087256649202;
A(5,13)=0.0008032164664215027;
A(6,13)=-0.0009737271227432375;
A(7,13)=0.0011829214751809694;
A(8,13)=-0.0014600718848915644;
A(9,13)=0.001859339313504687;
A(10,13)=-0.002500380726570404;
A(11,13)=0.0037164531648308215;
A(12,13)=-0.006899053909618521;
A(13,13)=0.03867116878156631;
A(14,13)=0.08423613639014961;
A(15,13)=0.07364793427436599;
A(16,13)=0.07978877969025633;
A(17,13)=0.07559187013890926;
A(18,13)=0.07859742597706956;
A(19,13)=0.07655357956133874;
A(2,14)=0.00025720848130640265;
A(3,14)=-0.0003936607935432998;
A(4,14)=0.0005080564974142493;
A(5,14)=-0.0006212511299309285;
A(6,14)=0.000745122163996331;
A(7,14)=-0.0008913117490825208;
A(8,14)=0.0010755397970752694;
A(9,14)=-0.0013235380548303087;
A(10,14)=0.0016841204976114849;
A(11,14)=-0.0022659310433718097;
A(12,14)=0.0033720528550406086;
A(13,14)=-0.006268002692531438;
A(14,14)=0.035160728667662663;
A(15,14)=0.07658080253196338;
A(16,14)=0.06698625332721231;
A(17,14)=0.07249474735446136;
A(18,14)=0.06883373617265916;
A(19,14)=0.07123667525164935;
A(2,15)=-0.00019291341050931327;
A(3,15)=0.00029472025047012337;
A(4,15)=-0.0003790651301685724;
A(5,15)=0.000461063106988042;
A(6,15)=-0.0005487506241892622;
A(7,15)=0.0006492940013915317;
A(8,15)=-0.0007714748000146762;
A(9,15)=0.0009283283676173415;
A(10,15)=-0.0011419629958911084;
A(11,15)=0.0014548258338512876;
A(12,15)=-0.001961698861774144;
A(13,15)=0.002927040822633385;
A(14,15)=-0.005454347602571106;
