tLegendre(2)=0.0004372171873685747;
tLegendre(3)=0.0023022381607848445;
tLegendre(4)=0.005651711174888976;
tLegendre(5)=0.010476386645265644;
tLegendre(6)=0.01676195741405666;
tLegendre(7)=0.024489686776061628;
tLegendre(8)=0.033636519466449154;
tLegendre(9)=0.044175160739304394;
tLegendre(10)=0.056074160558889335;
tLegendre(11)=0.06929800836897652;
tLegendre(12)=0.08380723942478044;
tLegendre(13)=0.09955855272639087;
tLegendre(14)=0.1165049403202749;
tLegendre(15)=0.13459582762773833;
tLegendre(16)=0.15377722440024114;
tLegendre(17)=0.17399188585951156;
tLegendre(18)=0.19517948354564232;
tLegendre(19)=0.21727678536538161;
tLegendre(20)=0.2402178443044062;
tLegendre(21)=0.26393419524101214;
tLegendre(22)=0.288355059274218;
tLegendre(23)=0.31340755495670275;
tLegendre(24)=0.3390169158023107;
tLegendre(25)=0.36510671341908063;
tLegendre(26)=0.39159908560193796;
tLegendre(27)=0.4184149687043679;
tLegendre(28)=0.4454743335956061;
tLegendre(29)=0.4726964244991766;
tLegendre(30)=0.5;
tLegendre(31)=0.5273035755008234;
tLegendre(32)=0.5545256664043939;
tLegendre(33)=0.5815850312956321;
tLegendre(34)=0.608400914398062;
tLegendre(35)=0.6348932865809194;
tLegendre(36)=0.6609830841976894;
tLegendre(37)=0.6865924450432972;
tLegendre(38)=0.711644940725782;
tLegendre(39)=0.7360658047589879;
tLegendre(40)=0.7597821556955938;
tLegendre(41)=0.7827232146346184;
tLegendre(42)=0.8048205164543577;
tLegendre(43)=0.8260081141404885;
tLegendre(44)=0.8462227755997589;
tLegendre(45)=0.8654041723722616;
tLegendre(46)=0.8834950596797251;
tLegendre(47)=0.9004414472736091;
tLegendre(48)=0.9161927605752196;
tLegendre(49)=0.9307019916310235;
tLegendre(50)=0.9439258394411106;
tLegendre(51)=0.9558248392606956;
tLegendre(52)=0.9663634805335508;
tLegendre(53)=0.9755103132239383;
tLegendre(54)=0.9832380425859434;
tLegendre(55)=0.9895236133547344;
tLegendre(56)=0.9943482888251111;
tLegendre(57)=0.9976977618392151;
tLegendre(58)=0.9995627828126314;
A(2,2)=-1143.0961778814008;
A(3,2)=-153.38818795291178;
A(4,2)=28.011865992774524;
A(5,2)=-9.18871921025656;
A(6,2)=3.9904794278147984;
A(7,2)=-2.049980614667316;
A(8,2)=1.1788418508101162;
A(9,2)=-0.7353735966121929;
A(10,2)=0.4879610894457675;
A(11,2)=-0.3399354554506571;
A(12,2)=0.24634895958568262;
A(13,2)=-0.18447623818237247;
A(14,2)=0.14203074147094333;
A(15,2)=-0.11199441537802979;
A(16,2)=0.09017018995152845;
A(17,2)=-0.07394830744702845;
A(18,2)=0.06165072451329186;
A(19,2)=-0.05216661064487945;
A(20,2)=0.04474161239082295;
A(21,2)=-0.03885178194678414;
A(22,2)=0.034125848738300026;
A(23,2)=-0.0302959965980519;
A(24,2)=0.027165938000074278;
A(25,2)=-0.024589757601997678;
A(26,2)=0.022457618667464083;
A(27,2)=-0.02068593663318958;
A(28,2)=0.019210517631704224;
A(29,2)=-0.017981700980147165;
A(30,2)=0.01696087967448829;
A(31,2)=-0.016117984602748162;
A(32,2)=0.015429654567974264;
A(33,2)=-0.014877903817346154;
A(34,2)=0.014449158919208987;
A(35,2)=-0.014133578272411677;
A(36,2)=0.013924597155209571;
A(37,2)=-0.013818663625108713;
A(38,2)=0.013815149080819692;
A(39,2)=-0.013916434608354641;
A(40,2)=0.01412819304277583;
A(41,2)=-0.014459910266141459;
A(42,2)=0.014925722382959413;
A(43,2)=-0.015545695766651485;
A(44,2)=0.016347757939385157;
A(45,2)=-0.017370623298535545;
A(46,2)=0.018668295534166594;
A(47,2)=-0.020317161289452358;
A(48,2)=0.022427511782064206;
A(49,2)=-0.02516296978675968;
A(50,2)=0.02877476512239103;
A(51,2)=-0.03366563279144045;
A(52,2)=0.04051730285156299;
A(53,2)=-0.05056758984748633;
A(54,2)=0.06628356260547558;
A(55,2)=-0.09326496614476776;
A(56,2)=0.14696255124501545;
A(57,2)=-0.28685802234998464;
A(58,2)=1.0008751996794216;
A(2,3)=1874.3066361159542;
A(3,3)=-216.67880984299114;
A(4,3)=-152.44110594920997;
A(5,3)=39.44887350076851;
A(6,3)=-15.748378980668662;
A(7,3)=7.76830783040495;
A(8,3)=-4.366054244567024;
A(9,3)=2.6850815545025517;
A(10,3)=-1.7648884231698403;
A(11,3)=1.2213649451776782;
A(12,3)=-0.8808475571157997;
A(13,3)=0.6572250884388204;
A(14,3)=-0.5045936750125894;
A(15,3)=0.39700911800958316;
A(16,3)=-0.31908170581715933;
A(17,3)=0.2613032386244392;
A(18,3)=-0.2175914231317862;
A(19,3)=0.1839367355838535;
A(20,3)=-0.1576257460349141;
A(21,3)=0.136779229992877;
A(22,3)=-0.12006879934558508;
A(23,3)=0.10653819917842879;
A(24,3)=-0.09548781026510512;
A(25,3)=0.08639834275016997;
A(26,3)=-0.07887941685519262;
A(27,3)=0.0726342933219661;
A(28,3)=-0.06743529412859675;
A(29,3)=0.06310643149075734;
A(30,3)=-0.05951098307844213;
A(31,3)=0.05654251976616895;
A(32,3)=-0.05411838592268126;
A(33,3)=0.05217495579619469;
A(34,3)=-0.050664206198829546;
A(35,3)=0.049551294604857556;
A(36,3)=-0.04881293792822486;
A(37,3)=0.04843646726623749;
A(38,3)=-0.048419499709113065;
A(39,3)=0.04877022962160598;
A(40,3)=-0.04950840813547215;
A(41,3)=0.050667162516686064;
A(42,3)=-0.05229592328073706;
A(43,3)=0.054464903420297715;
A(44,3)=-0.05727185778010707;
A(45,3)=0.060852327159457195;
A(46,3)=-0.06539540469666283;
A(47,3)=0.07116857753571766;
A(48,3)=-0.07855807615384536;
A(49,3)=0.08813690966806945;
A(50,3)=-0.10078490301534937;
A(51,3)=0.1179124772910501;
A(52,3)=-0.14190713813817507;
A(53,3)=0.17710388480241224;
A(54,3)=-0.23214275361071268;
A(55,3)=0.32663489430365195;
A(56,3)=-0.5146911983321184;
A(57,3)=1.0046257755957693;
A(58,3)=-3.5052235904809677;
A(2,4)=-1312.9059541060174;
A(3,4)=584.715952788305;
A(4,4)=-87.96593940005344;
A(5,4)=-130.89722764227008;
A(6,4)=40.14148731564637;
A(7,4)=-17.91929781043197;
A(8,4)=9.574320359440204;
A(9,4)=-5.715931458168498;
A(10,4)=3.6861270911283546;
A(11,4)=-2.5179153119675792;
A(12,4)=1.7990645081045393;
A(13,4)=-1.333079758309794;
A(14,4)=1.0181019275926304;
A(15,4)=-0.7977359733198607;
A(16,4)=0.6390493312814262;
A(17,4)=-0.5219423713951301;
A(18,4)=0.43368193843434183;
A(19,4)=-0.36593994634591115;
A(20,4)=0.3131166798175516;
A(21,4)=-0.2713547422013534;
A(22,4)=0.23793968214979247;
A(23,4)=-0.21092492464849347;
A(24,4)=0.18889094541679247;
A(25,4)=-0.17078705192099292;
A(26,4)=0.15582527902370868;
A(27,4)=-0.1434079121525259;
A(28,4)=0.13307716041822706;
A(29,4)=-0.12447970020841372;
A(30,4)=0.11734138313336054;
A(31,4)=-0.11144901393893375;
A(32,4)=0.10663713430340002;
A(33,4)=-0.10277842053515528;
A(34,4)=0.09977675123743829;
A(35,4)=-0.09756230759533986;
A(36,4)=0.09608828642016704;
A(37,4)=-0.09532896907347756;
A(38,4)=0.09527902248046623;
A(39,4)=-0.09595403141111268;
A(40,4)=0.09739239323488118;
A(41,4)=-0.09965887045133635;
A(42,4)=0.1028503254455078;
A(43,4)=-0.10710450928198194;
A(44,4)=0.11261333417079573;
A(45,4)=-0.11964299596086761;
A(46,4)=0.12856495007339366;
A(47,4)=-0.13990472240430446;
A(48,4)=0.1544211950456743;
A(49,4)=-0.17324029800413804;
A(50,4)=0.19809088951312942;
A(51,4)=-0.23174450080062084;
A(52,4)=0.27889272134115745;
A(53,4)=-0.3480541330765989;
A(54,4)=0.45620708284609957;
A(55,4)=-0.6418890934345743;
A(56,4)=1.0114326504261217;
A(57,4)=-1.97419293536737;
A(58,4)=6.888081237071502;
A(2,5)=1079.8152320239267;
A(3,5)=-379.38516871526997;
A(4,5)=328.1960421988503;
A(5,5)=-47.22108538818857;
A(6,5)=-112.35020504218522;
A(7,5)=38.14312219705346;
A(8,5)=-18.31853299034889;
A(9,5)=10.346644430942684;
A(10,5)=-6.454343103607711;
A(11,5)=4.313985816235348;
A(12,5)=-3.036135492080304;
A(13,5)=2.2251743484338733;
A(14,5)=-1.6854590934540845;
A(15,5)=1.3122674058605437;
A(16,5)=-1.0459645581812722;
A(17,5)=0.8508496975616757;
A(18,5)=-0.7046467639749957;
A(19,5)=0.5929622112464178;
A(20,5)=-0.5062133391246139;
A(21,5)=0.4378528090287212;
A(22,5)=-0.3833046244267453;
A(23,5)=0.3393061227949244;
A(24,5)=-0.3034896616071354;
A(25,5)=0.27411010558849935;
A(26,5)=-0.24986339362266108;
A(27,5)=0.22976337808378536;
A(28,5)=-0.21305676442593746;
A(29,5)=0.1991634638493844;
A(30,5)=-0.18763421640118244;
A(31,5)=0.17812016431145336;
A(32,5)=-0.17035084606710227;
A(33,5)=0.16411824184869422;
A(34,5)=-0.1592652693239454;
A(35,5)=0.15567765114440646;
A(36,5)=-0.15327844339383667;
A(37,5)=0.15202478763339727;
A(38,5)=-0.1519066701271548;
A(39,5)=0.15294767356504918;
