tLegendre(2)=0.004217415789534527;
tLegendre(3)=0.022088025214301123;
tLegendre(4)=0.05369876675122213;
tLegendre(5)=0.09814752051373844;
tLegendre(6)=0.1541564784698234;
tLegendre(7)=0.22011458446302623;
tLegendre(8)=0.2941244192685787;
tLegendre(9)=0.37405688715424723;
tLegendre(10)=0.45761249347913235;
tLegendre(11)=0.5423875065208676;
tLegendre(12)=0.6259431128457528;
tLegendre(13)=0.7058755807314213;
tLegendre(14)=0.7798854155369738;
tLegendre(15)=0.8458435215301766;
tLegendre(16)=0.9018524794862616;
tLegendre(17)=0.9463012332487779;
tLegendre(18)=0.9779119747856989;
tLegendre(19)=0.9957825842104655;
A(2,2)=-118.0538950836114;
A(3,2)=-16.269860652798894;
A(4,2)=3.0898334383444257;
A(5,2)=-1.073111879433589;
A(6,2)=0.5026743160459745;
A(7,2)=-0.28401912803779145;
A(8,2)=0.1833923867207484;
A(9,2)=-0.1313578572542146;
A(10,2)=0.10256199886553417;
A(11,2)=-0.08640596392201538;
A(12,2)=0.07813947648701941;
A(13,2)=-0.07577299025585434;
A(14,2)=0.0790530557048103;
A(15,2)=-0.08955344334888668;
A(16,2)=0.11229230596326117;
A(17,2)=-0.16228824860638558;
A(18,2)=0.29860732242490884;
A(19,2)=-1.0085065831754674;
A(2,3)=192.4586523744163;
A(3,3)=-22.125406520413122;
A(4,3)=-16.634844174466338;
A(5,3)=4.557987957361496;
A(6,3)=-1.962814236481841;
A(7,3)=1.0649958088963618;
A(8,3)=-0.6721865274336669;
A(9,3)=0.47472475039657924;
A(10,3)=-0.36722101073687824;
A(11,3)=0.30738784331521934;
A(12,3)=-0.2767026949912647;
A(13,3)=0.26742106898484375;
A(14,3)=-0.27830322239597377;
A(15,3)=0.31468784293327917;
A(16,3)=-0.39405804807687805;
A(17,3)=0.5689593647166268;
A(18,3)=-1.0462177689190686;
A(19,3)=3.53227136294768;
A(2,4)=-132.18489620134008;
A(3,4)=60.16056348840556;
A(4,4)=-8.7828278239841;
A(5,4)=-14.832474247411028;
A(6,4)=4.907288474604075;
A(7,4)=-2.410034813728734;
A(8,4)=1.4463806029781165;
A(9,4)=-0.9918750386167606;
A(10,4)=0.7530053249760567;
A(11,4)=-0.6223781362353628;
A(12,4)=0.5552789209968927;
A(13,4)=-0.5332096952928769;
A(14,4)=0.5522931534354203;
A(15,4)=-0.6223294011955602;
A(16,4)=0.7773178205941496;
A(17,4)=-1.1203195571751632;
A(18,4)=2.057663758335483;
A(19,4)=-6.942786957547671;
A(2,5)=105.61981059682068;
A(3,5)=-37.92450736345485;
A(4,5)=34.12457248743996;
A(5,5)=-4.539957801402714;
A(6,5)=-13.3503971528401;
A(7,5)=4.987721068962833;
A(8,5)=-2.691443824002298;
A(9,5)=1.746839733482368;
A(10,5)=-1.283384795845949;
A(11,5)=1.0384744630699636;
A(12,5)=-0.9131744400480108;
A(13,5)=0.8679224283504476;
A(14,5)=-0.8923336945479117;
A(15,5)=1.0000612973908607;
A(16,5)=-1.244237688017286;
A(17,5)=1.788348853480996;
A(18,5)=-3.278739980386253;
A(19,5)=11.052241909371084;
A(2,6)=-88.48786589218354;
A(3,6)=29.209398757321573;
A(4,6)=-20.192581695193642;
A(5,6)=23.877608606330103;
A(6,6)=-2.6523317043668695;
A(7,6)=-12.334594401862995;
A(8,6)=5.039761087691762;
A(9,6)=-2.9311752934944564;
A(10,6)=2.033134170857121;
A(11,6)=-1.5891743546742976;
A(12,6)=1.366224894899233;
A(13,6)=-1.2785581986745183;
A(14,6)=1.300189965249981;
A(15,6)=-1.445740541235995;
A(16,6)=1.7886413391348244;
A(17,6)=-2.56077003420431;
A(18,6)=4.682991654266295;
A(19,6)=-15.764467831920774;
A(2,7)=75.53678846874057;
A(3,7)=-23.944469425078612;
A(4,7)=14.982610080100123;
A(5,7)=-13.47760434953718;
A(6,7)=18.6354023689685;
A(7,7)=-1.6304243415914195;
A(8,7)=-11.71537077781774;
A(9,7)=5.1465571522128934;
A(10,7)=-3.1930737550692125;
A(11,7)=2.3531245979984505;
A(12,7)=-1.9522354973439753;
A(13,7)=1.7849367541090497;
A(14,7)=-1.7864453531482722;
A(15,7)=1.9643583217352472;
A(16,7)=-2.4112255510267255;
A(17,7)=3.433474454681963;
A(18,7)=-6.257135421468805;
A(19,7)=21.02468938566443;
A(2,8)=-64.87857215438963;
A(3,8)=20.10278266086538;
A(4,8)=-11.960678153681503;
A(5,8)=9.673974062277926;
A(6,8)=-10.128214823797196;
A(7,8)=15.583503119373088;
A(8,8)=-0.9916207284059865;
A(9,8)=-11.431575360654715;
A(10,8)=5.349795603450329;
A(11,8)=-3.5229876108781744;
A(12,8)=2.753775022580556;
A(13,8)=-2.428651315632639;
A(14,8)=2.374279739247258;
A(15,8)=-2.569469440233653;
A(16,8)=3.1196114832691872;
A(17,8)=-4.409316289702189;
A(18,8)=7.997642632415166;
A(19,8)=-26.806147755489803;
A(2,9)=55.656696490860654;
A(3,9)=-17.003942877692953;
A(4,9)=9.823620238333085;
A(5,9)=-7.519934358882136;
A(6,9)=7.055148113372912;
A(7,9)=-8.199120006672908;
A(8,9)=13.691387826037031;
A(9,9)=-0.5379004437001321;
A(10,9)=-11.455613881298211;
A(11,9)=5.68631403649103;
A(12,9)=-3.9700463860407256;
A(13,9)=3.298145761219469;
A(14,9)=-3.1101594037729803;
A(15,9)=3.288414381454549;
A(16,9)=-3.9311058225590245;
A(17,9)=5.499532737341595;
A(18,9)=-9.911083877140662;
A(19,9)=33.10791769674094;
A(2,10)=-47.43074234266042;
A(3,10)=14.356459826178298;
A(4,10)=-8.140006044513273;
A(5,10)=6.030175524957698;
A(6,10)=-5.341244512979436;
A(7,10)=5.55228140314067;
A(8,10)=-6.99343679564793;
A(9,10)=12.503466731279788;
A(10,10)=-0.17077736936599341;
A(11,10)=-11.795928589332016;
A(12,10)=6.206445077111625;
A(13,10)=-4.6053705626878845;
A(14,10)=4.091734468706773;
A(15,10)=-4.174918174973823;
A(16,10)=4.879427674979065;
A(17,10)=-6.727922928154388;
A(18,10)=12.017289573805314;
A(19,10)=-39.959234969937306;
A(2,11)=39.959234969937306;
A(3,11)=-12.017289573805314;
A(4,11)=6.727922928154388;
A(5,11)=-4.879427674979065;
A(6,11)=4.174918174973823;
A(7,11)=-4.091734468706773;
A(8,11)=4.6053705626878845;
A(9,11)=-6.206445077111625;
A(10,11)=11.795928589332016;
A(11,11)=0.17077736936599341;
A(12,11)=-12.503466731279788;
A(13,11)=6.99343679564793;
A(14,11)=-5.55228140314067;
A(15,11)=5.341244512979436;
A(16,11)=-6.030175524957698;
A(17,11)=8.140006044513273;
A(18,11)=-14.356459826178298;
A(19,11)=47.43074234266042;
A(2,12)=-33.10791769674094;
A(3,12)=9.911083877140662;
A(4,12)=-5.499532737341595;
A(5,12)=3.9311058225590245;
A(6,12)=-3.288414381454549;
A(7,12)=3.1101594037729803;
A(8,12)=-3.298145761219469;
A(9,12)=3.9700463860407256;
A(10,12)=-5.68631403649103;
A(11,12)=11.455613881298211;
A(12,12)=0.5379004437001321;
A(13,12)=-13.691387826037031;
A(14,12)=8.199120006672908;
A(15,12)=-7.055148113372912;
A(16,12)=7.519934358882136;
A(17,12)=-9.823620238333085;
A(18,12)=17.003942877692953;
A(19,12)=-55.656696490860654;
A(2,13)=26.806147755489803;
A(3,13)=-7.997642632415166;
A(4,13)=4.409316289702189;
A(5,13)=-3.1196114832691872;
A(6,13)=2.569469440233653;
A(7,13)=-2.374279739247258;
A(8,13)=2.428651315632639;
A(9,13)=-2.753775022580556;
A(10,13)=3.5229876108781744;
A(11,13)=-5.349795603450329;
A(12,13)=11.431575360654715;
A(13,13)=0.9916207284059865;
A(14,13)=-15.583503119373088;
A(15,13)=10.128214823797196;
A(16,13)=-9.673974062277926;
A(17,13)=11.960678153681503;
A(18,13)=-20.10278266086538;
A(19,13)=64.87857215438963;
A(2,14)=-21.02468938566443;
A(3,14)=6.257135421468805;
A(4,14)=-3.433474454681963;
A(5,14)=2.4112255510267255;
A(6,14)=-1.9643583217352472;
A(7,14)=1.7864453531482722;
A(8,14)=-1.7849367541090497;
A(9,14)=1.9522354973439753;
A(10,14)=-2.3531245979984505;
A(11,14)=3.1930737550692125;
A(12,14)=-5.1465571522128934;
A(13,14)=11.71537077781774;
A(14,14)=1.6304243415914195;
A(15,14)=-18.6354023689685;
A(16,14)=13.47760434953718;
A(17,14)=-14.982610080100123;
A(18,14)=23.944469425078612;
A(19,14)=-75.53678846874057;
A(2,15)=15.764467831920774;
A(3,15)=-4.682991654266295;
A(4,15)=2.56077003420431;
A(5,15)=-1.7886413391348244;
A(6,15)=1.445740541235995;
A(7,15)=-1.300189965249981;
A(8,15)=1.2785581986745183;
A(9,15)=-1.366224894899233;
A(10,15)=1.5891743546742976;
A(11,15)=-2.033134170857121;
A(12,15)=2.9311752934944564;
A(13,15)=-5.039761087691762;
A(14,15)=12.334594401862995;
A(15,15)=2.6523317043668695;
A(16,15)=-23.877608606330103;
A(17,15)=20.192581695193642;
A(18,15)=-29.209398757321573;
A(19,15)=88.48786589218354;
A(2,16)=-11.052241909371084;
A(3,16)=3.278739980386253;
A(4,16)=-1.788348853480996;
A(5,16)=1.244237688017286;
A(6,16)=-1.0000612973908607;
A(7,16)=0.8923336945479117;
A(8,16)=-0.8679224283504476;
A(9,16)=0.9131744400480108;
A(10,16)=-1.0384744630699636;
A(11,16)=1.283384795845949;
A(12,16)=-1.746839733482368;
