tLegendre(2)=0.0020571494271915355;
tLegendre(3)=0.010807277021764504;
tLegendre(4)=0.026420466669142877;
tLegendre(5)=0.04868106900784646;
tLegendre(6)=0.07727702860575099;
tLegendre(7)=0.11180702558966057;
tLegendre(8)=0.15178636979002136;
tLegendre(9)=0.19665385349119097;
tLegendre(10)=0.24577964258774715;
tLegendre(11)=0.29847412243825683;
tLegendre(12)=0.35399758025702155;
tLegendre(13)=0.4115705898215549;
tLegendre(14)=0.4703849532853434;
tLegendre(15)=0.5296150467146566;
tLegendre(16)=0.5884294101784451;
tLegendre(17)=0.6460024197429785;
tLegendre(18)=0.7015258775617431;
tLegendre(19)=0.7542203574122529;
tLegendre(20)=0.803346146508809;
tLegendre(21)=0.8482136302099786;
tLegendre(22)=0.8881929744103394;
tLegendre(23)=0.922722971394249;
tLegendre(24)=0.9513189309921536;
tLegendre(25)=0.9735795333308571;
tLegendre(26)=0.9891927229782355;
tLegendre(27)=0.9979428505728085;
A(2,2)=-242.55374859859552;
A(3,2)=-32.92103879169254;
A(4,2)=6.1132354106354985;
A(5,2)=-2.0545002504995438;
A(6,2)=0.9211575713204467;
A(7,2)=-0.4924178209491894;
A(8,2)=0.2970557649987122;
A(9,2)=-0.19604009571169545;
A(10,2)=0.13883422704123577;
A(11,2)=-0.10418458660137828;
A(12,2)=0.08213352392177888;
A(13,2)=-0.0676146667016922;
A(14,2)=0.05788309535048809;
A(15,2)=-0.051384432050753395;
A(16,2)=0.047221051600655845;
A(17,2)=-0.04488907540298824;
A(18,2)=0.04415076550620171;
A(19,2)=-0.04498627902999032;
A(20,2)=0.04760923540548901;
A(21,2)=-0.05256466044719558;
A(22,2)=0.06098703307745644;
A(23,2)=-0.07526005589204822;
A(24,2)=0.10090878650966831;
A(25,2)=-0.1533044386333067;
A(26,2)=0.29181735284540483;
A(27,2)=-1.0041312962417777;
A(2,3)=396.7324256391316;
A(3,3)=-45.75966025942577;
A(4,3)=-33.11524625880297;
A(5,3)=8.779873800330341;
A(6,3)=-3.6187167064471613;
A(7,3)=1.8575032903809896;
A(8,3)=-1.0952213985745822;
A(9,3)=0.7125870152800478;
A(10,3)=-0.49990496850723926;
A(11,3)=0.3726737585941317;
A(12,3)=-0.29239281265327444;
A(13,3)=0.23984639611972325;
A(14,3)=-0.20476458611518913;
A(15,3)=0.18138747753064233;
A(16,3)=-0.16640919859966308;
A(17,3)=0.1579772439826871;
A(18,3)=-0.15520920447266315;
A(19,3)=0.15800616925738578;
A(20,3)=-0.1670982488367766;
A(21,3)=0.18438278926780796;
A(22,3)=-0.2138254200529011;
A(23,3)=0.26376912034163835;
A(24,3)=-0.35355980180999597;
A(25,3)=0.5370269206140655;
A(26,3)=-1.0220920641582096;
A(27,3)=3.516699669488031;
A(2,4)=-275.58529437226554;
A(3,4)=123.87644717055494;
A(4,4)=-18.411153773320528;
A(5,4)=-28.891529093461152;
A(6,4)=9.147702245160971;
A(7,4)=-4.249528523170402;
A(8,4)=2.382086755415104;
A(9,4)=-1.5046244199584202;
A(10,4)=1.0356876855696442;
A(11,4)=-0.7621569850014713;
A(12,4)=0.5924729482116012;
A(13,4)=-0.48269354396105557;
A(14,4)=0.40996418440335836;
A(15,4)=-0.36170806657576415;
A(16,4)=0.330794518572279;
A(17,4)=-0.31324440179575164;
A(18,4)=0.3071336574913071;
A(19,4)=-0.3121566794735802;
A(20,4)=0.3296805827779311;
A(21,4)=-0.3633912651672459;
A(22,4)=0.42105383308083005;
A(23,4)=-0.519044277301624;
A(24,4)=0.6953658860028267;
A(25,4)=-1.0557888692598647;
A(26,4)=2.008893016851109;
A(27,4)=-6.910980194846255;
A(2,5)=223.91141757135495;
A(3,5)=-79.40249467429837;
A(4,5)=69.84826925137038;
A(5,5)=-9.745346945188322;
A(6,5)=-25.295711720533358;
A(7,5)=8.937475185633518;
A(8,5)=-4.503483494416466;
A(9,5)=2.691432921168333;
A(10,5)=-1.7922298155269103;
A(11,5)=1.2906580796075482;
A(12,5)=-0.9883809065252355;
A(13,5)=0.7965621472854548;
A(14,5)=-0.6710874365161644;
A(15,5)=0.5884387291954218;
A(16,5)=-0.5355533938276481;
A(17,5)=0.5052037898765722;
A(18,5)=-0.49383470376969857;
A(19,5)=0.5006750807125093;
A(20,5)=-0.5277292344230837;
A(21,5)=0.5807556099544274;
A(22,5)=-0.6720412979120893;
A(23,5)=0.8275977940938878;
A(24,5)=-1.1078640084980012;
A(25,5)=1.6811191777570451;
A(26,5)=-3.197486765607944;
A(27,5)=10.997627976580313;
A(2,6)=-191.86723232299545;
A(3,6)=62.545677786882784;
A(4,6)=-42.2662760970811;
A(5,6)=48.34412978734295;
A(6,6)=-5.928353627361228;
A(7,6)=-22.587840004158153;
A(8,6)=8.615237761085346;
A(9,6)=-4.6120478550882575;
A(10,6)=2.8981373153083037;
A(11,6)=-2.014932799495767;
A(12,6)=1.507584437007162;
A(13,6)=-1.1954034427427251;
A(14,6)=0.9952297112299241;
A(15,6)=-0.8649122353161828;
A(16,6)=0.7817936262657639;
A(17,6)=-0.7335343270594912;
A(18,6)=0.7139737306070376;
A(19,6)=-0.7213952668227008;
A(20,6)=0.7582909334447828;
A(21,6)=-0.8326439403558831;
A(22,6)=0.9618235419489021;
A(23,6)=-1.1828077342257306;
A(24,6)=1.5816710599574322;
A(25,6)=-2.3982053791317206;
A(26,6)=4.558969311310059;
A(27,6)=-15.675861631123652;
A(2,7)=168.60022904617722;
A(3,7)=-52.77519212224584;
A(4,7)=32.27603871457411;
A(5,7)=-28.07819633123879;
A(6,7)=37.13062130531006;
A(7,7)=-3.909050162689451;
A(8,7)=-20.585957966815613;
A(9,7)=8.319686754369448;
A(10,7)=-4.673457709197881;
A(11,7)=3.061265286588501;
A(12,7)=-2.208485820409475;
A(13,7)=1.7091982002416706;
A(14,7)=-1.3988795953365523;
A(15,7)=1.2005689719429535;
A(16,7)=-1.074971216312526;
A(17,7)=1.0012710923270516;
A(18,7)=-0.9689998917618349;
A(19,7)=0.9746300842710868;
A(20,7)=-1.0207651438495509;
A(21,7)=1.117606895546267;
A(22,7)=-1.288019188805501;
A(23,7)=1.5810766187498375;
A(24,7)=-2.1113018065558555;
A(25,7)=3.1979900225020215;
A(26,7)=-6.075185805779752;
A(27,7)=20.881510189630085;
A(2,8)=-150.15814286069505;
A(3,8)=45.93975307796096;
A(4,8)=-26.710594751405743;
A(5,8)=20.887643069127012;
A(6,8)=-20.907941957698775;
A(7,8)=30.39188145076091;
A(8,8)=-2.704629281329935;
A(9,8)=-19.116312610495445;
A(10,8)=8.093769620764135;
A(11,8)=-4.733344752589234;
A(12,8)=3.2139553610494622;
A(13,8)=-2.3963583120170533;
A(14,8)=1.91299264491205;
A(15,8)=-1.613103462306859;
A(16,8)=1.425732274238573;
A(17,8)=-1.3150074830766385;
A(18,8)=1.2630049222420985;
A(19,8)=-1.262810385132983;
A(20,8)=1.3163808987675583;
A(21,8)=-1.4359001389419812;
A(22,8)=1.6499682129317594;
A(23,8)=-2.020706991399067;
A(24,8)=2.6936072722729136;
A(25,8)=-4.0747453038886015;
A(26,8)=7.7340525137776375;
A(27,8)=-26.570808322431102;
A(2,9)=134.7051294741255;
A(3,9)=-40.630574685863714;
A(4,9)=22.934137644521744;
A(5,9)=-16.968863150312796;
A(6,9)=15.214796495953637;
A(7,9)=-16.69636015955737;
A(8,9)=25.985582025522476;
A(9,9)=-1.9201418203948029;
A(10,9)=-18.05519707842997;
A(11,9)=7.950453737650399;
A(12,9)=-4.815704159971198;
A(13,9)=3.3772129712597025;
A(14,9)=-2.5959550058862817;
A(15,9)=2.134163479827738;
A(16,9)=-1.8526413332496707;
A(17,9)=1.6862651768360188;
A(18,9)=-1.6034109620335086;
A(19,9)=1.5907982232327256;
A(20,9)=-1.6482820228787058;
A(21,9)=1.7894101503118718;
A(22,9)=-2.0485221358945487;
A(23,9)=2.501544346371123;
A(24,9)=-3.3272109770647216;
A(25,9)=5.025134355033372;
A(26,9)=-9.52767554510025;
A(27,9)=32.713757847231626;
A(2,10)=-121.25851048004176;
A(3,10)=36.23088717054106;
A(4,10)=-20.06594306822959;
A(5,10)=14.362807490022096;
A(6,10)=-12.152559506442184;
A(7,10)=11.921464261386411;
A(8,10)=-13.984779329231996;
A(9,10)=22.949788520159778;
A(10,10)=-1.3714063821214444;
A(11,10)=-17.320054732445314;
A(12,10)=7.894019699980489;
A(13,10)=-4.935783478962171;
A(14,10)=3.566888303743703;
A(15,10)=-2.8225585816199557;
A(16,10)=2.388176779082492;
A(17,10)=-2.1344975364087584;
A(18,10)=2.0025865384508115;
A(19,10)=-1.9667976439399857;
A(20,10)=2.0220484242208925;
A(21,10)=-2.181940603478647;
A(22,10)=2.4861715758852974;
A(23,10)=-3.0249770642064964;
A(24,10)=4.0123759447729554;
A(25,10)=-6.047883204519624;
A(26,10)=11.451583903453155;
A(27,10)=-39.291241817451535;
A(2,11)=109.24218831215882;
A(3,11)=-32.42586459413819;
A(4,11)=17.727456706340547;
A(5,11)=-12.417325968444331;
A(6,11)=10.143331053743168;
A(7,11)=-9.37483185197452;
A(8,11)=9.818477578181428;
A(9,11)=-12.132201240566356;
A(10,11)=20.793160031370487;
A(11,11)=-0.9624550183556505;
A(12,11)=-16.85802029631418;
A(13,11)=7.9278147075578635;
A(14,11)=-5.106130489377835;
A(15,11)=3.7976794355676566;
A(16,11)=-3.09222792411203;
A(17,11)=2.6933506885327314;
A(18,11)=-2.481070947560126;
A(19,11)=2.404155357123232;
