tLegendre(2)=0.0005050261118358865;
tLegendre(3)=0.0026590403459964608;
tLegendre(4)=0.006526482488314239;
tLegendre(5)=0.01209488314250771;
tLegendre(6)=0.019345152688431833;
tLegendre(7)=0.028252323267779062;
tLegendre(8)=0.038785698478593936;
tLegendre(9)=0.05090897106228669;
tLegendre(10)=0.06458035122087932;
tLegendre(11)=0.07975271172709932;
tLegendre(12)=0.09637375079155226;
tLegendre(13)=0.11438617253723385;
tLegendre(14)=0.13372788459624488;
tLegendre(15)=0.15433221219931664;
tLegendre(16)=0.17612812804174496;
tLegendre(17)=0.19904049714311534;
tLegendre(18)=0.22299033586146605;
tLegendre(19)=0.24789508417143327;
tLegendre(20)=0.2736688902690771;
tLegendre(21)=0.3002229065230235;
tLegendre(22)=0.32746559575213885;
tLegendre(23)=0.3553030467741869;
tLegendre(24)=0.3836392981378637;
tLegendre(25)=0.4123766689223371;
tLegendre(26)=0.44141609546402244;
tLegendre(27)=0.47065747284987025;
tLegendre(28)=0.5;
tLegendre(29)=0.5293425271501297;
tLegendre(30)=0.5585839045359776;
tLegendre(31)=0.5876233310776628;
tLegendre(32)=0.6163607018621363;
tLegendre(33)=0.6446969532258131;
tLegendre(34)=0.6725344042478612;
tLegendre(35)=0.6997770934769765;
tLegendre(36)=0.7263311097309229;
tLegendre(37)=0.7521049158285668;
tLegendre(38)=0.7770096641385339;
tLegendre(39)=0.8009595028568847;
tLegendre(40)=0.8238718719582551;
tLegendre(41)=0.8456677878006834;
tLegendre(42)=0.8662721154037551;
tLegendre(43)=0.8856138274627662;
tLegendre(44)=0.9036262492084477;
tLegendre(45)=0.9202472882729007;
tLegendre(46)=0.9354196487791206;
tLegendre(47)=0.9490910289377134;
tLegendre(48)=0.9612143015214061;
tLegendre(49)=0.971747676732221;
tLegendre(50)=0.9806548473115682;
tLegendre(51)=0.9879051168574923;
tLegendre(52)=0.9934735175116858;
tLegendre(53)=0.9973409596540035;
tLegendre(54)=0.9994949738881641;
A(2,2)=0.000647920930141758;
A(3,2)=0.001401995637878649;
A(4,2)=0.0012438392358839353;
A(5,2)=0.001328152682031531;
A(6,2)=0.001273281009708539;
A(7,2)=0.0013127403166041287;
A(8,2)=0.0012825749015364417;
A(9,2)=0.0013066156497282186;
A(10,2)=0.0012868671394831164;
A(11,2)=0.001303467997361937;
A(12,2)=0.001289257496190891;
A(13,2)=0.0013016015884497493;
A(14,2)=0.0012907482060141682;
A(15,2)=0.0013003882839370603;
A(16,2)=0.0012917516125824564;
A(17,2)=0.0012995470208920143;
A(18,2)=0.0012924653753153019;
A(19,2)=0.0012989350740807524;
A(20,2)=0.0012929949135508858;
A(21,2)=0.001298473032594136;
A(22,2)=0.0012934010877014017;
A(23,2)=0.0012981135344685684;
A(24,2)=0.001293721262217736;
A(25,2)=0.0012978267372725767;
A(26,2)=0.0012939795398065638;
A(27,2)=0.0012975929737602276;
A(28,2)=0.0012941921209113278;
A(29,2)=0.0012973987810854894;
A(30,2)=0.0012943702866216062;
A(31,2)=0.0012972346312599401;
A(32,2)=0.0012945221460552723;
A(33,2)=0.0012970935706543819;
A(34,2)=0.001294653707085271;
A(35,2)=0.0012969703683513652;
A(36,2)=0.0012947695610794863;
A(37,2)=0.0012968609592569898;
A(38,2)=0.0012948733416436593;
A(39,2)=0.001296762060464241;
A(40,2)=0.0012949680514921654;
A(41,2)=0.0012966708859913254;
A(42,2)=0.0012950563193344265;
A(43,2)=0.001296584905774039;
A(44,2)=0.0012951406380761266;
A(45,2)=0.0012965015948898876;
A(46,2)=0.0012952236485154307;
A(47,2)=0.0012964180870716458;
A(48,2)=0.0012953085965656346;
A(49,2)=0.00129633052335003;
A(50,2)=0.0012954003360603132;
A(51,2)=0.00129623237214247;
A(52,2)=0.0012955084457918105;
A(53,2)=0.0012961077641275947;
A(54,2)=0.0012956653736246402;
A(2,3)=-0.0002467506639379754;
A(3,3)=0.0015060690567371684;
A(4,3)=0.0032743333560036835;
A(5,3)=0.0028759583467673055;
A(6,3)=0.003100569901891402;
A(7,3)=0.002948304925825307;
A(8,3)=0.003061189748589682;
A(9,3)=0.0029728415162391057;
A(10,3)=0.0030445749294018983;
A(11,3)=0.0029847525687583406;
A(12,3)=0.003035671298632726;
A(13,3)=0.002991625393507114;
A(14,3)=0.00303022886331407;
A(15,3)=0.0029960258954297393;
A(16,3)=0.0030266084773907837;
A(17,3)=0.00299904866050039;
A(18,3)=0.0030240524960557912;
A(19,3)=0.003001233934796867;
A(20,3)=0.0030221659036327097;
A(21,3)=0.0030028768232003883;
A(22,3)=0.0030207240806892598;
A(23,3)=0.003004151121116433;
A(24,3)=0.0030195905865044483;
A(25,3)=0.00300516534664032;
A(26,3)=0.003018678090847264;
A(27,3)=0.0030059905354779468;
A(28,3)=0.0030179282407995635;
A(29,3)=0.003006675061957091;
A(30,3)=0.003017300589166843;
A(31,3)=0.003007253021487058;
A(32,3)=0.0030167661686526584;
A(33,3)=0.0030077492142350417;
A(34,3)=0.003016303583371861;
A(35,3)=0.003008182244001143;
A(36,3)=0.003015896524624871;
A(37,3)=0.0030085665330256512;
A(38,3)=0.0030155321155664796;
A(39,3)=0.003008913702707644;
A(40,3)=0.003015199737881205;
A(41,3)=0.003009233594776734;
A(42,3)=0.003014890114840738;
A(43,3)=0.0030095351289329947;
A(44,3)=0.0030145944663210085;
A(45,3)=0.0030098271896883636;
A(46,3)=0.0030143035083573717;
A(47,3)=0.003010119845399747;
A(48,3)=0.0030140058473176307;
A(49,3)=0.0030104266331939487;
A(50,3)=0.003013684464757763;
A(51,3)=0.0030107704449961028;
A(52,3)=0.0030133057986479086;
A(53,3)=0.0030112068721248175;
A(54,3)=0.0030127561974611387;
A(2,4)=0.000189439510850806;
A(3,4)=-0.0004109104944084509;
A(4,4)=0.002360300571235086;
A(5,4)=0.005137451901302361;
A(6,4)=0.004499777027824708;
A(7,4)=0.004866674270985031;
A(8,4)=0.004613456980073868;
A(9,4)=0.004804066201251619;
A(10,4)=0.004652952980255979;
A(11,4)=0.004776999165244194;
A(12,4)=0.004672575006481703;
A(13,4)=0.0047621806694996644;
A(14,4)=0.0046841206369837825;
A(15,4)=0.0047529602039858825;
A(16,4)=0.0046916335367915025;
A(17,4)=0.004746735594799515;
A(18,4)=0.0046968641747089064;
A(19,4)=0.004742286474741193;
A(20,4)=0.004700688812254787;
A(21,4)=0.004738967856043004;
A(22,4)=0.004703592379474204;
A(23,4)=0.0047364083861466885;
A(24,4)=0.0047058638710986405;
A(25,4)=0.004734379929460854;
A(26,4)=0.00470768569548924;
A(27,4)=0.004732734945811758;
A(28,4)=0.004709178453560585;
A(29,4)=0.004731373892879424;
A(30,4)=0.004710425053100063;
A(31,4)=0.004730227125251178;
A(32,4)=0.004711484479129211;
A(33,4)=0.004729244287148521;
A(34,4)=0.004712400061710805;
A(35,4)=0.0047283877938930725;
A(36,4)=0.004713204674562815;
A(37,4)=0.004727628636073131;
A(38,4)=0.004713924166251521;
A(39,4)=0.0047269435306595215;
A(40,4)=0.0047145797699534265;
A(41,4)=0.004726312833816917;
A(42,4)=0.0047151899680652806;
A(43,4)=0.004725718806309705;
A(44,4)=0.004715772191619153;
A(45,4)=0.0047251438397616745;
A(46,4)=0.00471634481112943;
A(47,4)=0.004724568041026019;
A(48,4)=0.004716930308605366;
A(49,4)=0.004723964728552275;
A(50,4)=0.004717562196482085;
A(51,4)=0.004723288856076358;
A(52,4)=0.004718306482637584;
A(53,4)=0.0047224311302584985;
A(54,4)=0.004719386552265379;
A(2,5)=-0.0001599035565926471;
A(3,5)=0.00028993445557618804;
A(4,5)=-0.0005662985041170407;
A(5,5)=0.0032065065360600948;
A(6,5)=0.0069824458854499186;
A(7,5)=0.0061086376637737175;
A(8,5)=0.006616271682058534;
A(9,5)=0.006262581287924657;
A(10,5)=0.006531158956942313;
A(11,5)=0.006316552779184605;
A(12,5)=0.006493959113527344;
A(13,5)=0.006343679273812519;
A(14,5)=0.006473354513521977;
A(15,5)=0.0063598227504647895;
A(16,5)=0.006460393574591658;
A(17,5)=0.0063704365713172775;
A(18,5)=0.006451558025659078;
A(19,5)=0.006377894453725996;
A(20,5)=0.006445187656373886;
A(21,5)=0.0063833925195570795;
A(22,5)=0.0064403989779629675;
A(23,5)=0.006387597349632457;
A(24,5)=0.0064366797358888835;
A(25,5)=0.006390908987959421;
A(26,5)=0.006433713033001263;
A(27,5)=0.006393581688038135;
A(28,5)=0.006431292510383902;
A(29,5)=0.006395784710669315;
A(30,5)=0.006429277976791998;
A(31,5)=0.006397635234223743;
A(32,5)=0.00642757063650838;
A(33,5)=0.006399217255957963;
A(34,5)=0.00642609848277086;
A(35,5)=0.006400593018275082;
A(36,5)=0.006424807250945292;
A(37,5)=0.006401810260974767;
A(38,5)=0.0064236545264627935;
A(39,5)=0.006402907082099525;
A(40,5)=0.0064226056598122245;
A(41,5)=0.006403915452302042;
A(42,5)=0.006421630649392575;
A(43,5)=0.0064048640925328006;
A(44,5)=0.006420701344640591;
A(45,5)=0.0064057813701142744;
A(46,5)=0.006419788219213618;
