tLegendre(2)=0.007908472640705926;
tLegendre(3)=0.04120080038851102;
tLegendre(4)=0.09921095463334505;
tLegendre(5)=0.17882533027982989;
tLegendre(6)=0.2757536244817766;
tLegendre(7)=0.3847708420224326;
tLegendre(8)=0.5;
tLegendre(9)=0.6152291579775674;
tLegendre(10)=0.7242463755182235;
tLegendre(11)=0.8211746697201701;
tLegendre(12)=0.9007890453666549;
tLegendre(13)=0.958799199611489;
tLegendre(14)=0.9920915273592941;
A(2,2)=-62.719347332867144;
A(3,2)=-8.874064742996069;
A(4,2)=1.7521862170329272;
A(5,2)=-0.6447015410104615;
A(6,2)=0.3266155084299234;
A(7,2)=-0.20433156868947022;
A(8,2)=0.1502063863630455;
A(9,2)=-0.12679442833910165;
A(10,2)=0.1221244612321169;
A(11,2)=-0.13549113672782123;
A(12,2)=0.17917172286545144;
A(13,2)=-0.3106963434381504;
A(14,2)=1.0160711416494916;
A(2,3)=101.66912462362154;
A(3,3)=-11.614200946112422;
A(4,3)=-9.334521684482349;
A(5,3)=2.7100730976504646;
A(6,3)=-1.2624470483432455;
A(7,3)=0.758640810613836;
A(8,3)=-0.5453117802454638;
A(9,3)=0.4540651196789529;
A(10,3)=-0.43351502628632543;
A(11,3)=0.47818593763256034;
A(12,3)=-0.6299493343261543;
A(13,3)=1.0898013780830478;
A(14,3)=-3.5596117648395684;
A(2,4)=-68.46278673647089;
A(3,4)=31.834636157837668;
A(4,4)=-4.484697123273679;
A(5,4)=-8.651457343025486;
A(6,4)=3.0974767725514485;
A(7,4)=-1.6856142649493755;
A(8,4)=1.152804331462736;
A(9,4)=-0.9328039525754701;
A(10,4)=0.8748893277849197;
A(11,4)=-0.9540373849873277;
A(12,4)=1.2475390876579064;
A(13,4)=-2.1483915870572297;
A(14,4)=7.000737326033282;
A(2,5)=53.09718443955544;
A(3,5)=-19.481720034852984;
A(4,5)=18.235922673345172;
A(5,5)=-2.187140617019377;
A(6,5)=-8.190801746639252;
A(7,5)=3.3933003658464904;
A(8,5)=-2.088571712258622;
A(9,5)=1.6013493374412937;
A(10,5)=-1.4556102086252651;
A(11,5)=1.5567852858247977;
A(12,5)=-2.0109620021573393;
A(13,5)=3.437503058363166;
A(14,5)=-11.158958710547598;
A(2,6)=-42.67717053157539;
A(3,6)=14.398110291737144;
A(4,6)=-10.358397225538155;
A(5,6)=12.99488516666332;
A(6,6)=-1.122839991808972;
A(7,6)=-8.074256804953722;
A(8,6)=3.7678036405717226;
A(9,6)=-2.592920324833001;
A(10,6)=2.2296904413483705;
A(11,6)=-2.309357263624324;
A(12,6)=2.9257527500731983;
A(13,6)=-4.9442051211472;
A(14,6)=15.957375946825442;
A(2,7)=34.4587073964429;
A(3,7)=-11.166915333182496;
A(4,7)=7.275241228716684;
A(5,7)=-6.948211550033626;
A(6,7)=10.420948634310095;
A(7,7)=-0.48676946203667076;
A(8,7)=-8.33016596067257;
A(9,7)=4.339179499144992;
A(10,7)=-3.3465234226096947;
A(11,7)=3.2789652439956285;
A(12,7)=-4.026053834025165;
A(13,7)=6.683672531541726;
A(14,7)=-21.382756143160304;
A(2,8)=-27.492854062745696;
A(3,8)=8.711838523914519;
A(4,8)=-5.400235695712703;
A(5,8)=4.641603468888679;
A(6,8)=-5.277896555655876;
A(7,8)=9.041106174686577;
A(8,8)=0.;
A(9,8)=-9.041106174686577;
A(10,8)=5.277896555655876;
A(11,8)=-4.641603468888679;
A(12,8)=5.400235695712703;
A(13,8)=-8.711838523914519;
A(14,8)=27.492854062745696;
A(2,9)=21.382756143160304;
A(3,9)=-6.683672531541726;
A(4,9)=4.026053834025165;
A(5,9)=-3.2789652439956285;
A(6,9)=3.3465234226096947;
A(7,9)=-4.339179499144992;
A(8,9)=8.33016596067257;
A(9,9)=0.48676946203667076;
A(10,9)=-10.420948634310095;
A(11,9)=6.948211550033626;
A(12,9)=-7.275241228716684;
A(13,9)=11.166915333182496;
A(14,9)=-34.4587073964429;
A(2,10)=-15.957375946825442;
A(3,10)=4.9442051211472;
A(4,10)=-2.9257527500731983;
A(5,10)=2.309357263624324;
A(6,10)=-2.2296904413483705;
A(7,10)=2.592920324833001;
A(8,10)=-3.7678036405717226;
A(9,10)=8.074256804953722;
A(10,10)=1.122839991808972;
A(11,10)=-12.99488516666332;
A(12,10)=10.358397225538155;
A(13,10)=-14.398110291737144;
A(14,10)=42.67717053157539;
A(2,11)=11.158958710547598;
A(3,11)=-3.437503058363166;
A(4,11)=2.0109620021573393;
A(5,11)=-1.5567852858247977;
A(6,11)=1.4556102086252651;
A(7,11)=-1.6013493374412937;
A(8,11)=2.088571712258622;
A(9,11)=-3.3933003658464904;
A(10,11)=8.190801746639252;
A(11,11)=2.187140617019377;
A(12,11)=-18.235922673345172;
A(13,11)=19.481720034852984;
A(14,11)=-53.09718443955544;
A(2,12)=-7.000737326033282;
A(3,12)=2.1483915870572297;
A(4,12)=-1.2475390876579064;
A(5,12)=0.9540373849873277;
A(6,12)=-0.8748893277849197;
A(7,12)=0.9328039525754701;
A(8,12)=-1.152804331462736;
A(9,12)=1.6856142649493755;
A(10,12)=-3.0974767725514485;
A(11,12)=8.651457343025486;
A(12,12)=4.484697123273679;
A(13,12)=-31.834636157837668;
A(14,12)=68.46278673647089;
A(2,13)=3.5596117648395684;
A(3,13)=-1.0898013780830478;
A(4,13)=0.6299493343261543;
A(5,13)=-0.47818593763256034;
A(6,13)=0.43351502628632543;
A(7,13)=-0.4540651196789529;
A(8,13)=0.5453117802454638;
A(9,13)=-0.758640810613836;
A(10,13)=1.2624470483432455;
A(11,13)=-2.7100730976504646;
A(12,13)=9.334521684482349;
A(13,13)=11.614200946112422;
A(14,13)=-101.66912462362154;
A(2,14)=-1.0160711416494916;
A(3,14)=0.3106963434381504;
A(4,14)=-0.17917172286545144;
A(5,14)=0.13549113672782123;
A(6,14)=-0.1221244612321169;
A(7,14)=0.12679442833910165;
A(8,14)=-0.1502063863630455;
A(9,14)=0.20433156868947022;
A(10,14)=-0.3266155084299234;
A(11,14)=0.6447015410104615;
A(12,14)=-1.7521862170329272;
A(13,14)=8.874064742996069;
A(14,14)=62.719347332867144;
