tLegendre(2)=0.006858095651593831;
tLegendre(3)=0.03578255816821324;
tLegendre(4)=0.0863993424651175;
tLegendre(5)=0.15635354759415726;
tLegendre(6)=0.24237568182092295;
tLegendre(7)=0.3404438155360551;
tLegendre(8)=0.44597252564632817;
tLegendre(9)=0.5540274743536718;
tLegendre(10)=0.6595561844639449;
tLegendre(11)=0.757624318179077;
tLegendre(12)=0.8436464524058427;
tLegendre(13)=0.9136006575348825;
tLegendre(14)=0.9642174418317867;
tLegendre(15)=0.9931419043484062;
A(2,2)=0.008779865082937965;
A(3,2)=0.018998153590193568;
A(4,2)=0.016855223027950315;
A(5,2)=0.017997172946590066;
A(6,2)=0.01725476179840663;
A(7,2)=0.017787447266649898;
A(8,2)=0.01738195982045945;
A(9,2)=0.0177026954293613;
A(10,2)=0.01744254569730926;
A(11,2)=0.017656709551304828;
A(12,2)=0.017479562848308344;
A(13,2)=0.017624851939204413;
A(14,2)=0.017509508398272634;
A(15,2)=0.017592457586322132;
A(2,3)=-0.003283116230429341;
A(3,3)=0.020039521789940052;
A(4,3)=0.043567390769640876;
A(5,3)=0.03826817439156367;
A(6,3)=0.04125339799178539;
A(7,3)=0.03923375989586625;
A(8,3)=0.04072513388802148;
A(9,3)=0.03956624633996202;
A(10,3)=0.04049575018667604;
A(11,3)=0.03973619867084185;
A(12,3)=0.04036132143934567;
A(13,3)=0.039850359945738024;
A(14,3)=0.04025510354055187;
A(15,3)=0.039964415371279115;
A(2,4)=0.0024376997719052365;
A(3,4)=-0.005288286928779058;
A(4,4)=0.030379642671975796;
A(5,4)=0.06612333455368719;
A(6,4)=0.057920462373854405;
A(7,4)=0.06263271974216154;
A(8,4)=0.059391606125988296;
A(9,4)=0.061815603868649045;
A(10,4)=0.05991567835917973;
A(11,4)=0.06144541489606837;
A(12,4)=0.060198739469579335;
A(13,4)=0.06121105718993301;
A(14,4)=0.060412604062682056;
A(15,4)=0.06098461639234427;
A(2,5)=-0.0019580992967758045;
A(3,5)=0.003551411738969722;
A(4,5)=-0.006939231755190351;
A(5,5)=0.03930079178954839;
A(6,5)=0.08557787147691973;
A(7,5)=0.07487871548117603;
A(8,5)=0.08107817471358106;
A(9,5)=0.07678230709256206;
A(10,5)=0.08001137434717026;
A(11,5)=0.07747685340968491;
A(12,5)=0.07950886070027909;
A(13,5)=0.07787643032647092;
A(14,5)=0.0791551767984332;
A(15,5)=0.07824273534779842;
A(2,6)=0.0016111677584794634;
A(3,6)=-0.002718226486889443;
A(4,6)=0.004334404705500905;
A(5,6)=-0.008233735364913359;
A(6,6)=0.046384599369484455;
A(7,6)=0.10102275350074334;
A(8,6)=0.08834774436258411;
A(9,6)=0.09572037958598106;
A(10,6)=0.09059823159245284;
A(11,6)=0.09444779259822977;
A(12,6)=0.09144174053949275;
A(13,6)=0.09381680304209189;
A(14,6)=0.09197563071283017;
A(15,6)=0.09328154715181183;
A(2,7)=-0.0013305215627029152;
A(3,7)=0.0021638604352249803;
A(4,7)=-0.0031635153229594357;
A(5,7)=0.0048594874272578584;
A(6,7)=-0.009128120003068821;
A(7,7)=0.0512996159303239;
A(8,7)=0.1117373584697993;
A(9,7)=0.09769681102433352;
A(10,7)=0.10587221386350726;
A(11,7)=0.10019822414844379;
A(12,7)=0.1044394422393995;
A(13,7)=0.10117470179680815;
A(14,7)=0.1036659683381116;
A(15,7)=0.10191453816960788;
A(2,8)=0.0010896388846622098;
A(3,8)=-0.0017350699641636412;
A(4,8)=0.002422772890543591;
A(5,8)=-0.0033912837807224447;
A(6,8)=0.005129823906586827;
A(7,8)=-0.009586369759531609;
A(8,8)=0.05381596336578945;
A(9,8)=0.11722137175904596;
A(10,8)=0.10248903247503886;
A(11,8)=0.11105592181847213;
A(12,8)=0.10514072713244943;
A(13,8)=0.10950314028209777;
A(14,8)=0.1062548141554014;
A(15,8)=0.10850822873731934;
A(2,9)=-0.0008763020057404519;
A(3,9)=0.0013771125761774935;
A(4,9)=-0.0018712135505188842;
A(5,9)=0.0024911995991294665;
A(6,9)=-0.0034239950868932335;
A(7,9)=0.005142894256540038;
A(8,9)=-0.009589445027467062;
A(9,9)=0.05381596336578945;
A(10,9)=0.1172182964911105;
A(11,9)=0.10250210282499207;
A(12,9)=0.11102321051230134;
A(13,9)=0.10520915384103531;
A(14,9)=0.10936699669574254;
A(15,9)=0.10654228784691669;
A(2,10)=0.0006846936910399255;
A(3,10)=-0.001066736477463803;
A(4,10)=0.0014245300638396421;
A(5,10)=-0.001840210378751692;
A(6,10)=0.0024010077122040086;
A(7,10)=-0.0032729820028594503;
A(8,10)=0.004902420836314289;
A(9,10)=-0.009138126609151503;
A(10,10)=0.0512996159303239;
A(11,10)=0.11172735186371663;
A(12,10)=0.09773974443338994;
A(13,10)=0.10576274718360724;
A(14,10)=0.10043537142542282;
A(15,10)=0.10392975342335072;
A(2,11)=-0.000512348412842921;
A(3,11)=0.0007935680261387297;
A(4,11)=-0.0010476043031229828;
A(5,11)=0.0013274581994761573;
A(6,11)=-0.0016785938592608716;
A(7,11)=0.002170967146516065;
A(8,11)=-0.0029511808470121578;
A(9,11)=0.004421454376384796;
A(10,11)=-0.008253554761774435;
A(11,11)=0.046384599369484455;
A(12,11)=0.10100293410388227;
A(13,11)=0.088434794033468;
A(14,11)=0.09548742522585835;
A(15,11)=0.09115803098048944;
A(2,12)=0.00035884823129834445;
A(3,12)=-0.0005535932193364374;
A(4,12)=0.0007251532526258533;
A(5,12)=-0.0009072771211823127;
A(6,12)=0.0011247301694118543;
A(7,12)=-0.001409790768073487;
A(8,12)=0.0018192764865347;
A(9,12)=-0.002476591134484286;
A(10,12)=0.0037228680979207365;
A(11,12)=-0.006976287897822964;
A(12,12)=0.03930079178954839;
A(13,12)=0.08554081533428712;
A(14,12)=0.07505017184012705;
A(15,12)=0.08055968287587258;
A(2,13)=-0.0002253310483926721;
A(3,13)=0.0003466812812695393;
A(4,13)=-0.00045177184598141877;
A(5,13)=0.000560545874372257;
A(6,13)=-0.0006861295521167755;
A(7,13)=0.0008436069847718634;
A(8,13)=-0.001056318524697452;
A(9,13)=0.0013676792179632947;
A(10,13)=-0.001873434398209947;
A(11,13)=0.0028388229700971874;
A(12,13)=-0.005364049209735598;
A(13,13)=0.030379642671975796;
A(14,13)=0.06604757227273066;
A(15,13)=0.05832158557204636;
A(2,14)=0.00011462820860099229;
A(3,14)=-0.00017605996067176051;
A(4,14)=0.0002286836341420811;
A(5,14)=-0.00028227785946556577;
A(6,14)=0.00034284490903825485;
A(7,14)=-0.00041670660679593135;
A(8,14)=0.0005127972399180805;
A(9,14)=-0.0006460903081413738;
A(10,14)=0.0008452836840138574;
A(11,14)=-0.0011743544119052856;
A(12,14)=0.0018108691883164337;
A(13,14)=-0.0034883471897607684;
A(14,14)=0.020039521789940052;
A(15,14)=0.04336215981030945;
A(2,15)=-0.00003272742044620176;
A(3,15)=0.000050221767603297296;
A(4,15)=-0.00006512177332848002;
A(5,15)=0.00008016731756758802;
A(6,15)=-0.00009697938542889791;
A(7,15)=0.0001171844685666714;
A(8,15)=-0.0001429652634853698;
A(9,15)=0.00017777034541648337;
A(10,15)=-0.00022771710077396722;
A(11,15)=0.00030496836746930165;
A(12,15)=-0.00043744278071413447;
A(13,15)=0.0007045071379256176;
A(14,15)=-0.0014384234243176378;
A(15,15)=0.008779865082937965;
