tLegendre(2)=0.006003740989757286;
tLegendre(3)=0.031363303799647045;
tLegendre(4)=0.0758967082947864;
tLegendre(5)=0.13779113431991497;
tLegendre(6)=0.21451391369573058;
tLegendre(7)=0.3029243264612183;
tLegendre(8)=0.39940295300128276;
tLegendre(9)=0.5;
tLegendre(10)=0.6005970469987173;
tLegendre(11)=0.6970756735387816;
tLegendre(12)=0.7854860863042694;
tLegendre(13)=0.862208865680085;
tLegendre(14)=0.9241032917052137;
tLegendre(15)=0.968636696200353;
tLegendre(16)=0.9939962590102427;
A(2,2)=-82.7783875161137;
A(3,2)=-11.554046194739753;
A(4,2)=2.235778735022237;
A(5,2)=-0.7982904981117461;
A(6,2)=0.38816704463478746;
A(7,2)=-0.23012145055512492;
A(8,2)=0.15783844454228463;
A(9,2)=-0.12185931665978855;
A(10,2)=0.10443023673583696;
A(11,2)=-0.09887219059286916;
A(12,2)=0.10383400984266003;
A(13,2)=-0.122873153678484;
A(14,2)=0.1702050827782393;
A(15,2)=-0.3043793157068569;
A(16,2)=1.01215341387764;
A(2,3)=134.58057392672666;
A(3,3)=-15.426008623305586;
A(4,3)=-11.975689873189182;
A(5,3)=3.373678992597615;
A(6,3)=-1.508209520953011;
A(7,3)=0.8587250142414937;
A(8,3)=-0.5758054991573194;
A(9,3)=0.4383996957532025;
A(10,3)=-0.37228863617124147;
A(11,3)=0.35029579387847704;
A(12,3)=-0.3662924659247127;
A(13,3)=0.43215412409657483;
A(14,3)=-0.5973948164708982;
A(15,3)=1.0669245580935867;
A(16,3)=-3.545385080587849;
A(2,4)=-91.55967051673198;
A(3,4)=42.10441759237413;
A(4,4)=-6.0468359369987486;
A(5,4)=-10.877297029632727;
A(6,4)=3.7365127631461226;
A(7,4)=-1.9260006010342905;
A(8,4)=1.2282911132785286;
A(9,4)=-0.9083400331738286;
A(10,4)=0.7573081550597475;
A(11,4)=-0.7039120020237325;
A(12,4)=0.7299220834240753;
A(13,4)=-0.8562045620567192;
A(14,4)=1.1789580740805492;
A(15,4)=-2.100335019239443;
A(16,4)=6.9702430993439455;
A(2,5)=72.12590973285846;
A(3,5)=-26.168921499687684;
A(4,5)=23.998048799559733;
A(5,5)=-3.0487745937392416;
A(6,5)=-10.027363384666826;
A(7,5)=3.933038583912343;
A(8,5)=-2.2560778939524573;
A(9,5)=1.5797504738602488;
A(10,5)=-1.2753005628373548;
A(11,5)=1.1612608084669318;
A(12,5)=-1.1877924728700189;
A(13,5)=1.3804189995769367;
A(14,5)=-1.8890022775572395;
A(15,5)=3.35212904786238;
A(16,5)=-11.101645343103428;
A(2,6)=-59.255251118071115;
A(3,6)=19.766127094627763;
A(4,6)=-13.928336546702251;
A(5,6)=16.941996655010435;
A(6,6)=-1.6943026259571776;
A(7,6)=-9.548784318845993;
A(8,6)=4.149437267881701;
A(9,6)=-2.6052628251758274;
A(10,6)=1.987099160623622;
A(11,6)=-1.7494381720432288;
A(12,6)=1.7513988386358796;
A(13,6)=-2.0068661451904752;
A(14,6)=2.720879353357374;
A(15,6)=-4.800515667543019;
A(16,6)=15.850676694132945;
A(2,7)=49.29039297375274;
A(3,7)=-15.791050235030532;
A(4,7)=10.073634654652032;
A(5,7)=-9.324016655958314;
A(6,7)=13.398157529268504;
A(7,7)=-0.9332950051051981;
A(8,7)=-9.419281033227364;
A(9,7)=4.470457473169319;
A(10,7)=-3.0528806786182314;
A(11,7)=2.5370964920315604;
A(12,7)=-2.454684013596344;
A(13,7)=2.752989803951185;
A(14,7)=-3.681697884000565;
A(15,7)=6.441571383757702;
A(16,7)=-21.177726442893594;
A(2,8)=-40.93739809317075;
A(3,8)=12.82138601095732;
A(4,8)=-7.779171634016101;
A(5,8)=6.4763631041619165;
A(6,8)=-7.049989417957961;
A(7,8)=11.405649483352684;
A(8,8)=-0.41936363519657627;
A(9,8)=-9.637200358631095;
A(10,8)=4.9703248248069904;
A(11,8)=-3.69668203040003;
A(12,8)=3.3761272072396764;
A(13,8)=-3.6609150481977206;
A(14,8)=4.796281642325904;
A(15,8)=-8.289702545095361;
A(16,8)=27.085303498880652;
A(2,9)=33.62745045040001;
A(3,9)=-10.386211703066675;
A(4,9)=6.120800976185645;
A(5,9)=-4.824955955826638;
A(6,9)=4.709540799236778;
A(7,9)=-5.759463006648807;
A(8,9)=10.253653735430571;
A(9,9)=0.;
A(10,9)=-10.253653735430571;
A(11,9)=5.759463006648807;
A(12,9)=-4.709540799236778;
A(13,9)=4.824955955826638;
A(14,9)=-6.120800976185645;
A(15,9)=10.386211703066675;
A(16,9)=-33.62745045040001;
A(2,10)=-27.085303498880652;
A(3,10)=8.289702545095361;
A(4,10)=-4.796281642325904;
A(5,10)=3.6609150481977206;
A(6,10)=-3.3761272072396764;
A(7,10)=3.69668203040003;
A(8,10)=-4.9703248248069904;
A(9,10)=9.637200358631095;
A(10,10)=0.41936363519657627;
A(11,10)=-11.405649483352684;
A(12,10)=7.049989417957961;
A(13,10)=-6.4763631041619165;
A(14,10)=7.779171634016101;
A(15,10)=-12.82138601095732;
A(16,10)=40.93739809317075;
A(2,11)=21.177726442893594;
A(3,11)=-6.441571383757702;
A(4,11)=3.681697884000565;
A(5,11)=-2.752989803951185;
A(6,11)=2.454684013596344;
A(7,11)=-2.5370964920315604;
A(8,11)=3.0528806786182314;
A(9,11)=-4.470457473169319;
A(10,11)=9.419281033227364;
A(11,11)=0.9332950051051981;
A(12,11)=-13.398157529268504;
A(13,11)=9.324016655958314;
A(14,11)=-10.073634654652032;
A(15,11)=15.791050235030532;
A(16,11)=-49.29039297375274;
A(2,12)=-15.850676694132945;
A(3,12)=4.800515667543019;
A(4,12)=-2.720879353357374;
A(5,12)=2.0068661451904752;
A(6,12)=-1.7513988386358796;
A(7,12)=1.7494381720432288;
A(8,12)=-1.987099160623622;
A(9,12)=2.6052628251758274;
A(10,12)=-4.149437267881701;
A(11,12)=9.548784318845993;
A(12,12)=1.6943026259571776;
A(13,12)=-16.941996655010435;
A(14,12)=13.928336546702251;
A(15,12)=-19.766127094627763;
A(16,12)=59.255251118071115;
A(2,13)=11.101645343103428;
A(3,13)=-3.35212904786238;
A(4,13)=1.8890022775572395;
A(5,13)=-1.3804189995769367;
A(6,13)=1.1877924728700189;
A(7,13)=-1.1612608084669318;
A(8,13)=1.2753005628373548;
A(9,13)=-1.5797504738602488;
A(10,13)=2.2560778939524573;
A(11,13)=-3.933038583912343;
A(12,13)=10.027363384666826;
A(13,13)=3.0487745937392416;
A(14,13)=-23.998048799559733;
A(15,13)=26.168921499687684;
A(16,13)=-72.12590973285846;
A(2,14)=-6.9702430993439455;
A(3,14)=2.100335019239443;
A(4,14)=-1.1789580740805492;
A(5,14)=0.8562045620567192;
A(6,14)=-0.7299220834240753;
A(7,14)=0.7039120020237325;
A(8,14)=-0.7573081550597475;
A(9,14)=0.9083400331738286;
A(10,14)=-1.2282911132785286;
A(11,14)=1.9260006010342905;
A(12,14)=-3.7365127631461226;
A(13,14)=10.877297029632727;
A(14,14)=6.0468359369987486;
A(15,14)=-42.10441759237413;
A(16,14)=91.55967051673198;
A(2,15)=3.545385080587849;
A(3,15)=-1.0669245580935867;
A(4,15)=0.5973948164708982;
A(5,15)=-0.43215412409657483;
A(6,15)=0.3662924659247127;
A(7,15)=-0.35029579387847704;
A(8,15)=0.37228863617124147;
A(9,15)=-0.4383996957532025;
A(10,15)=0.5758054991573194;
A(11,15)=-0.8587250142414937;
A(12,15)=1.508209520953011;
A(13,15)=-3.373678992597615;
A(14,15)=11.975689873189182;
A(15,15)=15.426008623305586;
A(16,15)=-134.58057392672666;
A(2,16)=-1.01215341387764;
A(3,16)=0.3043793157068569;
A(4,16)=-0.1702050827782393;
A(5,16)=0.122873153678484;
A(6,16)=-0.10383400984266003;
A(7,16)=0.09887219059286916;
A(8,16)=-0.10443023673583696;
A(9,16)=0.12185931665978855;
A(10,16)=-0.15783844454228463;
A(11,16)=0.23012145055512492;
A(12,16)=-0.38816704463478746;
A(13,16)=0.7982904981117461;
A(14,16)=-2.235778735022237;
A(15,16)=11.554046194739753;
A(16,16)=82.7783875161137;
