tLegendre(2)=0.0010277087610431755;
tLegendre(3)=0.0054070183928404065;
tLegendre(4)=0.013253484971757127;
tLegendre(5)=0.02451382836895259;
tLegendre(6)=0.03910928129376813;
tLegendre(7)=0.05693751892225696;
tLegendre(8)=0.07787350632972202;
tLegendre(9)=0.10177039974504885;
tLegendre(10)=0.12846058300901736;
tLegendre(11)=0.15775684543452032;
tLegendre(12)=0.18945369579553775;
tLegendre(13)=0.2233288040692091;
tLegendre(14)=0.25914456109839723;
tLegendre(15)=0.29664974534083693;
tLegendre(16)=0.3355812850581465;
tLegendre(17)=0.3756661036043171;
tLegendre(18)=0.416623034880074;
tLegendre(19)=0.4581647955226151;
tLegendre(20)=0.5;
tLegendre(21)=0.541835204477385;
tLegendre(22)=0.583376965119926;
tLegendre(23)=0.6243338963956829;
tLegendre(24)=0.6644187149418534;
tLegendre(25)=0.703350254659163;
tLegendre(26)=0.7408554389016028;
tLegendre(27)=0.7766711959307909;
tLegendre(28)=0.8105463042044623;
tLegendre(29)=0.8422431545654797;
tLegendre(30)=0.8715394169909826;
tLegendre(31)=0.8982296002549511;
tLegendre(32)=0.922126493670278;
tLegendre(33)=0.943062481077743;
tLegendre(34)=0.9608907187062319;
tLegendre(35)=0.9754861716310474;
tLegendre(36)=0.9867465150282428;
tLegendre(37)=0.9945929816071596;
tLegendre(38)=0.9989722912389568;
A(2,2)=0.0013182643198744847;
A(3,2)=0.002852509713568177;
A(4,2)=0.0025307241764271735;
A(5,2)=0.0027022674873394665;
A(6,2)=0.002590627967505574;
A(7,2)=0.0026709074290809528;
A(8,2)=0.0026095400184289997;
A(9,2)=0.002658442738815508;
A(10,2)=0.0026182772916348218;
A(11,2)=0.002652033296477728;
A(12,2)=0.0026231469893929758;
A(13,2)=0.00264822845835312;
A(14,2)=0.0026261887219583627;
A(15,2)=0.0026457497009684276;
A(16,2)=0.0026282420140919392;
A(17,2)=0.0026440245325036393;
A(18,2)=0.002629709749401072;
A(19,2)=0.0026427617376617914;
A(20,2)=0.002630807360801217;
A(21,2)=0.002641798656485998;
A(22,2)=0.0026316599382691193;
A(23,2)=0.002641037453816048;
A(24,2)=0.0026323452309812674;
A(25,2)=0.0026404153711110387;
A(26,2)=0.0026329147094447465;
A(27,2)=0.002639889471286065;
A(28,2)=0.002633404884225011;
A(29,2)=0.002639427999172594;
A(30,2)=0.002633844151072972;
A(31,2)=0.002639004659873232;
A(32,2)=0.0026342579686888428;
A(33,2)=0.002638593369004585;
A(34,2)=0.0026346750285103676;
A(35,2)=0.002638159666359787;
A(36,2)=0.00263514152364712;
A(37,2)=0.0026376319134569256;
A(38,2)=0.0026357974626795536;
A(2,3)=-0.0005012926520975038;
A(3,3)=0.003059695025076889;
A(4,3)=0.006652058869625153;
A(5,3)=0.005842733151926367;
A(6,3)=0.00629904048314503;
A(7,3)=0.005989717465857656;
A(8,3)=0.0062190276061274904;
A(9,3)=0.006039577189618673;
A(10,3)=0.006185258573878877;
A(11,3)=0.006063793485987783;
A(12,3)=0.006167148397361648;
A(13,3)=0.006077782009543002;
A(14,3)=0.006156061293586061;
A(15,3)=0.006086757364985598;
A(16,3)=0.006148665228775303;
A(17,3)=0.0060929455216486034;
A(18,3)=0.006143418457157738;
A(19,3)=0.0060974469174051235;
A(20,3)=0.006139515165754381;
A(21,3)=0.006100864892935953;
A(22,3)=0.006136494604725423;
A(23,3)=0.006103557677809398;
A(24,3)=0.006134073540347959;
A(25,3)=0.006105752877431112;
A(26,3)=0.0061320660459697664;
A(27,3)=0.006107605034505893;
A(28,3)=0.006130341148674373;
A(29,3)=0.006109227702695003;
A(30,3)=0.006128797617824642;
A(31,3)=0.006110714343711704;
A(32,3)=0.006127345226672738;
A(33,3)=0.00611215714539297;
A(34,3)=0.006125882830810468;
A(35,3)=0.006113677324078385;
A(36,3)=0.006124248221587619;
A(37,3)=0.0061155261310048776;
A(38,3)=0.006121950751391487;
A(2,4)=0.0003838263418634807;
A(3,4)=-0.00083255401781095;
A(4,4)=0.004782261122270991;
A(5,4)=0.010409110280391083;
A(6,4)=0.00911711361001754;
A(7,4)=0.009860468750051638;
A(8,4)=0.009347460520252494;
A(9,4)=0.009733594507966865;
A(10,4)=0.00942751273555611;
A(11,4)=0.009678718380727199;
A(12,4)=0.009467311586214356;
A(13,4)=0.009648644068030076;
A(14,4)=0.009490763539309903;
A(15,4)=0.009629893352033157;
A(16,4)=0.009506065438071544;
A(17,4)=0.009617189534426796;
A(18,4)=0.00951676890755073;
A(19,4)=0.009608054345140974;
A(20,4)=0.009524655846041568;
A(21,4)=0.009601173484550937;
A(22,4)=0.009530717446563036;
A(23,4)=0.009595784442237644;
A(24,4)=0.009535551107094612;
A(25,4)=0.009591410969598604;
A(26,4)=0.009539543111577191;
A(27,4)=0.009587734050433366;
A(28,4)=0.009542962210518055;
A(29,4)=0.009584521993784552;
A(30,4)=0.009546013824575896;
A(31,4)=0.009581586155542943;
A(32,4)=0.009548879119532698;
A(33,4)=0.009578742356015434;
A(34,4)=0.009551759243076302;
A(35,4)=0.009575750481010817;
A(36,4)=0.00955497450700244;
A(37,4)=0.009572115499485029;
A(38,4)=0.009559490210141944;
A(2,5)=-0.000322719468089362;
A(3,5)=0.0005851523307480712;
A(4,5)=-0.0011429236389851822;
A(5,5)=0.006471509247639734;
A(6,5)=0.014092264754066684;
A(7,5)=0.012328733561137246;
A(8,5)=0.013353210085596067;
A(9,5)=0.012639463794069106;
A(10,5)=0.013181387962051224;
A(11,5)=0.0127484457180259;
A(12,5)=0.013106243817966542;
A(13,5)=0.01280327209698424;
A(14,5)=0.01306456614801823;
A(15,5)=0.012835961719035543;
A(16,5)=0.013038282357553216;
A(17,5)=0.012857527709504919;
A(18,5)=0.013020283870613434;
A(19,5)=0.012872769765516554;
A(20,5)=0.013007209701644916;
A(21,5)=0.012884113805114448;
A(22,5)=0.01299726300898299;
A(23,5)=0.012892921186761365;
A(24,5)=0.012989391110675385;
A(25,5)=0.012900021558850816;
A(26,5)=0.012982927897639737;
A(27,5)=0.012905959978352945;
A(28,5)=0.012977418105833685;
A(29,5)=0.012911125762203506;
A(30,5)=0.012972519255021514;
A(31,5)=0.01291583101538622;
A(32,5)=0.012967933859834775;
A(33,5)=0.012920375990234767;
A(34,5)=0.012963336191182107;
A(35,5)=0.012925147274551465;
A(36,5)=0.012958212905263554;
A(37,5)=0.012930935604885771;
A(38,5)=0.012951025390130459;
A(2,6)=0.0002825706249991832;
A(3,6)=-0.0004764974618725893;
A(4,6)=0.0007592442982132118;
A(5,6)=-0.0014411792026129133;
A(6,6)=0.008115409961880371;
A(7,6)=0.017675870574052743;
A(8,6)=0.015454695063996432;
A(9,6)=0.016751928602688638;
A(10,6)=0.015843061352308563;
A(11,6)=0.01653690397643871;
A(12,6)=0.015979761901561636;
A(13,6)=0.01644236585910825;
A(14,6)=0.016048972273950055;
A(15,6)=0.016389563437592427;
A(16,6)=0.01609054251067953;
A(17,6)=0.016356012008577017;
A(18,6)=0.01611817756040944;
A(19,6)=0.01633285878012759;
A(20,6)=0.01613786223227574;
A(21,6)=0.016315905796648062;
A(22,6)=0.016152633082451396;
A(23,6)=0.01630289792333525;
A(24,6)=0.016164204338803834;
A(25,6)=0.016292504112531147;
A(26,6)=0.01617363063995302;
A(27,6)=0.0162838716488013;
A(28,6)=0.01618161638363509;
A(29,6)=0.0162764044505361;
A(30,6)=0.016188680649662147;
A(31,6)=0.016269634163767765;
A(32,6)=0.016195265497605367;
A(33,6)=0.016263118833158348;
A(34,6)=0.016201846169006405;
A(35,6)=0.01625629874568947;
A(36,6)=0.01620916134289494;
A(37,6)=0.016248041109659907;
A(38,6)=0.016219408847177378;
A(2,7)=-0.0002530272435422966;
A(3,7)=0.00041119632926525483;
A(4,7)=-0.00060042550725524;
A(5,7)=0.0009209657749342444;
A(6,7)=-0.0017276342660574673;
A(7,7)=0.009702400625483635;
A(8,7)=0.021135030293433707;
A(9,7)=0.018472833402148975;
A(10,7)=0.020032708431994204;
A(11,7)=0.018935888502482713;
A(12,7)=0.019776257789765543;
A(13,7)=0.01909909426278597;
A(14,7)=0.019663208836663875;
A(15,7)=0.01918202272526472;
A(16,7)=0.019599794248654857;
A(17,7)=0.019232074379678044;
A(18,7)=0.01955928763246756;
A(19,7)=0.019265534217181305;
A(20,7)=0.019531169058198714;
A(21,7)=0.019289517298652917;
A(22,7)=0.01951044336064645;
A(23,7)=0.0193076418348787;
A(24,7)=0.01949441805094376;
A(25,7)=0.01932196027688737;
A(26,7)=0.019481493162855478;
A(27,7)=0.01933374740113035;
A(28,7)=0.019470629818313656;
A(29,7)=0.019343871151735238;
A(30,7)=0.01946108149713336;
A(31,7)=0.019352996936070805;
A(32,7)=0.01945222767808485;
A(33,7)=0.019361737874085842;
A(34,7)=0.01944341630063374;
A(35,7)=0.019370854508916593;
A(36,7)=0.019433651456952875;
A(37,7)=0.019381865455373213;
A(38,7)=0.01941999761949452;
A(2,8)=0.0002297327803347155;
A(3,8)=-0.00036541779469031273;
A(4,8)=0.0005093246897173004;
A(5,8)=-0.000711255999500452;
