tLegendre(2)=0.002221515104750951;
tLegendre(3)=0.011668039270241244;
tLegendre(4)=0.02851271438551283;
tLegendre(5)=0.05250400106086232;
tLegendre(6)=0.083278685619583;
tLegendre(7)=0.12037036848132118;
tLegendre(8)=0.16321681576326583;
tLegendre(9)=0.21116853487938853;
tLegendre(10)=0.26349863427714254;
tLegendre(11)=0.31941384709530607;
tLegendre(12)=0.3780665581395058;
tLegendre(13)=0.4385676536946448;
tLegendre(14)=0.5;
tLegendre(15)=0.5614323463053552;
tLegendre(16)=0.6219334418604943;
tLegendre(17)=0.6805861529046939;
tLegendre(18)=0.7365013657228575;
tLegendre(19)=0.7888314651206115;
tLegendre(20)=0.8367831842367341;
tLegendre(21)=0.8796296315186788;
tLegendre(22)=0.916721314380417;
tLegendre(23)=0.9474959989391377;
tLegendre(24)=0.9714872856144872;
tLegendre(25)=0.9883319607297587;
tLegendre(26)=0.997778484895249;
A(2,2)=0.002848449625256572;
A(3,2)=0.006163580710953785;
A(4,2)=0.005468285971937332;
A(5,2)=0.005838934705821475;
A(6,2)=0.005597738056914171;
A(7,2)=0.005771152091866242;
A(8,2)=0.00563863130931343;
A(9,2)=0.005744180980359962;
A(10,2)=0.005657558882152113;
A(11,2)=0.005730271068560425;
A(12,2)=0.005668156029113979;
A(13,2)=0.005721958128204994;
A(14,2)=0.005674839761476244;
A(15,2)=0.005716467495149122;
A(16,2)=0.005679439009481638;
A(17,2)=0.005712543491207791;
A(18,2)=0.0056828479897723;
A(19,2)=0.005709526302679897;
A(20,2)=0.005685572472908975;
A(21,2)=0.005707010026147682;
A(22,2)=0.005687958810517022;
A(23,2)=0.005704672089369185;
A(24,2)=0.005690348358961115;
A(25,2)=0.005702077464911479;
A(26,2)=0.005693479185572064;
A(2,3)=-0.0010794805298942993;
A(3,3)=0.006588746653758034;
A(4,3)=0.014324532096102498;
A(5,3)=0.012581769585138108;
A(6,3)=0.013564293604259488;
A(7,3)=0.012898357576812063;
A(8,3)=0.013391894713526099;
A(9,3)=0.013005856273278858;
A(10,3)=0.013319009026258433;
A(11,3)=0.013058213739379243;
A(12,3)=0.013279750754279897;
A(13,3)=0.013088654704317339;
A(14,3)=0.013255489038989392;
A(15,3)=0.013108450486632894;
A(16,3)=0.013238996559702933;
A(17,3)=0.013122459708159206;
A(18,3)=0.0132268705207704;
A(19,3)=0.013133158964804898;
A(20,3)=0.013217234781686385;
A(21,3)=0.013142038004854167;
A(22,3)=0.013208830878019922;
A(23,3)=0.013150257544387162;
A(24,3)=0.013200441712495129;
A(25,3)=0.013159356552875137;
A(26,3)=0.01318947103128796;
A(2,4)=0.0008214323638224373;
A(3,4)=-0.0017817804802690536;
A(4,4)=0.010234789175326579;
A(5,4)=0.022277095552262358;
A(6,4)=0.01951214226761345;
A(7,4)=0.02110278213951836;
A(8,4)=0.020005308599126095;
A(9,4)=0.020831001702556275;
A(10,4)=0.020176954241043762;
A(11,4)=0.020713153577849766;
A(12,4)=0.02026263169041828;
A(13,4)=0.020648174446205994;
A(14,4)=0.020313571986655437;
A(15,4)=0.020607136373140798;
A(16,4)=0.020347419600152863;
A(17,4)=0.020578618724695248;
A(18,4)=0.020371937775100473;
A(19,4)=0.02055710802402256;
A(20,4)=0.020391216450039357;
A(21,4)=0.020539417532154738;
A(22,4)=0.020407899858673667;
A(23,4)=0.020523150502587434;
A(24,4)=0.020424459872366157;
A(25,4)=0.020505225811272506;
A(26,4)=0.02044604028512061;
A(2,5)=-0.0006844436902048785;
A(3,5)=0.001241056591700146;
A(4,5)=-0.0024241139882170285;
A(5,5)=0.013726173993958798;
A(6,5)=0.029889838276750305;
A(7,5)=0.026149637806229316;
A(8,5)=0.028322008910137142;
A(9,5)=0.026809082073055764;
A(10,5)=0.027957077803996203;
A(11,5)=0.02704085937775144;
A(12,5)=0.027796918028080837;
A(13,5)=0.027158104022983527;
A(14,5)=0.027707350749801702;
A(15,5)=0.0272288584363458;
A(16,5)=0.027649882621253608;
A(17,5)=0.027276683634070615;
A(18,5)=0.02760917930887648;
A(19,5)=0.027312092161661656;
A(20,5)=0.027577673469283085;
A(21,5)=0.027340823361728148;
A(22,5)=0.02755072274589046;
A(23,5)=0.027366981308981433;
A(24,5)=0.027524195161912485;
A(25,5)=0.027395608391874337;
A(26,5)=0.0274898039210045;
A(2,6)=0.0005921433831492586;
A(3,6)=-0.000998568054424162;
A(4,6)=0.0015911992593577926;
A(5,6)=-0.0030205572581436272;
A(6,6)=0.017009583453089228;
A(7,6)=0.03704778244442649;
A(8,6)=0.03239281249713754;
A(9,6)=0.03511072461712976;
A(10,6)=0.03320748403747838;
A(11,6)=0.03465918569874464;
A(12,6)=0.03349507386712804;
A(13,6)=0.03445971468425802;
A(14,6)=0.03364175612176268;
A(15,6)=0.03434706963455283;
A(16,6)=0.03373128239692969;
A(17,6)=0.03427383777997942;
A(18,6)=0.03379274165912865;
A(19,6)=0.034220992687477476;
A(20,6)=0.03383930073374594;
A(21,6)=0.034178891220738195;
A(22,6)=0.033878507096502815;
A(23,6)=0.034141073684873915;
A(24,6)=0.033916661086213454;
A(25,6)=0.034100068335344555;
A(26,6)=0.033965778859967995;
A(2,7)=-0.000522273121414688;
A(3,7)=0.0008488007705677203;
A(4,7)=-0.0012395320075758698;
A(5,7)=0.0019014786338127452;
A(6,7)=-0.003567332659116091;
A(7,7)=0.020035175083750256;
A(8,7)=0.0436429559826334;
A(9,7)=0.03814649464824472;
A(10,7)=0.04136585295455569;
A(11,7)=0.03910377258498424;
A(12,7)=0.0408349254554844;
A(13,7)=0.03944248212843131;
A(14,7)=0.0405993989034827;
A(15,7)=0.039616273809910826;
A(16,7)=0.04046534713504771;
A(17,7)=0.03972340507175005;
A(18,7)=0.04037710006975814;
A(19,7)=0.03979812775246713;
A(20,7)=0.04031210866049841;
A(21,7)=0.039856255162681334;
A(22,7)=0.040258485556950926;
A(23,7)=0.039907565154514456;
A(24,7)=0.0402070642907834;
A(25,7)=0.039962537068316706;
A(26,7)=0.04014146645415496;
A(2,8)=0.0004655189765079468;
A(3,8)=-0.0007405273104811655;
A(4,8)=0.001032304326176371;
A(5,8)=-0.0014418388237499437;
A(6,8)=0.0021758941897609746;
A(7,8)=-0.0040579642646290095;
A(8,8)=0.022757065495740914;
A(9,8)=0.04957571395753944;
A(10,8)=0.04332312101473011;
A(11,8)=0.04699266339143485;
A(12,8)=0.04440859123083419;
A(13,8)=0.046390409065101425;
A(14,8)=0.0447932703531422;
A(15,8)=0.046122355303655466;
A(16,8)=0.04499167476503361;
A(17,8)=0.04596866462729113;
A(18,8)=0.04511520993505992;
A(19,8)=0.045866117358644834;
A(20,8)=0.04520294486143942;
A(21,8)=0.045788733725738294;
A(22,8)=0.04527348863373075;
A(23,8)=0.0457219121393075;
A(24,8)=0.04533989321539378;
A(25,8)=0.04565139523582416;
A(26,8)=0.04542363817830085;
A(2,9)=-0.0004172018298597814;
A(3,9)=0.0006547410698455744;
A(4,9)=-0.0008875619975194878;
A(5,9)=0.0011778837511746234;
A(6,9)=-0.0016129258946081845;
A(7,9)=0.002413463317487263;
A(8,9)=-0.004485805719146766;
A(9,9)=0.02513398726676266;
A(10,9)=0.05475632135342663;
A(11,9)=0.04784399909647551;
A(12,9)=0.051905969080027696;
A(13,9)=0.04904149904565596;
A(14,9)=0.051241306616447976;
A(15,9)=0.049466528324229764;
A(16,9)=0.05094452048969538;
A(17,9)=0.04968690790843067;
A(18,9)=0.050773004697499124;
A(19,9)=0.04982568941335475;
A(20,9)=0.050656725045844446;
A(21,9)=0.049926473414389834;
A(22,9)=0.05056619974469901;
A(23,9)=0.05001115219157063;
A(24,9)=0.05048292470575105;
A(25,9)=0.050098853020172356;
A(26,9)=0.05037939239591681;
A(2,10)=0.00037469523450267696;
A(3,10)=-0.0005827069039893766;
A(4,10)=0.0007756744653686016;
A(5,10)=-0.0009976030124257739;
A(6,10)=0.001294616066678704;
A(7,10)=-0.0017542581406066135;
A(8,10)=0.0026120193302269184;
A(9,10)=-0.004844771605837234;
A(10,10)=0.027129906118565913;
A(11,10)=0.05910636824493348;
A(12,10)=0.05164045681624744;
A(13,10)=0.05603137104883313;
A(14,10)=0.05293224785881323;
A(15,10)=0.05531400329670313;
A(16,10)=0.053391583011312076;
A(17,10)=0.05499250373953642;
A(18,10)=0.053631212883764955;
A(19,10)=0.05480494742759053;
A(20,10)=0.05378423726409891;
A(21,10)=0.05467518649841685;
A(22,10)=0.053898669019705255;
A(23,10)=0.05456979075087775;
A(24,10)=0.05400099111216981;
A(25,10)=0.054463128471672784;
A(26,10)=0.05412598175567747;
A(2,11)=-0.0003364136135190429;
A(3,11)=0.0005198349651232151;
A(4,11)=-0.0006833708561937948;
A(5,11)=0.0008608164489750416;
A(6,11)=-0.0010804415719148812;
A(7,11)=0.0013853063174268606;
A(8,11)=-0.0018655926615507394;
A(9,11)=0.002769293983844764;
A(10,11)=-0.0051296434963273045;
A(11,11)=0.02871456478642791;
A(12,11)=0.06255998872811988;
A(13,11)=0.05465485777600008;
A(14,11)=0.059306378070296255;
A(15,11)=0.05602186827743754;
A(16,11)=0.05854666573085522;
A(17,11)=0.056509126295727824;
