tLegendre(2)=0.00312391468980525;
tLegendre(3)=0.016386580716846854;
tLegendre(4)=0.03995033292479958;
tLegendre(5)=0.07331831770834135;
tLegendre(6)=0.11578001826216104;
tLegendre(7)=0.16643059790129383;
tLegendre(8)=0.2241905820563901;
tLegendre(9)=0.2878289398962806;
tLegendre(10)=0.35598934159879947;
tLegendre(11)=0.42721907291955247;
tLegendre(12)=0.5;
tLegendre(13)=0.5727809270804476;
tLegendre(14)=0.6440106584012005;
tLegendre(15)=0.7121710601037194;
tLegendre(16)=0.7758094179436099;
tLegendre(17)=0.8335694020987061;
tLegendre(18)=0.884219981737839;
tLegendre(19)=0.9266816822916586;
tLegendre(20)=0.9600496670752005;
tLegendre(21)=0.9836134192831532;
tLegendre(22)=0.9968760853101948;
A(2,2)=-159.5540203353033;
A(3,2)=-21.81961759198671;
A(4,2)=4.096834201434785;
A(5,2)=-1.3992560113155004;
A(6,2)=0.640966694803326;
A(7,2)=-0.3520167826823168;
A(8,2)=0.2194697846839761;
A(9,2)=-0.15065390624269426;
A(10,2)=0.11176361187612234;
A(11,2)=-0.08855444291758353;
A(12,2)=0.07437871817543684;
A(13,2)=-0.06592653063897687;
A(14,2)=0.061535856381074686;
A(15,2)=-0.06049234448189141;
A(16,2)=0.06279068739278776;
A(17,2)=-0.06922392148098074;
A(18,2)=0.08195339084660508;
A(19,2)=-0.10634953635811144;
A(20,2)=0.157662942360343;
A(21,2)=-0.2951447206773546;
A(22,2)=1.0062871101712514;
A(2,3)=260.5500722093675;
A(3,3)=-30.004442135243192;
A(4,3)=-22.12511078045897;
A(5,3)=5.961660812405632;
A(6,3)=-2.51046696242166;
A(7,3)=1.3239472318617527;
A(8,3)=-0.8068004419539474;
A(9,3)=0.5460343193015761;
A(10,3)=-0.40129186587667776;
A(11,3)=0.31588639168505805;
A(12,3)=-0.2640708555575175;
A(13,3)=0.23324534908930264;
A(14,3)=-0.21713606984932815;
A(15,3)=0.21302119868319738;
A(16,3)=-0.22076813061453945;
A(17,3)=0.24309169993667673;
A(18,3)=-0.28752516432931824;
A(19,3)=0.3728545883826037;
A(20,3)=-0.5524753861212893;
A(21,3)=1.0338836352827765;
A(22,3)=-3.5243504135901986;
A(2,4)=-179.98348193075427;
A(3,4)=81.40023371987995;
A(4,4)=-11.994733868363417;
A(5,4)=-19.510204333681973;
A(6,4)=6.311652306517104;
A(7,4)=-3.012566839162182;
A(8,4)=1.7454427956231724;
A(9,4)=-1.146908082134598;
A(10,4)=0.8271056302390489;
A(11,4)=-0.6427666829432769;
A(12,4)=0.5324565745385577;
A(13,4)=-0.4671718293663432;
A(14,4)=0.4327343353385738;
A(15,4)=-0.4229176016588206;
A(16,4)=0.4370141268315424;
A(17,4)=-0.480117309269363;
A(18,4)=0.5668930643603064;
A(19,4)=-0.7341752401050523;
A(20,4)=1.0868391736457212;
A(21,4)=-2.032605666972437;
A(22,4)=6.9265007911534004;
A(2,5)=145.0433590339195;
A(3,5)=-51.75161031717651;
A(4,5)=46.0339481866006;
A(5,5)=-6.280018582588342;
A(6,5)=-17.313829663746997;
A(7,5)=6.285802036761274;
A(8,5)=-3.27407728766894;
A(9,5)=2.035762268813794;
A(10,5)=-1.4204585962386536;
A(11,5)=1.0804197488294607;
A(12,5)=-0.8818467511707341;
A(13,5)=0.7655455240914519;
A(14,5)=-0.7035708334639772;
A(15,5)=0.6835575742738443;
A(16,5)=-0.703165426402837;
A(17,5)=0.7698579752157535;
A(18,5)=-0.9066138142677713;
A(19,5)=1.17183375980557;
A(20,5)=-1.7322722194423503;
A(21,5)=3.2366526661152935;
A(22,5)=-11.023925472064585;
A(2,6)=-122.9292080373582;
A(3,6)=40.320886079278196;
A(4,6)=-27.553604839499272;
A(5,6)=32.03406798069914;
A(6,6)=-3.7530643281604035;
A(7,6)=-15.717834726365767;
A(8,6)=6.197780749710033;
A(9,6)=-3.4524975942409344;
A(10,6)=2.273680764806203;
A(11,6)=-1.6699766820166548;
A(12,6)=1.3320687719138078;
A(13,6)=-1.1380632928980796;
A(14,6)=1.0339410032213767;
A(15,6)=-0.9959882801045675;
A(16,6)=1.0179923889350486;
A(17,6)=-1.1091240097580046;
A(18,6)=1.3013378370861515;
A(19,6)=-1.677417944067347;
A(20,6)=2.4747794591771664;
A(21,6)=-4.617973297153061;
A(22,6)=15.717611405442039;
A(2,7)=106.51940063912971;
A(3,7)=-33.549956218117316;
A(4,7)=20.74998442984887;
A(5,7)=-18.349548240069062;
A(6,7)=24.79924405923372;
A(7,7)=-2.404425186362936;
A(8,7)=-14.61179628529218;
A(9,7)=6.146040907757165;
A(10,7)=-3.619081707357514;
A(11,7)=2.5050589321247503;
A(12,7)=-1.9272730569762513;
A(13,7)=1.607702644315209;
A(14,7)=-1.436468224965703;
A(15,7)=1.3671685127102293;
A(16,7)=-1.3849794153616362;
A(17,7)=1.4989384423576284;
A(18,7)=-1.7499507717692109;
A(19,7)=2.247373679859315;
A(20,7)=-3.30695623490659;
A(21,7)=6.16015177462514;
A(22,7)=-20.946986021114654;
A(2,8)=-93.23494823506776;
A(3,8)=28.70291870611205;
A(4,8)=-16.87816994952927;
A(5,8)=13.418138058119412;
A(6,8)=-13.728420884589344;
A(7,8)=20.513617834380543;
A(8,8)=-1.585757155710272;
A(9,8)=-13.89180132096989;
A(10,8)=6.167372969167838;
A(11,8)=-3.8125775071393715;
A(12,8)=2.7617838816758784;
A(13,8)=-2.2205487576539835;
A(14,8)=1.9361916039100713;
A(15,8)=-1.8116532592494434;
A(16,8)=1.8128459997048634;
A(17,8)=-1.9443836938658967;
A(18,8)=2.2549084159298105;
A(19,8)=-2.8817800986876745;
A(20,8)=4.225861037384769;
A(21,8)=-7.854097960807953;
A(22,8)=26.674680968684257;
A(2,9)=81.88971085865401;
A(3,9)=-24.855632423502772;
A(4,9)=14.190356072332476;
A(5,9)=-10.675183132896764;
A(6,9)=9.785042258356533;
A(7,9)=-11.040253427354482;
A(8,9)=17.774750275552737;
A(9,9)=-1.0350643876659915;
A(10,9)=-13.48968680847965;
A(11,9)=6.281539679512022;
A(12,9)=-4.061019812622008;
A(13,9)=3.0727445004699803;
A(14,9)=-2.581442067174601;
A(15,9)=2.3565890642935754;
A(16,9)=-2.3180351867285283;
A(17,9)=2.4558715252236016;
A(18,9)=-2.822822360805654;
A(19,9)=3.5844569864750837;
A(20,9)=-5.2326349864288675;
A(21,9)=9.696783564183242;
A(22,9)=-32.88132861821765;
A(2,10)=-71.85903046891454;
A(3,10)=21.607136656685874;
A(4,10)=-12.104800637119288;
A(5,10)=8.81066799970461;
A(6,10)=-7.622383452214796;
A(7,10)=7.689780942453998;
A(8,10)=-9.334200844848008;
A(9,10)=15.956360904662779;
A(10,10)=-0.6281517667819656;
A(11,10)=-13.36912013409473;
A(12,10)=6.50717686000816;
A(13,10)=-4.392600538580634;
A(14,10)=3.47196523889951;
A(15,10)=-3.0534749889392736;
A(16,10)=2.9303889022692857;
A(17,10)=-3.0521902720033793;
A(18,10)=3.466227500144565;
A(19,10)=-4.364033590518729;
A(20,10)=6.333124411927692;
A(21,10)=-11.691462332734998;
A(22,10)=39.564818140626954;
A(2,11)=62.78602897589363;
A(3,11)=-18.755969371837875;
A(4,11)=10.373415113659425;
A(5,11)=-7.390001170707979;
A(6,11)=6.173670518507561;
A(7,11)=-5.8695561724352885;
A(8,11)=6.363079446995355;
A(9,11)=-8.19350696858729;
A(10,11)=14.742616276274317;
A(11,11)=-0.29742563810569167;
A(12,11)=-13.520897836124256;
A(13,11)=6.869931726032163;
A(14,11)=-4.843880789888288;
A(15,11)=4.008022676256481;
A(16,11)=-3.7060304044758183;
A(17,11)=3.7669776380777527;
A(18,11)=-4.207261020600549;
A(19,11)=5.236281848231076;
A(20,11)=-7.5395434206916;
A(21,11)=13.849101255378727;
A(22,11)=-46.74260180069452;
A(2,12)=-54.45717661916997;
A(3,12)=16.19134181314769;
A(4,12)=-8.873733152000938;
A(5,12)=6.228721073347558;
A(6,12)=-5.0852634696901085;
A(7,12)=4.663203163339193;
A(8,12)=-4.759837495541756;
A(9,12)=5.470066411089415;
A(10,12)=-7.409998455220359;
A(11,12)=13.962375129926107;
A(12,12)=0.;
A(13,12)=-13.962375129926107;
A(14,12)=7.409998455220359;
A(15,12)=-5.470066411089415;
A(16,12)=4.759837495541756;
A(17,12)=-4.663203163339193;
A(18,12)=5.0852634696901085;
A(19,12)=-6.228721073347558;
A(20,12)=8.873733152000938;
A(21,12)=-16.19134181314769;
A(22,12)=54.45717661916997;
A(2,13)=46.74260180069452;
A(3,13)=-13.849101255378727;
A(4,13)=7.5395434206916;
A(5,13)=-5.236281848231076;
A(6,13)=4.207261020600549;
A(7,13)=-3.7669776380777527;
A(8,13)=3.7060304044758183;
A(9,13)=-4.008022676256481;
A(10,13)=4.843880789888288;
A(11,13)=-6.869931726032163;
A(12,13)=13.520897836124256;
A(13,13)=0.29742563810569167;
A(14,13)=-14.742616276274317;
A(15,13)=8.19350696858729;
A(16,13)=-6.363079446995355;
A(17,13)=5.8695561724352885;
A(18,13)=-6.173670518507561;
A(19,13)=7.390001170707979;
A(20,13)=-10.373415113659425;
A(21,13)=18.755969371837875;
A(22,13)=-62.78602897589363;
A(2,14)=-39.564818140626954;
A(3,14)=11.691462332734998;
A(4,14)=-6.333124411927692;
A(5,14)=4.364033590518729;
A(6,14)=-3.466227500144565;
A(7,14)=3.0521902720033793;
A(8,14)=-2.9303889022692857;
A(9,14)=3.0534749889392736;
