tLegendre(2)=0.002852707258800354;
tLegendre(3)=0.014969751082285637;
tLegendre(4)=0.036521613906413;
tLegendre(5)=0.06709371113984994;
tLegendre(6)=0.10609159701039592;
tLegendre(7)=0.1527563684066586;
tLegendre(8)=0.2061797982465442;
tLegendre(9)=0.26532208100662147;
tLegendre(10)=0.3290320895539579;
tLegendre(11)=0.3960697866558894;
tLegendre(12)=0.4651303633401389;
tLegendre(13)=0.5348696366598611;
tLegendre(14)=0.6039302133441107;
tLegendre(15)=0.6709679104460421;
tLegendre(16)=0.7346779189933785;
tLegendre(17)=0.7938202017534558;
tLegendre(18)=0.8472436315933414;
tLegendre(19)=0.8939084029896041;
tLegendre(20)=0.93290628886015;
tLegendre(21)=0.963478386093587;
tLegendre(22)=0.9850302489177144;
tLegendre(23)=0.9971472927411996;
A(2,2)=0.00365699882456805;
A(3,2)=0.007913148026577405;
A(4,2)=0.007020495963760913;
A(5,2)=0.007496339713762214;
A(6,2)=0.007186709482603214;
A(7,2)=0.007409293503178121;
A(8,2)=0.007239242549247091;
A(9,2)=0.007374623742830903;
A(10,2)=0.007263598466766255;
A(11,2)=0.007356694162096879;
A(12,2)=0.00727729398252039;
A(13,2)=0.007345907786917015;
A(14,2)=0.007286017887455064;
A(15,2)=0.007338678814010666;
A(16,2)=0.007292149658769411;
A(17,2)=0.00733335228477727;
A(18,2)=0.007296897506434766;
A(19,2)=0.007328993472975314;
A(20,2)=0.007301044798848115;
A(21,2)=0.0073248613543395276;
A(22,2)=0.0073054386316061485;
A(23,2)=0.007319640392173145;
A(2,3)=-0.0013833915461385563;
A(3,3)=0.008443725396203538;
A(4,3)=0.018357413108713486;
A(5,3)=0.01612403982110417;
A(6,3)=0.0173830863438913;
A(7,3)=0.01652983782114597;
A(8,3)=0.017162040897202847;
A(9,3)=0.016667748637444583;
A(10,3)=0.017068442950449618;
A(11,3)=0.01673509335833653;
A(12,3)=0.017017818909864132;
A(13,3)=0.016774499495987576;
A(14,3)=0.016986229823335905;
A(15,3)=0.016800493918777967;
A(16,3)=0.016964303817428084;
A(17,3)=0.016819453064292063;
A(18,3)=0.016947469459159824;
A(19,3)=0.016834857649269685;
A(20,3)=0.016932852838649738;
A(21,3)=0.016849387425792006;
A(22,3)=0.01691743084671286;
A(23,3)=0.016867688687700156;
A(2,4)=0.0010492334519012956;
A(3,4)=-0.0022759276403928157;
A(4,4)=0.013073333788170821;
A(5,4)=0.028455450451412307;
A(6,4)=0.024923789040744087;
A(7,4)=0.026955303157368056;
A(8,4)=0.025553939059994223;
A(9,4)=0.026607865793975456;
A(10,4)=0.025773557724585543;
A(11,4)=0.026456858823060217;
A(12,4)=0.02588360124933293;
A(13,4)=0.026373094549073366;
A(14,4)=0.02594963202474165;
A(15,4)=0.02631946106110185;
A(16,4)=0.02599440327133964;
A(17,4)=0.026281076145150063;
A(18,4)=0.026028244894564442;
A(19,4)=0.026250294179654122;
A(20,4)=0.02605730445603983;
A(21,4)=0.026221528747946577;
A(22,4)=0.02608773445458426;
A(23,4)=0.02618550402423617;
A(2,5)=-0.0008700325572049939;
A(3,5)=0.0015776031092103351;
A(4,5)=-0.003081556962630915;
A(5,5)=0.017449117106130122;
A(6,5)=0.037996758256923654;
A(7,5)=0.03324240566262624;
A(8,5)=0.0360033758072377;
A(9,5)=0.03408113724346664;
A(10,5)=0.03553889996577885;
A(11,5)=0.03437651102924153;
A(12,5)=0.03533436472599928;
A(13,5)=0.03452674252097855;
A(14,5)=0.03521900410015071;
A(15,5)=0.03461858403470052;
A(16,5)=0.03514354316610287;
A(17,5)=0.03468245390904186;
A(18,5)=0.03508783117201945;
A(19,5)=0.03473267544592001;
A(20,5)=0.035040777895281365;
A(21,5)=0.03477896030887942;
A(22,5)=0.03499205839348034;
A(23,5)=0.03483643058246008;
A(2,6)=0.0007478365463758372;
A(3,6)=-0.0012611647523493614;
A(4,6)=0.002009742642169895;
A(5,6)=-0.0038152665788320386;
A(6,6)=0.021485401554266932;
A(7,6)=0.04679618588154835;
A(8,6)=0.04091690714060465;
A(9,6)=0.04434884903456563;
A(10,6)=0.04194671229299568;
A(11,6)=0.04377749519353185;
A(12,6)=0.04231126223080821;
A(13,6)=0.04352389835128046;
A(14,6)=0.042498620533855634;
A(15,6)=0.043378975316900666;
A(16,6)=0.04261506016299601;
A(17,6)=0.04328217431593156;
A(18,6)=0.04269825950361034;
A(19,6)=0.04320809536879846;
A(20,6)=0.04276694771837206;
A(21,6)=0.0431411084965817;
A(22,6)=0.04283697772385047;
A(23,6)=0.043058905761085474;
A(2,7)=-0.0006541601536960709;
A(3,7)=0.0010631977849198616;
A(4,7)=-0.0015527495004432268;
A(5,7)=0.002382192264289157;
A(6,7)=-0.004469575974046668;
A(7,7)=0.02510353611072024;
A(8,7)=0.054683158484738884;
A(9,7)=0.047797233601972924;
A(10,7)=0.051829055870974985;
A(11,7)=0.0489979364706193;
A(12,7)=0.05116218538532476;
A(13,7)=0.04942442419617192;
A(14,7)=0.05086440612513974;
A(15,7)=0.04964558369884642;
A(16,7)=0.05069209474925665;
A(17,7)=0.04978540770637293;
A(18,7)=0.05057425599574338;
A(19,7)=0.04988863236307141;
A(20,7)=0.05047983984038928;
A(21,7)=0.04997967589572193;
A(22,7)=0.05038551013805277;
A(23,7)=0.05008968797539765;
A(2,8)=0.0005771306937180241;
A(3,8)=-0.0009181400851075992;
A(4,8)=0.0012800520775369006;
A(5,8)=-0.001788144595738132;
A(6,8)=0.0026989394052393586;
A(7,8)=-0.005034098552285054;
A(8,8)=0.028233074020134804;
A(9,8)=0.06150459327386988;
A(10,8)=0.053749033070212206;
A(11,8)=0.05829849169557439;
A(12,8)=0.055097656108972486;
A(13,8)=0.057548787401995746;
A(14,8)=0.05557814861633898;
A(15,8)=0.05721206975437336;
A(16,8)=0.05582963972321957;
A(17,8)=0.05701449130813729;
A(18,8)=0.055991916624700926;
A(19,8)=0.05687530801449649;
A(20,8)=0.05611701053171844;
A(21,8)=0.056756415781734466;
A(22,8)=0.05623878573263992;
A(23,8)=0.056615571347988176;
A(2,9)=-0.0005108225694811287;
A(3,9)=0.0008017436474691111;
A(4,9)=-0.00108701761588107;
A(5,9)=0.0014428974095929462;
A(6,9)=-0.0019763120939171788;
A(7,9)=0.0029579332595727533;
A(8,9)=-0.005498872971005177;
A(9,9)=0.030813094202628104;
A(10,9)=0.06712797265470442;
A(11,9)=0.058656193896096116;
A(12,9)=0.06363133556691924;
A(13,9)=0.06012719578608808;
A(14,9)=0.06281270703716246;
A(15,9)=0.060653143425543156;
A(16,9)=0.06244255382378584;
A(17,9)=0.06093151411226098;
A(18,9)=0.062221524646894864;
A(19,9)=0.06111600287927979;
A(20,9)=0.06205937524545717;
A(21,9)=0.06126731021475444;
A(22,9)=0.06190664275314322;
A(23,9)=0.061442101885789954;
A(2,10)=0.0004519441833998884;
A(3,10)=-0.0007029295303731828;
A(4,10)=0.0009359151942122317;
A(5,10)=-0.0012040490612639089;
A(6,10)=0.001563079716651909;
A(7,10)=-0.002118837751366559;
A(8,10)=0.0031559926247992204;
A(9,10)=-0.005855370429828706;
A(10,10)=0.032793376196765596;
A(11,10)=0.07144399398759758;
A(12,10)=0.06242305124799129;
A(13,10)=0.06772383254409556;
A(14,10)=0.06398875471634038;
A(15,10)=0.0668511855235599;
A(16,10)=0.06455117219940115;
A(17,10)=0.06645315792083918;
A(18,10)=0.064853265912966;
A(19,10)=0.06620974958295904;
A(20,10)=0.06506118577486332;
A(21,10)=0.06602019055413402;
A(22,10)=0.06524903304146697;
A(23,10)=0.0658080756051408;
A(2,11)=-0.0003985403149878854;
A(3,11)=0.0006159340621587607;
A(4,11)=-0.0008099307010560637;
A(5,11)=0.0010206371001172429;
A(6,11)=-0.001281648677955721;
A(7,11)=0.001644162862083351;
A(8,11)=-0.0022154065476690725;
A(9,11)=0.0032902205284334085;
A(10,11)=-0.00609693660870536;
A(11,11)=0.03413537458650379;
A(12,11)=0.07436873513201955;
A(13,11)=0.06497621979148624;
A(14,11)=0.07049629353482381;
A(15,11)=0.06660735687780832;
A(16,11)=0.06958519872772095;
A(17,11)=0.06719710791995614;
A(18,11)=0.06916458097949961;
A(19,11)=0.0675205593746391;
A(20,11)=0.06889826517926817;
A(21,11)=0.06775627578238629;
A(22,11)=0.06867008229480279;
A(23,11)=0.06800957882769415;
A(2,12)=0.0003494022395201357;
A(3,12)=-0.0005374998494361364;
A(4,12)=0.0007005190740704928;
A(5,12)=-0.000870129853537316;
A(6,12)=0.001068659366409478;
A(7,12)=-0.0013245275115161613;
A(8,12)=0.0016874275210435922;
A(9,12)=-0.0022654370231091304;
A(10,12)=0.003358538832877098;
A(11,12)=-0.006219032131080642;
A(12,12)=0.034812968213907995;
A(13,12)=0.07584530698944687;
A(14,12)=0.06626601001634386;
A(15,12)=0.0718946294378242;
A(16,12)=0.06793235829960802;
A(17,12)=0.07096089165302522;
A(18,12)=0.0685405793408231;
A(19,12)=0.07052212107935103;
A(20,12)=0.06888476835829933;
A(21,12)=0.0702288885999401;
A(22,12)=0.06916024507625454;
A(23,12)=0.06992970644950847;
A(2,13)=-0.00030377002169247646;
A(3,13)=0.0004656913515614505;
