tLegendre(2)=0.004712262342791332;
tLegendre(3)=0.02466223911561612;
tLegendre(4)=0.05988042313650705;
tLegendre(5)=0.1092429980515993;
tLegendre(6)=0.1711644203916546;
tLegendre(7)=0.2436547314567615;
tLegendre(8)=0.32438411827306185;
tLegendre(9)=0.41075790925207606;
tLegendre(10)=0.5;
tLegendre(11)=0.5892420907479239;
tLegendre(12)=0.6756158817269382;
tLegendre(13)=0.7563452685432385;
tLegendre(14)=0.8288355796083454;
tLegendre(15)=0.8907570019484007;
tLegendre(16)=0.9401195768634929;
tLegendre(17)=0.9753377608843838;
tLegendre(18)=0.9952877376572087;
A(2,2)=0.006037075717136983;
A(3,2)=0.013063235665741876;
A(4,2)=0.011589665929570607;
A(5,2)=0.012375085780802864;
A(6,2)=0.011864173258154751;
A(7,2)=0.012231211676542028;
A(8,2)=0.011951145323598915;
A(9,2)=0.012173636565159133;
A(10,2)=0.011991811582810558;
A(11,2)=0.01214342727598266;
A(12,2)=0.01201523079025197;
A(13,2)=0.01212454207604694;
A(14,2)=0.012031082856626775;
A(15,2)=0.012110623002859606;
A(16,2)=0.012044005225284121;
A(17,2)=0.012097669951071265;
A(18,2)=0.012058729339512946;
A(2,3)=-0.002271552841085454;
A(3,3)=0.0138648823434968;
A(4,3)=0.030143413515056425;
A(5,3)=0.026476448025282935;
A(6,3)=0.028543143555862474;
A(7,3)=0.027143378116749193;
A(8,3)=0.028179328675280422;
A(9,3)=0.027371003927072438;
A(10,3)=0.028024057565555437;
A(11,3)=0.027483694278554908;
A(12,3)=0.027938128379615325;
A(13,3)=0.027552138523714888;
A(14,3)=0.02788122404784701;
A(15,3)=0.027601723430416076;
A(16,3)=0.027835472823148636;
A(17,3)=0.027647360907981935;
A(18,3)=0.027783777835671274;
A(2,4)=0.001706073567974744;
A(3,4)=-0.0037008500080241476;
A(4,4)=0.021259037079294794;
A(5,4)=0.04627220795018154;
A(6,4)=0.04053021152424608;
A(7,4)=0.043831659608730006;
A(8,4)=0.041556519147627966;
A(9,4)=0.04326445985510874;
A(10,4)=0.0419166599360226;
A(11,4)=0.0430148670210039;
A(12,4)=0.04210099012059457;
A(13,4)=0.04287145077968319;
A(14,4)=0.04221809563976713;
A(15,4)=0.04277085755647651;
A(16,4)=0.04230985005450855;
A(17,4)=0.04268015654273309;
A(18,4)=0.042411916905518196;
A(2,5)=-0.001394288146275466;
A(3,5)=0.002528436347127656;
A(4,5)=-0.004939392714677008;
A(5,5)=0.027970961798350992;
A(6,5)=0.06090823480933847;
A(7,5)=0.05328922699804269;
A(8,5)=0.05771046838660402;
A(9,5)=0.05463705531828447;
A(10,5)=0.05696133846204751;
A(11,5)=0.05511671260861046;
A(12,5)=0.05662518509480416;
A(13,5)=0.05536866981833889;
A(14,5)=0.05642515403459257;
A(15,5)=0.05553675140890066;
A(16,5)=0.0562745160250034;
A(17,5)=0.05568361364443451;
A(18,5)=0.05611090356306866;
A(2,6)=0.0011750593129819088;
A(3,6)=-0.0019819329115968315;
A(4,6)=0.003159039334865878;
A(5,6)=-0.0059984464138070825;
A(6,6)=0.03378409211713137;
A(7,6)=0.07358205873907481;
A(8,6)=0.06434166283683158;
A(9,6)=0.06972940591084618;
A(10,6)=0.06596706890918935;
A(11,6)=0.0688226604271078;
A(12,6)=0.06655156826193348;
A(13,6)=0.06840864270425802;
A(14,6)=0.06686699844069047;
A(15,6)=0.06815184316401966;
A(16,6)=0.067091469231826;
A(17,6)=0.06793724016076134;
A(18,6)=0.06732716807631457;
A(2,7)=-0.001001911591336052;
A(3,7)=0.0016287618470287473;
A(4,7)=-0.002379602961925601;
A(5,7)=0.003652329417489211;
A(6,7)=-0.006855385309025615;
A(7,7)=0.03851144026920257;
A(8,7)=0.08388749158859295;
A(9,7)=0.07333123995850292;
A(10,7)=0.07950150485937363;
A(11,7)=0.07518359063338415;
A(12,7)=0.07846431936701047;
A(13,7)=0.0758571668553873;
A(14,7)=0.07798094287300184;
A(15,7)=0.07623360383052209;
A(16,7)=0.07766303383344941;
A(17,7)=0.07652950171210993;
A(18,7)=0.07734433024049485;
A(2,8)=0.0008557757162568502;
A(3,8)=-0.0013618686466788914;
A(4,8)=0.001899723699715207;
A(5,8)=-0.002655636063687981;
A(6,8)=0.0040112727358827035;
A(7,8)=-0.007486624806021099;
A(8,8)=0.04200102553911251;
A(9,8)=0.09149398050990354;
A(10,8)=0.0799684823533937;
A(11,8)=0.08671239073432666;
A(12,8)=0.0819914151619667;
A(13,8)=0.08557410106207711;
A(14,8)=0.08273817477605207;
A(15,8)=0.0850280323740621;
A(16,8)=0.08317802705181007;
A(17,8)=0.08463324927799436;
A(18,8)=0.08359212952177941;
A(2,9)=-0.0007273953763331599;
A(3,9)=0.0011421620606270361;
A(4,9)=-0.0015497394982320097;
A(5,9)=0.0020591987061966913;
A(6,9)=-0.002823748709839259;
A(7,9)=0.004231249490241451;
A(8,9)=-0.007873589465356807;
A(9,9)=0.04414067634174816;
A(10,9)=0.09615738069467537;
A(11,9)=0.08403992289211419;
A(12,9)=0.0911297646925026;
A(13,9)=0.08617321287286707;
A(14,9)=0.08992039118169895;
A(15,9)=0.08697909602884137;
A(16,9)=0.08931285626792151;
A(17,9)=0.08749795517697015;
A(18,9)=0.08878786985347077;
A(2,10)=0.0006118689083532859;
A(3,10)=-0.0009522226189978999;
A(4,10)=0.001269126854842102;
A(5,10)=-0.0016350027640601764;
A(6,10)=0.0021261078492320713;
A(7,10)=-0.002887326354375092;
A(8,10)=0.004308285698501182;
A(9,10)=-0.00800466567441318;
A(10,10)=0.04486161758905163;
A(11,10)=0.09772790085251644;
A(12,10)=0.08541494947960208;
A(13,10)=0.09261056153247836;
A(14,10)=0.08759712732887119;
A(15,10)=0.09135823794216344;
A(16,10)=0.08845410832326116;
A(17,10)=0.09067545779710116;
A(18,10)=0.08911136626974998;
A(2,11)=-0.0005065171699744487;
A(3,11)=0.0007833975065261681;
A(4,11)=-0.0010315035844251873;
A(5,11)=0.0013022566546549623;
A(6,11)=-0.0016390384982026252;
A(7,11)=0.0021081398106292597;
A(8,11)=-0.002848412009006274;
A(9,11)=0.004241429791382136;
A(10,11)=-0.007876028011179051;
A(11,11)=0.04414067634174816;
A(12,11)=0.09615494214885313;
A(13,11)=0.08405010319325487;
A(14,11)=0.09110510139333558;
A(15,11)=0.08622215397729963;
A(16,11)=0.08983109218172833;
A(17,11)=0.08713919062286929;
A(18,11)=0.08900874805982949;
A(2,12)=0.0004099215564456119;
A(3,12)=-0.0006311981997693391;
A(4,12)=0.0008240240264149511;
A(5,12)=-0.0010259812958370788;
A(6,12)=0.0012638763021729598;
A(7,12)=-0.0015720499838520886;
A(8,12)=0.00201063591625832;
A(9,12)=-0.002710339656101635;
A(10,12)=0.00403356872483132;
A(11,12)=-0.007491929431678512;
A(12,12)=0.04200102553911251;
A(13,12)=0.09148867588424613;
A(14,12)=0.07999077834234232;
A(15,12)=0.086657687141913;
A(16,12)=0.08210232737850981;
A(17,12)=0.08536391972490391;
A(18,12)=0.08314627536196817;
A(2,13)=-0.00032144970208970806;
A(3,13)=0.0004933788262952191;
A(4,13)=-0.0006401532950442738;
A(5,13)=0.0007892767078830488;
A(6,13)=-0.0009580623345966932;
A(7,13)=0.0011657136830178388;
A(8,13)=-0.0014414388286053226;
A(9,13)=0.0018392899050210015;
A(10,13)=-0.0024786243209684814;
A(11,13)=0.003691640579902222;
A(12,13)=-0.006864611050187802;
A(13,13)=0.03851144026920257;
A(14,13)=0.08387826584743076;
A(15,13)=0.07337055112091594;
A(16,13)=0.07940248350033074;
A(17,13)=0.0753941186913764;
A(18,13)=0.0780247921297412;
A(2,14)=0.00024101615794817113;
A(3,14)=-0.0003690559264986148;
A(4,14)=0.0004767150024367354;
A(5,14)=-0.0005836589297569237;
A(6,14)=0.0007011857935722726;
A(7,14)=-0.0008404584699952803;
A(8,14)=0.0010166159723292525;
A(9,14)=-0.0012544761928450579;
A(10,14)=0.0016011153250733861;
A(11,14)=-0.00216122167658345;
A(12,14)=0.003226521397431152;
A(13,14)=-0.0060138745048120765;
A(14,14)=0.03378409211713137;
A(15,14)=0.07356663064806981;
A(16,14)=0.06440914489939686;
A(17,14)=0.06955011714585957;
A(18,14)=0.06639312492128083;
A(2,15)=-0.00016897996636667406;
A(3,15)=0.00025830995226747524;
A(4,15)=-0.0003325924283014131;
A(5,15)=0.00040517218780132384;
A(6,15)=-0.0004832304378905876;
A(7,15)=0.0005732537783630943;
A(8,15)=-0.0006832614981021715;
A(9,15)=0.0008252109880915275;
A(10,15)=-0.0010194148653455244;
A(11,15)=0.0013048682784175102;
A(12,15)=-0.0017685447899020346;
A(13,15)=0.0026526965986592944;
A(14,15)=-0.004966311212636485;
A(15,15)=0.027970961798350992;
A(16,15)=0.060881316311379;
A(17,15)=0.05341348724957433;
A(18,15)=0.05733621174297745;
A(2,16)=0.00010615725307139468;
A(3,16)=-0.00016208238414349894;
A(4,16)=0.0002082241040810338;
A(5,16)=-0.00025278339788692135;
A(6,16)=0.00029997851882246156;
A(7,16)=-0.00035337662109360393;
A(8,16)=0.0004170840379950255;
A(9,16)=-0.0004967928624143069;
A(10,16)=0.0006014142225669887;
A(11,16)=-0.0007463856965191486;
