tLegendre(2)=0.0009750347321561901;
tLegendre(3)=0.005130272866807214;
tLegendre(4)=0.012576835704923246;
tLegendre(5)=0.023266834533235203;
tLegendre(6)=0.0371293339757078;
tLegendre(7)=0.05407213049768389;
tLegendre(8)=0.0739824890338189;
tLegendre(9)=0.0967279161973416;
tLegendre(10)=0.12215704812301466;
tLegendre(11)=0.15010065981040782;
tLegendre(12)=0.18037279208515913;
tLegendre(13)=0.21277198947609646;
tLegendre(14)=0.24708264103603444;
tLegendre(15)=0.2830764152838118;
tLegendre(16)=0.3205137797602825;
tLegendre(17)=0.3591455951049174;
tLegendre(18)=0.39871477305394165;
tLegendre(19)=0.4389579873310663;
tLegendre(20)=0.4796074260477109;
tLegendre(21)=0.5203925739522891;
tLegendre(22)=0.5610420126689337;
tLegendre(23)=0.6012852269460583;
tLegendre(24)=0.6408544048950826;
tLegendre(25)=0.6794862202397175;
tLegendre(26)=0.7169235847161882;
tLegendre(27)=0.7529173589639655;
tLegendre(28)=0.7872280105239036;
tLegendre(29)=0.8196272079148409;
tLegendre(30)=0.8498993401895921;
tLegendre(31)=0.8778429518769854;
tLegendre(32)=0.9032720838026584;
tLegendre(33)=0.9260175109661811;
tLegendre(34)=0.9459278695023161;
tLegendre(35)=0.9628706660242922;
tLegendre(36)=0.9767331654667648;
tLegendre(37)=0.9874231642950767;
tLegendre(38)=0.9948697271331928;
tLegendre(39)=0.9990249652678438;
A(2,2)=0.0012507201874098364;
A(3,2)=0.0027063552050194213;
A(4,2)=0.002401056979041814;
A(5,2)=0.002563811071366149;
A(6,2)=0.002457891298906906;
A(7,2)=0.0025340580597782683;
A(8,2)=0.0024758340171095127;
A(9,2)=0.0025222324560684097;
A(10,2)=0.002484123075258858;
A(11,2)=0.0025161520817334197;
A(12,2)=0.002488742457654624;
A(13,2)=0.0025125431550475506;
A(14,2)=0.0024916272024637443;
A(15,2)=0.0025101927377988707;
A(16,2)=0.002493573731223455;
A(17,2)=0.0025085577726561875;
A(18,2)=0.0024949641672873464;
A(19,2)=0.0025073621023652686;
A(20,2)=0.0024960027448916186;
A(21,2)=0.0025064515904421806;
A(22,2)=0.0024968079201486224;
A(23,2)=0.0025057336830608262;
A(24,2)=0.0024974531349330584;
A(25,2)=0.002505149230872451;
A(26,2)=0.002497986738899105;
A(27,2)=0.0025046580980731285;
A(28,2)=0.002498442614037074;
A(29,2)=0.002504231127231645;
A(30,2)=0.0024988464338857436;
A(31,2)=0.002503845063991282;
A(32,2)=0.002499220024922372;
A(33,2)=0.0025034784773054148;
A(34,2)=0.002499585658230568;
A(35,2)=0.0025031065347311584;
A(36,2)=0.0024999735242808357;
A(37,2)=0.002502688359961931;
A(38,2)=0.0025004474920395994;
A(39,2)=0.002502098491098387;
A(2,3)=-0.00047567934779994505;
A(3,3)=0.0029033611791171687;
A(4,3)=0.006312174806454627;
A(5,3)=0.005544200783022798;
A(6,3)=0.005977194322401133;
A(7,3)=0.0056836741536507775;
A(8,3)=0.005901270815542765;
A(9,3)=0.005730984825233247;
A(10,3)=0.005869229076405971;
A(11,3)=0.005753961486029145;
A(12,3)=0.005852047034014252;
A(13,3)=0.005767231922193382;
A(14,3)=0.005841530385342953;
A(15,3)=0.00577574403016073;
A(16,3)=0.00583451765434294;
A(17,3)=0.00578160968888858;
A(18,3)=0.005829546281612181;
A(19,3)=0.005785872630491232;
A(20,3)=0.0058258521885775506;
A(21,3)=0.005789104705811319;
A(22,3)=0.005822998953555647;
A(23,3)=0.005791644900560516;
A(24,3)=0.005820718947937496;
A(25,3)=0.005793707812145272;
A(26,3)=0.005818837439009903;
A(27,3)=0.005795437980544925;
A(28,3)=0.005817232801021674;
A(29,3)=0.0057969397564277885;
A(30,3)=0.005815813416197274;
A(31,3)=0.005798295892701919;
A(32,3)=0.005814501825067811;
A(33,3)=0.005799582243615828;
A(34,3)=0.005813219398467025;
A(35,3)=0.005800886281503507;
A(36,3)=0.005811859996044109;
A(37,3)=0.005802351497560702;
A(38,3)=0.005810199655349559;
A(39,3)=0.00580441752830667;
A(2,4)=0.00036431388582007344;
A(3,4)=-0.0007902295037071932;
A(4,4)=0.004539144427403309;
A(5,4)=0.009879940813689274;
A(6,4)=0.008653624166139443;
A(7,4)=0.009359192253285424;
A(8,4)=0.008872258707240671;
A(9,4)=0.009238770800317063;
A(10,4)=0.008948237670471273;
A(11,4)=0.0091866888989195;
A(12,4)=0.00898600782361019;
A(13,4)=0.009158149989279109;
A(14,4)=0.009008259830721187;
A(15,4)=0.009140361576918228;
A(16,4)=0.009022773225717259;
A(17,4)=0.009128315912555649;
A(18,4)=0.009032918272069996;
A(19,4)=0.009119661654797264;
A(20,4)=0.009040385178935226;
A(21,4)=0.00911315261976023;
A(22,4)=0.009046113205647806;
A(23,4)=0.009108066907910946;
A(24,4)=0.00905066715322461;
A(25,4)=0.009103955191073902;
A(26,4)=0.009054410338014402;
A(27,4)=0.009100518812222793;
A(28,4)=0.00905759262702594;
A(29,4)=0.00909754454750269;
A(30,4)=0.009060400263893011;
A(31,4)=0.00909486501445485;
A(32,4)=0.00906298915752109;
A(33,4)=0.009092328262802627;
A(34,4)=0.009065516103051703;
A(35,4)=0.009089760581606713;
A(36,4)=0.00906819114529824;
A(37,4)=0.009086878791277243;
A(38,4)=0.009071455406728442;
A(39,4)=0.009082818073140972;
A(2,5)=-0.0003064345454396791;
A(3,5)=0.0005556242916643014;
A(4,5)=-0.0010852483780325562;
A(5,5)=0.006144934934558094;
A(6,5)=0.01338112220732718;
A(7,5)=0.011706581493418905;
A(8,5)=0.012679366053225897;
A(9,5)=0.012001626832089286;
A(10,5)=0.012516220264159035;
A(11,5)=0.01210510219195757;
A(12,5)=0.012444876636032375;
A(13,5)=0.0121571516546627;
A(14,5)=0.012405314265268103;
A(15,5)=0.01218817739559603;
A(16,5)=0.01238037351942119;
A(17,5)=0.012208635676383108;
A(18,5)=0.012363305825470638;
A(19,5)=0.012223082492415879;
A(20,5)=0.012350921555509304;
A(21,5)=0.012233819275311352;
A(22,5)=0.012341516997360361;
A(23,5)=0.01224213574756263;
A(24,5)=0.012334096133605584;
A(25,5)=0.012248815379323175;
A(26,5)=0.012328031769995291;
A(27,5)=0.01225436912822862;
A(28,5)=0.012322899931732764;
A(29,5)=0.012259156010227049;
A(30,5)=0.012318389336889977;
A(31,5)=0.012263453781937635;
A(32,5)=0.012314243085448718;
A(33,5)=0.012267511101261548;
A(34,5)=0.012310206274302241;
A(35,5)=0.012271608679158863;
A(36,5)=0.012305941217699269;
A(37,5)=0.012276199943228294;
A(38,5)=0.012300743628221823;
A(39,5)=0.012282663060422597;
A(2,6)=0.0002684516816537081;
A(3,6)=-0.00045268827296381445;
A(4,6)=0.0007213059149761385;
A(5,6)=-0.001369163279903858;
A(6,6)=0.007709875136293763;
A(7,6)=0.01679259219597132;
A(8,6)=0.014682404701921906;
A(9,6)=0.015914826458149057;
A(10,6)=0.015051356255532665;
A(11,6)=0.015710556451541357;
A(12,6)=0.015181213952993636;
A(13,6)=0.015620756707747995;
A(14,6)=0.01524694889100437;
A(15,6)=0.015570612849009891;
A(16,6)=0.015286418409833373;
A(17,6)=0.015538765319556518;
A(18,6)=0.015312640791840868;
A(19,6)=0.015516805830475716;
A(20,6)=0.015331299290427964;
A(21,6)=0.015500749141421471;
A(22,6)=0.015345275228331325;
A(23,6)=0.015488456991416065;
A(24,6)=0.015356192124762798;
A(25,6)=0.015478670991387247;
A(26,6)=0.015365044359126421;
A(27,6)=0.01547059044210453;
A(28,6)=0.015372489265681116;
A(29,6)=0.015463664255402973;
A(30,6)=0.01537900011982226;
A(31,6)=0.0154574740372363;
A(32,6)=0.01538496037130243;
A(33,6)=0.0154516519625764;
A(34,6)=0.015390743839007126;
A(35,6)=0.01544578962303209;
A(36,6)=0.015396838476789767;
A(37,6)=0.015439235350148059;
A(38,6)=0.015404252571783314;
A(39,6)=0.015430021062972109;
A(2,7)=-0.00024054131819099857;
A(3,7)=0.0003909047324663648;
A(4,7)=-0.0005707944013055251;
A(5,7)=0.0008755132948925716;
A(6,7)=-0.0016423658308870976;
A(7,7)=0.009223520398506185;
A(8,7)=0.02009187431750476;
A(9,7)=0.01756106450965206;
A(10,7)=0.019043969396485345;
A(11,7)=0.01800125231211258;
A(12,7)=0.01880019156841645;
A(13,7)=0.018156384328612416;
A(14,7)=0.018692744368708266;
A(15,7)=0.018235193653033378;
A(16,7)=0.01863249032722338;
A(17,7)=0.01828273916370561;
A(18,7)=0.018594024589173693;
A(19,7)=0.018314499263029263;
A(20,7)=0.01856734975977497;
A(21,7)=0.018337233929653033;
A(22,7)=0.018547721864424008;
A(23,7)=0.018354377226752042;
A(24,7)=0.018532588024996906;
A(25,7)=0.018367872119259193;
A(26,7)=0.01852043731494922;
A(27,7)=0.018378917927236227;
A(28,7)=0.018510297953617593;
A(29,7)=0.018388319469135193;
A(30,7)=0.018501486776780266;
A(31,7)=0.018396673862945356;
A(32,7)=0.018493462645610255;
A(33,7)=0.01840449447742856;
A(34,7)=0.01848570939205527;
A(35,7)=0.0184123396602122;
