tLegendre(2)=0.046910077030668004;
tLegendre(3)=0.23076534494715845;
tLegendre(4)=0.5;
tLegendre(5)=0.7692346550528415;
tLegendre(6)=0.953089922969332;
A(2,2)=-10.134081191309084;
A(3,2)=-1.9205120472639154;
A(4,2)=0.6023363194556628;
A(5,2)=-0.48883323055873584;
A(6,2)=1.1035337019266331;
A(2,3)=15.403904170344488;
A(3,3)=-1.5167064343357508;
A(4,3)=-2.8707764846694825;
A(5,3)=1.8571160532876687;
A(6,3)=-3.9207982316665575;
A(2,4)=-8.08708750877533;
A(3,4)=4.805501304328599;
A(4,4)=0.;
A(5,4)=-4.805501304328599;
A(6,4)=8.08708750877533;
A(2,5)=3.9207982316665575;
A(3,5)=-1.8571160532876687;
A(4,5)=2.8707764846694825;
A(5,5)=1.5167064343357508;
A(6,5)=-15.403904170344488;
A(2,6)=-1.1035337019266331;
A(3,6)=0.48883323055873584;
A(4,6)=-0.6023363194556628;
A(5,6)=1.9205120472639154;
A(6,6)=10.134081191309084;
