tLegendre(2)=0.11270166537925831;
tLegendre(3)=0.5;
tLegendre(4)=0.8872983346207417;
A(2,2)=0.1388888888888889;
A(3,2)=0.30026319498086457;
A(4,2)=0.26798833376246944;
A(2,3)=-0.0359766675249389;
A(3,3)=0.2222222222222222;
A(4,3)=0.48042111196938336;
A(2,4)=0.009789444015308325;
A(3,4)=-0.022485417203086815;
A(4,4)=0.1388888888888889;
