tLegendre(2)=0.0005667977899644749;
tLegendre(3)=0.0029840152839546437;
tLegendre(4)=0.007322957975997059;
tLegendre(5)=0.013567807446653963;
tLegendre(6)=0.021694522378596027;
tLegendre(7)=0.03167169052756103;
tLegendre(8)=0.043460721672104054;
tLegendre(9)=0.05701601023819348;
tLegendre(10)=0.07228511528502696;
tLegendre(11)=0.08920896457033202;
tLegendre(12)=0.10772208354980037;
tLegendre(13)=0.12775284888696573;
tLegendre(14)=0.14922376564658887;
tLegendre(15)=0.17205176715728032;
tLegendre(16)=0.1961485364075249;
tLegendre(17)=0.22142084774267498;
tLegendre(18)=0.2477709275462679;
tLegendre(19)=0.2750968325129806;
tLegendre(20)=0.3032928440512174;
tLegendre(21)=0.3322498772902813;
tLegendre(22)=0.361855903110234;
tLegendre(23)=0.39199638156197913;
tLegendre(24)=0.42255470500092707;
tLegendre(25)=0.45341264921995694;
tLegendre(26)=0.48445083083640555;
tLegendre(27)=0.5155491691635944;
tLegendre(28)=0.5465873507800431;
tLegendre(29)=0.5774452949990729;
tLegendre(30)=0.6080036184380209;
tLegendre(31)=0.638144096889766;
tLegendre(32)=0.6677501227097187;
tLegendre(33)=0.6967071559487825;
tLegendre(34)=0.7249031674870194;
tLegendre(35)=0.752229072453732;
tLegendre(36)=0.778579152257325;
tLegendre(37)=0.8038514635924752;
tLegendre(38)=0.8279482328427197;
tLegendre(39)=0.8507762343534111;
tLegendre(40)=0.8722471511130343;
tLegendre(41)=0.8922779164501996;
tLegendre(42)=0.910791035429668;
tLegendre(43)=0.927714884714973;
tLegendre(44)=0.9429839897618065;
tLegendre(45)=0.956539278327896;
tLegendre(46)=0.968328309472439;
tLegendre(47)=0.978305477621404;
tLegendre(48)=0.986432192553346;
tLegendre(49)=0.992677042024003;
tLegendre(50)=0.9970159847160454;
tLegendre(51)=0.9994332022100355;
A(2,2)=0.0007271556382887853;
A(3,2)=0.0015734466690408564;
A(4,2)=0.0013959492340358632;
A(5,2)=0.0014905733674824466;
A(6,2)=0.0014289915247219006;
A(7,2)=0.0014732761247076918;
A(8,2)=0.0014394220916939936;
A(9,2)=0.001466402315734481;
A(10,2)=0.0014442394199163872;
A(11,2)=0.0014628695044594197;
A(12,2)=0.0014469223699008446;
A(13,2)=0.0014607745276235837;
A(14,2)=0.001448595756020245;
A(15,2)=0.0014594124134017137;
A(16,2)=0.0014497223662570656;
A(17,2)=0.0014584677073222298;
A(18,2)=0.001450524053950114;
A(19,2)=0.0014577802060342295;
A(20,2)=0.0014511191568462119;
A(21,2)=0.0014572607579935676;
A(22,2)=0.0014515760106656123;
A(23,2)=0.0014568561729635158;
A(24,2)=0.0014519365897789343;
A(25,2)=0.0014565329135740426;
A(26,2)=0.00145222799556413;
A(27,2)=0.0014562688497807477;
A(28,2)=0.001452468474915279;
A(29,2)=0.0014560487981789333;
A(30,2)=0.0014526707731114192;
A(31,2)=0.0014558619686526868;
A(32,2)=0.0014528441025268568;
A(33,2)=0.0014557004281057827;
A(34,2)=0.0014529953559555072;
A(35,2)=0.0014555581300555772;
A(36,2)=0.0014531298935985563;
A(37,2)=0.0014554302659068254;
A(38,2)=0.0014532520887526748;
A(39,2)=0.0014553127937121317;
A(40,2)=0.001453365749235047;
A(41,2)=0.0014552020433966787;
A(42,2)=0.0014534745099771503;
A(43,2)=0.0014550942968045068;
A(44,2)=0.0014535823210061012;
A(45,2)=0.0014549851688923038;
A(46,2)=0.0014536943040696047;
A(47,2)=0.0014548683134968455;
A(48,2)=0.0014538188961541068;
A(49,2)=0.0014547314716939637;
A(50,2)=0.001453976270123877;
A(51,2)=0.001454533589101779;
A(2,3)=-0.000276877221241562;
A(3,3)=0.0016899497989363503;
A(4,3)=0.0036741070442454188;
A(5,3)=0.0032270933376823533;
A(6,3)=0.0034791280519695443;
A(7,3)=0.0033082732417405694;
A(8,3)=0.0034349394426092055;
A(9,3)=0.003335806108951685;
A(10,3)=0.0034162954102842477;
A(11,3)=0.0033491722198634084;
A(12,3)=0.00340630375058026;
A(13,3)=0.0033568852961678576;
A(14,3)=0.003400195519354066;
A(15,3)=0.0033618245823365807;
A(16,3)=0.0033961313771744797;
A(17,3)=0.003365218376261204;
A(18,3)=0.00339326109902582;
A(19,3)=0.0033676729688262314;
A(20,3)=0.0033911413474565313;
A(21,3)=0.003369519598128515;
A(22,3)=0.0033895199643066347;
A(23,3)=0.0033709534059959503;
A(24,3)=0.0033882437082989993;
A(25,3)=0.0033720963190532445;
A(26,3)=0.003387214407784541;
A(27,3)=0.0033730282478914454;
A(28,3)=0.0033863663567867248;
A(29,3)=0.003373803732720701;
A(30,3)=0.003385653873511102;
A(31,3)=0.0033744613712163043;
A(32,3)=0.00338504406320817;
A(33,3)=0.003375029443578075;
A(34,3)=0.0033845123916479577;
A(35,3)=0.0033755294409392625;
A(36,3)=0.0033840398327406804;
A(37,3)=0.0033759784093198805;
A(38,3)=0.003383610903043167;
A(39,3)=0.0033763906414580854;
A(40,3)=0.003383212153974343;
A(41,3)=0.003376779084091142;
A(42,3)=0.003382830777580806;
A(43,3)=0.003377156823904714;
A(44,3)=0.003382452885476589;
A(45,3)=0.0033775392643629865;
A(46,3)=0.0033820605009720712;
A(47,3)=0.0033779486647529315;
A(48,3)=0.003381624046736797;
A(49,3)=0.00337842798412835;
A(50,3)=0.0033810728501254554;
A(51,3)=0.0033791210244019736;
A(2,4)=0.00021250128678132344;
A(3,4)=-0.0004609335433516655;
A(4,4)=0.002647637095912742;
A(5,4)=0.005762871074181569;
A(6,4)=0.005047567934314116;
A(7,4)=0.005459129149199778;
A(8,4)=0.005175087751045891;
A(9,4)=0.005388898332418571;
A(10,4)=0.005219393155304853;
A(11,4)=0.005358534678968525;
A(12,4)=0.005241405770927393;
A(13,4)=0.005341910028153574;
A(14,4)=0.005254359490421145;
A(15,4)=0.005331564137677266;
A(16,4)=0.005262790370384791;
A(17,4)=0.005324577914167841;
A(18,4)=0.005268662127674733;
A(19,4)=0.0053195822607234235;
A(20,4)=0.005272957879970855;
A(21,4)=0.005315853468640832;
A(22,4)=0.005276221815493188;
A(23,4)=0.005312974728316537;
A(24,4)=0.005278778389264434;
A(25,4)=0.00531068981901084;
A(26,4)=0.005280832566970364;
A(27,4)=0.005308832842936972;
A(28,4)=0.005282520080020117;
A(29,4)=0.005307291629682736;
A(30,4)=0.005283934511128886;
A(31,4)=0.0053059873885607485;
A(32,4)=0.005285142793660992;
A(33,4)=0.00530486274532996;
A(34,4)=0.005286194566232971;
A(35,4)=0.005303874329479534;
A(36,4)=0.005287128131692969;
A(37,4)=0.005302987904114806;
A(38,4)=0.005287974518476593;
A(39,4)=0.005302174890012858;
A(40,4)=0.005288760559651842;
A(41,4)=0.005301409510363408;
A(42,4)=0.005289511702767303;
A(43,4)=0.005300665815671909;
A(44,4)=0.005290255435550135;
A(45,4)=0.005299913371161075;
A(46,4)=0.005291027224898455;
A(47,4)=0.005299108313957898;
A(48,4)=0.005291885298712949;
A(49,4)=0.005298166131714852;
A(50,4)=0.005292968620889087;
A(51,4)=0.005296804158890448;
A(2,5)=-0.00017928716866278383;
A(3,5)=0.00032508062458806806;
A(4,5)=-0.0006349461468271867;
A(5,5)=0.0035952056903713935;
A(6,5)=0.007828871639932898;
A(7,5)=0.006849139819716293;
A(8,5)=0.00741830788123144;
A(9,5)=0.007021746356730946;
A(10,5)=0.007322875652428915;
A(11,5)=0.007082262797400164;
A(12,5)=0.0072811634635753875;
A(13,5)=0.007112681057701946;
A(14,5)=0.007258057117074058;
A(15,5)=0.007130786122493758;
A(16,5)=0.0072435197012241615;
A(17,5)=0.0071426926398222325;
A(18,5)=0.007233606214185945;
A(19,5)=0.007151062336281349;
A(20,5)=0.0072264549021072745;
A(21,5)=0.0071572366504260385;
A(22,5)=0.007221074822133162;
A(23,5)=0.0071619633637180664;
A(24,5)=0.007216891180242875;
A(25,5)=0.007165691510878852;
A(26,5)=0.007213548105906623;
A(27,5)=0.007168706796700467;
A(28,5)=0.007210813511396888;
A(29,5)=0.007171199811125894;
A(30,5)=0.0072085292857774425;
A(31,5)=0.007173302997659763;
A(32,5)=0.007206583436051805;
A(33,5)=0.00717511194897263;
A(34,5)=0.007204893582089239;
A(35,5)=0.007176698378528187;
A(36,5)=0.007203396610086198;
A(37,5)=0.007178118512315223;
A(38,5)=0.007202041727933244;
A(39,5)=0.007179418985191857;
A(40,5)=0.0072007852864176625;
A(41,5)=0.00718064159966826;
A(42,5)=0.007199586140622438;
A(43,5)=0.007181828191252843;
A(44,5)=0.0071984000950987915;
A(45,5)=0.007183027573505266;
A(46,5)=0.007197170386967309;
A(47,5)=0.0071843098223583444;
A(48,5)=0.0071958041197821435;
A(49,5)=0.007185809629309006;
A(50,5)=0.00719407997987683;
A(51,5)=0.007187976951568271;
A(2,6)=0.00015769715513424648;
A(3,6)=-0.00026592196493476584;
A(4,6)=0.00042371155718297924;
A(5,6)=-0.0008042700880428499;
A(6,6)=0.004528890178372348;
A(7,6)=0.009864213593881196;
A(8,6)=0.008624637806965728;
