tLegendre(2)=0.000926308466783547;
tLegendre(3)=0.004874231572657008;
tLegendre(4)=0.011950645333264473;
tLegendre(5)=0.022112393837673862;
tLegendre(6)=0.03529542575663089;
tLegendre(7)=0.051416440353503554;
tLegendre(8)=0.07037353100004692;
tLegendre(9)=0.09204685128492844;
tLegendre(10)=0.11629937853446826;
tLegendre(11)=0.14297778205273265;
tLegendre(12)=0.17191339328399455;
tLegendre(13)=0.202923272521361;
tLegendre(14)=0.23581136566978125;
tLegendre(15)=0.270369743845432;
tLegendre(16)=0.30637991801421927;
tLegendre(17)=0.34361422037590705;
tLegendre(18)=0.3818372437690821;
tLegendre(19)=0.4208073300010811;
tLegendre(20)=0.4602780976956223;
tLegendre(21)=0.5;
tLegendre(22)=0.5397219023043778;
tLegendre(23)=0.5791926699989189;
tLegendre(24)=0.6181627562309179;
tLegendre(25)=0.656385779624093;
tLegendre(26)=0.6936200819857807;
tLegendre(27)=0.729630256154568;
tLegendre(28)=0.7641886343302188;
tLegendre(29)=0.797076727478639;
tLegendre(30)=0.8280866067160054;
tLegendre(31)=0.8570222179472673;
tLegendre(32)=0.8837006214655317;
tLegendre(33)=0.9079531487150716;
tLegendre(34)=0.929626468999953;
tLegendre(35)=0.9485835596464964;
tLegendre(36)=0.9647045742433691;
tLegendre(37)=0.9778876061623262;
tLegendre(38)=0.9880493546667355;
tLegendre(39)=0.995125768427343;
tLegendre(40)=0.9990736915332165;
A(2,2)=-539.2765307216735;
A(3,2)=-72.61313584965083;
A(4,2)=13.327464550657911;
A(5,2)=-4.403735731970303;
A(6,2)=1.9308141751259351;
A(7,2)=-1.0037270484335068;
A(8,2)=0.5854496953451667;
A(9,2)=-0.37131962606611835;
A(10,2)=0.25112644329145073;
A(11,2)=-0.17875606774885616;
A(12,2)=0.132707257467488;
A(13,2)=-0.10207622566149942;
A(14,2)=0.0809489683100783;
A(15,2)=-0.0659364109332645;
A(16,2)=0.05500539641180368;
A(17,2)=-0.046888284237170084;
A(18,2)=0.04076859149204525;
A(19,2)=-0.03610591863218658;
A(20,2)=0.03253463180244292;
A(21,2)=-0.029803294808339913;
A(22,2)=0.027737497301914396;
A(23,2)=-0.02621662093321375;
A(24,2)=0.025159243872336087;
A(25,2)=-0.024514175056265186;
A(26,2)=0.024255446664719037;
A(27,2)=-0.024380454002986978;
A(28,2)=0.024911098593170145;
A(29,2)=-0.025898482489482677;
A(30,2)=0.027432684011166115;
A(31,2)=-0.029660885602834013;
A(32,2)=0.03282065224495729;
A(33,2)=-0.03730302609006961;
A(34,2)=0.04377931328376776;
A(35,2)=-0.053477468768996284;
A(36,2)=0.0688544048006019;
A(37,2)=-0.09549807283915364;
A(38,2)=0.14884310456345498;
A(39,2)=-0.28834362555591964;
A(40,2)=1.0018560554934037;
A(2,3)=883.5831738371205;
A(3,3)=-102.07782284148004;
A(4,3)=-72.42740335196801;
A(5,3)=18.87978850052605;
A(6,3)=-7.609370330032316;
A(7,3)=3.798317505266348;
A(8,3)=-2.1653292025340605;
A(9,3)=1.3539425200395327;
A(10,3)=-0.9070470219589513;
A(11,3)=0.6413835456538935;
A(12,3)=-0.4738662765938329;
A(13,3)=0.36317239001667617;
A(14,3)=-0.2872030563614005;
A(15,3)=0.23342740854752048;
A(16,3)=-0.19438877157600912;
A(17,3)=0.16546752835096595;
A(18,3)=-0.14370323044519406;
A(19,3)=0.12714441419450145;
A(20,3)=-0.11447501721784552;
A(21,3)=0.10479234245913079;
A(22,3)=-0.09747142647957688;
A(23,3)=0.09208057169241614;
A(24,3)=-0.08832841384267325;
A(25,3)=0.08603142779056705;
A(26,3)=-0.08509571415261757;
A(27,3)=0.08551005760397934;
A(28,3)=-0.08734965450301563;
A(29,3)=0.09079237179074416;
A(30,3)=-0.09615286163758567;
A(31,3)=0.10394596512648821;
A(32,3)=-0.11500320072929207;
A(33,3)=0.1306936904087508;
A(34,3)=-0.15336815641584248;
A(35,3)=0.18732684004180836;
A(36,3)=-0.2411740097563244;
A(37,3)=0.3344793259789615;
A(38,3)=-0.5212970321218052;
A(39,3)=1.0098444312202512;
A(40,3)=-3.5086706123245723;
A(2,4)=-617.3728308806461;
A(3,4)=275.72150986222084;
A(4,4)=-41.33269718008505;
A(5,4)=-62.48899117287415;
A(6,4)=19.347241466383814;
A(7,4)=-8.739795393815756;
A(8,4)=4.736542626471113;
A(9,4)=-2.87509531294877;
A(10,4)=1.8897732737134323;
A(11,4)=-1.3190014524649962;
A(12,4)=0.9654707361245257;
A(13,4)=-0.7348493451371262;
A(14,4)=0.5780811374233633;
A(15,4)=-0.46791642732161154;
A(16,4)=0.3883913624516428;
A(17,4)=-0.32973521947614837;
A(18,4)=0.2857462503906384;
A(19,4)=-0.2523675607902612;
A(20,4)=0.22687986984232233;
A(21,4)=-0.2074269594669157;
A(22,4)=0.1927283320097119;
A(23,4)=-0.18190148073607174;
A(24,4)=0.17435103435376087;
A(25,4)=-0.16970080600784862;
A(26,4)=0.16775548412990474;
A(27,4)=-0.1684854070037009;
A(28,4)=0.1720328695564869;
A(29,4)=-0.17874340595693589;
A(30,4)=0.18923238201001946;
A(31,4)=-0.20450928565816065;
A(32,4)=0.22620642678350777;
A(33,4)=-0.25701292736062714;
A(34,4)=0.3015471053999047;
A(35,4)=-0.36825843749476866;
A(36,4)=0.4740543073354201;
A(37,4)=-0.6573901179306654;
A(38,4)=1.0244865508354681;
A(39,4)=-1.9845085993879312;
A(40,4)=6.894911516899738;
A(2,5)=505.9147191009069;
A(3,5)=-178.2464734520677;
A(4,5)=154.97427098606937;
A(5,5)=-22.100447352262844;
A(6,5)=-53.953743890183446;
A(7,5)=18.53627955782931;
A(8,5)=-9.029733808086968;
A(9,5)=5.185624023340763;
A(10,5)=-3.2971145389580916;
A(11,5)=2.251814531682222;
A(12,5)=-1.6235710701890331;
A(13,5)=1.222286237392775;
A(14,5)=-0.9536572335835517;
A(15,5)=0.7670414416067636;
A(16,5)=-0.6335068954520735;
A(17,5)=0.5356828155779034;
A(18,5)=-0.4627077150827796;
A(19,5)=0.4075603790317961;
A(20,5)=-0.3655787638506257;
A(21,5)=0.3336039783584467;
A(22,5)=-0.3094689602063835;
A(23,5)=0.29168553663490887;
A(24,5)=-0.27925067053385;
A(25,5)=0.27152803115001367;
A(26,5)=-0.26818075190705953;
A(27,5)=0.2691432764903619;
A(28,5)=-0.27462888471107744;
A(29,5)=0.28517783205278996;
A(30,5)=-0.30176222154537413;
A(31,5)=0.3259830339765614;
A(32,5)=-0.360433518781267;
A(33,5)=0.40938938584732176;
A(34,5)=-0.48019665345011475;
A(35,5)=0.5862977914901888;
A(36,5)=-0.7545934950843597;
A(37,5)=1.046271118046453;
A(38,5)=-1.6303440392869635;
A(39,5)=3.1578616623122264;
A(40,5)=-10.971112627024498;
A(2,6)=-438.452716411793;
A(3,6)=142.00340650010696;
A(4,6)=-94.84214359998744;
A(5,6)=106.64679459793284;
A(6,6)=-13.647848239762968;
A(7,6)=-47.37191101929496;
A(8,6)=17.46624236147926;
A(9,6)=-8.984182615616644;
A(10,6)=5.389913885666463;
A(11,6)=-3.5534738916649875;
A(12,6)=2.502887361951425;
A(13,6)=-1.8535931780316959;
A(14,6)=1.4289233987960257;
A(15,6)=-1.1388823676598334;
A(16,6)=0.9339788243811402;
A(17,6)=-0.7853337650929166;
A(18,6)=0.6752811733041604;
A(19,6)=-0.5925950156652044;
A(20,6)=0.5299211205077519;
A(21,6)=-0.4823287521231844;
A(22,6)=0.4464620795712167;
A(23,6)=-0.4200286641516699;
A(24,6)=0.4014861585671395;
A(25,6)=-0.38985174752679536;
A(26,6)=0.3845931836078326;
A(27,6)=-0.38558053584544766;
A(28,6)=0.393091765711728;
A(29,6)=-0.4078779992484418;
A(30,6)=0.43131078214813146;
A(31,6)=-0.46566139175171556;
A(32,6)=0.5146176992779059;
A(33,6)=-0.5842670696986146;
A(34,6)=0.6850737122364289;
A(35,6)=-0.8361909464115526;
A(36,6)=1.0759523958078072;
A(37,6)=-1.4915550186655329;
A(38,6)=2.32386238465147;
A(39,6)=-4.500704980742165;
A(40,6)=15.635580684387731;
A(2,7)=390.81512409325364;
A(3,7)=-121.53874707166688;
A(4,7)=73.46103158352649;
A(5,7)=-62.82351608937482;
A(6,7)=81.22586644715403;
A(7,7)=-9.197414367922274;
A(8,7)=-42.320485967807386;
A(9,7)=16.43201622605465;
A(10,7)=-8.811386550343602;
A(11,7)=5.472329698683109;
A(12,7)=-3.715863777713669;
A(13,7)=2.685437783419495;
A(14,7)=-2.034677625782505;
A(15,7)=1.6011030175658016;
A(16,7)=-1.3003206318334044;
A(17,7)=1.085085803390596;
A(18,7)=-0.9273840716643633;
A(19,7)=0.8098346061694901;
A(20,7)=-0.7212615667778521;
A(21,7)=0.6542797362082471;
A(22,7)=-0.6039174708220524;
A(23,7)=0.5668037111889701;
A(24,7)=-0.5406775155825252;
A(25,7)=0.5240921188945487;
A(26,7)=-0.5162447685964057;
A(27,7)=0.5168971595084059;
A(28,7)=-0.5263732676714418;
A(29,7)=0.5456401240280637;
A(30,7)=-0.5764998864528267;
A(31,7)=0.6219591062623012;
A(32,7)=-0.6869151929220361;
A(33,7)=0.7794640500271622;
A(34,7)=-0.91353236985235;
A(35,7)=1.1146195379831172;
A(36,7)=-1.4337680848441938;
A(37,7)=1.987091779768246;
A(38,7)=-3.095340736105294;
A(39,7)=5.994093279460962;
A(40,7)=-20.822198251771944;
A(2,8)=-354.1609330170126;
