tLegendre(2)=0.00048666656632950805;
tLegendre(3)=0.0025624414908305576;
tLegendre(4)=0.006289681301328221;
tLegendre(5)=0.011656835571048381;
tLegendre(6)=0.018646177107038208;
tLegendre(7)=0.027234512417502073;
tLegendre(8)=0.03739332006667426;
tLegendre(9)=0.04908885685764921;
tLegendre(10)=0.06228227296721553;
tLegendre(11)=0.07692974201461353;
tLegendre(12)=0.09298260704321608;
tLegendre(13)=0.11038754232687299;
tLegendre(14)=0.12908673059540784;
tLegendre(15)=0.14901805514041355;
tLegendre(16)=0.17011530618400844;
tLegendre(17)=0.19230840083443632;
tLegendre(18)=0.21552361590239527;
tLegendre(19)=0.23968383280703345;
tLegendre(20)=0.26470879375930884;
tLegendre(21)=0.2905153683723977;
tLegendre(22)=0.3170178298139044;
tLegendre(23)=0.3441281395827659;
tLegendre(24)=0.37175623996500134;
tLegendre(25)=0.39981035319689323;
tLegendre(26)=0.42819728634187193;
tLegendre(27)=0.4568227408683759;
tLegendre(28)=0.4855916259003291;
tLegendre(29)=0.5144083740996709;
tLegendre(30)=0.5431772591316241;
tLegendre(31)=0.5718027136581281;
tLegendre(32)=0.6001896468031068;
tLegendre(33)=0.6282437600349986;
tLegendre(34)=0.6558718604172341;
tLegendre(35)=0.6829821701860956;
tLegendre(36)=0.7094846316276022;
tLegendre(37)=0.7352912062406911;
tLegendre(38)=0.7603161671929666;
tLegendre(39)=0.7844763840976047;
tLegendre(40)=0.8076915991655637;
tLegendre(41)=0.8298846938159916;
tLegendre(42)=0.8509819448595864;
tLegendre(43)=0.8709132694045921;
tLegendre(44)=0.889612457673127;
tLegendre(45)=0.907017392956784;
tLegendre(46)=0.9230702579853864;
tLegendre(47)=0.9377177270327844;
tLegendre(48)=0.9509111431423508;
tLegendre(49)=0.9626066799333257;
tLegendre(50)=0.9727654875824979;
tLegendre(51)=0.9813538228929618;
tLegendre(52)=0.9883431644289516;
tLegendre(53)=0.9937103186986718;
tLegendre(54)=0.9974375585091695;
tLegendre(55)=0.9995133334336704;
A(2,2)=-1026.8972286430517;
A(3,2)=-137.84377392416337;
A(4,2)=25.185911806665278;
A(5,2)=-8.267792382095106;
A(6,2)=3.593997846580353;
A(7,2)=-1.8485054384393746;
A(8,2)=1.0645006956652179;
A(9,2)=-0.6651511890213899;
A(10,2)=0.44220489387586986;
A(11,2)=-0.30872139830513456;
A(12,2)=0.22426469982808853;
A(13,2)=-0.16838404353142808;
A(14,2)=0.13001883634702618;
A(15,2)=-0.10284895216786502;
A(16,2)=0.08309323585291803;
A(17,2)=-0.06839959945123518;
A(18,2)=0.05725506336649207;
A(19,2)=-0.048657670627019506;
A(20,2)=0.041926757911294556;
A(21,2)=-0.03658942305037978;
A(22,2)=0.03231051061641329;
A(23,2)=-0.02884826485209902;
A(24,2)=0.026025562230524154;
A(25,2)=-0.0237108477876604;
A(26,2)=0.021805258566570025;
A(27,2)=-0.020233777504526318;
A(28,2)=0.01893906582433551;
A(29,2)=-0.017877109726761587;
A(30,2)=0.01701411950236758;
A(31,2)=-0.016324310691688083;
A(32,2)=0.01578832099177893;
A(33,2)=-0.015392099089469766;
A(34,2)=0.015126158358101138;
A(35,2)=-0.014985129508244014;
A(36,2)=0.014967578737997606;
A(37,2)=-0.015076086991156418;
A(38,2)=0.015317616544577459;
A(39,2)=-0.015704229130890913;
A(40,2)=0.016254273555701793;
A(41,2)=-0.016994244133786217;
A(42,2)=0.017961649016486562;
A(43,2)=-0.019209466512963083;
A(44,2)=0.020813201049054514;
A(45,2)=-0.022882373120391274;
A(46,2)=0.025579918570673668;
A(47,2)=-0.029156438282037584;
A(48,2)=0.03401406998458058;
A(49,2)=-0.04083394771958271;
A(50,2)=0.050853250583772956;
A(51,2)=-0.0665383088395782;
A(52,2)=0.0934879088245596;
A(53,2)=-0.14715136617485858;
A(54,2)=0.2870077671055189;
A(55,2)=-1.0009742814330584;
A(2,3)=1683.651968637213;
A(3,3)=-194.6251219985891;
A(4,3)=-137.04291861498155;
A(5,3)=35.49017337031517;
A(6,3)=-14.181677644888515;
A(7,3)=7.003844951512387;
A(8,3)=-3.942019530307662;
A(9,3)=2.428338377557342;
A(10,3)=-1.599171912177995;
A(11,3)=1.1090610429393872;
A(12,3)=-0.8017719857929357;
A(13,3)=0.5998115142039987;
A(14,3)=-0.46185551899626187;
A(15,3)=0.36453956713629226;
A(16,3)=-0.29399881320824856;
A(17,3)=0.2416636992536617;
A(18,3)=-0.20205013295814686;
A(19,3)=0.17154149623965514;
A(20,3)=-0.1476893674256157;
A(21,3)=0.12879755735925869;
A(22,3)=-0.1136668534879259;
A(23,3)=0.10143401177423121;
A(24,3)=-0.09146768044505045;
A(25,3)=0.08329963827390208;
A(26,3)=-0.0765784697769333;
A(27,3)=0.07103781144773585;
A(28,3)=-0.06647425525574438;
A(29,3)=0.06273177777686703;
A(30,3)=-0.059690664114973216;
A(31,3)=0.05725959089004121;
A(32,3)=-0.055369981580552854;
A(33,3)=0.05397204516143144;
A(34,3)=-0.053032113173671916;
A(35,3)=0.05253103789560418;
A(36,3)=-0.052463530122911474;
A(37,3)=0.05283841825519318;
A(38,3)=-0.05367991852381803;
A(39,3)=0.05503013984036224;
A(40,3)=-0.056953235411126006;
A(41,3)=0.05954190550416362;
A(42,3)=-0.06292743836334722;
A(43,3)=0.06729531352025274;
A(44,3)=-0.07290991017621969;
A(45,3)=0.08015474465937639;
A(46,3)=-0.08960040795045368;
A(47,3)=0.10212451191107945;
A(48,3)=-0.11913537690162374;
A(49,3)=0.1430184132207308;
A(50,3)=-0.17810638721371042;
A(51,3)=0.23303674119802847;
A(52,3)=-0.32741725933015503;
A(53,3)=0.5153537971019018;
A(54,3)=-1.005151282702718;
A(55,3)=3.505571404097137;
A(2,4)=-1179.057472595787;
A(3,4)=525.2532260088817;
A(4,4)=-78.99211904446504;
A(5,4)=-117.73182498996896;
A(6,4)=36.13892864344415;
A(7,4)=-16.15181493384075;
A(8,4)=8.642274690717963;
A(9,4)=-5.168082744763507;
A(10,4)=3.3391753188008098;
A(11,4)=-2.2858223165632934;
A(12,4)=1.637150406616415;
A(13,4)=-1.216323030823943;
A(14,4)=0.9316401075709156;
A(15,4)=-0.7323124932604609;
A(16,4)=0.5886696780422281;
A(17,4)=-0.4825956128008906;
A(18,4)=0.40260903464427716;
A(19,4)=-0.3411976441404815;
A(20,4)=0.2933083881753101;
A(21,4)=-0.2554593857411771;
A(22,4)=0.22519997933284883;
A(23,4)=-0.20077277905655927;
A(24,4)=0.18089663320522525;
A(25,4)=-0.16462403865994085;
A(26,4)=0.15124553733600454;
A(27,4)=-0.1402244534701657;
A(28,4)=0.13115163993719256;
A(29,4)=-0.12371368530657886;
A(30,4)=0.11767035531598763;
A(31,4)=-0.11283850022795416;
A(32,4)=0.10908059617226461;
A(33,4)=-0.10629670625517093;
A(34,4)=0.10441906862910554;
A(35,4)=-0.10340882124832126;
A(36,4)=0.10325460869329357;
A(37,4)=-0.103973024411779;
A(38,4)=0.10561105762186374;
A(39,4)=-0.10825097900267347;
A(40,4)=0.11201847156138879;
A(41,4)=-0.11709538837577309;
A(42,4)=0.12373946798661886;
A(43,4)=-0.13231498398591457;
A(44,4)=0.14334128951701128;
A(45,4)=-0.15757187970629338;
A(46,4)=0.17612788853560066;
A(47,4)=-0.20073378827625363;
A(48,4)=0.2341569502895248;
A(49,4)=-0.28108481860670564;
A(50,4)=0.3500315618977543;
A(51,4)=-0.45797040538958717;
A(52,4)=0.6434322346319112;
A(53,4)=-1.012739618888069;
A(54,4)=1.9752297105128103;
A(55,4)=-6.888768579155843;
A(2,5)=969.3730681790817;
A(3,5)=-340.67819742921404;
A(4,5)=294.86142956518313;
A(5,5)=-42.38739038380926;
A(6,5)=-101.11052887139051;
A(7,5)=34.368260200985425;
A(8,5)=-16.529209610886596;
A(9,5)=9.351550593396107;
A(10,5)=-5.844711086728577;
A(11,5)=3.9149176069794587;
A(12,5)=-2.7618881948705774;
A(13,5)=2.0295536464264416;
A(14,5)=-1.5417696090616912;
A(15,5)=1.204216762507461;
A(16,5)=-0.9631636518852392;
A(17,5)=0.7864304785485019;
A(18,5)=-0.6539299363207045;
A(19,5)=0.5526774815772746;
A(20,5)=-0.4740252291408744;
A(21,5)=0.41206269237631665;
A(22,5)=-0.3626581384202021;
A(23,5)=0.32286561508813594;
A(24,5)=-0.29054791954030407;
A(25,5)=0.2641309673604746;
A(26,5)=-0.24244028483526534;
A(27,5)=0.22459008056347993;
A(28,5)=-0.2099067340253308;
A(29,5)=0.1978752850168266;
A(30,5)=-0.18810160833536976;
A(31,5)=0.18028551040161198;
A(32,5)=-0.17420161142801685;
A(33,5)=0.16968594146774318;
A(34,5)=-0.166626899294265;
A(35,5)=0.16495973562767138;
A(36,5)=-0.16466411694629748;
A(37,5)=0.1657646697374726;
A(38,5)=-0.16833475686596627;
A(39,5)=0.17250416469686863;
A(40,5)=-0.17847197561963482;
A(41,5)=0.18652681852594657;
A(42,5)=-0.1970782016328703;
A(43,5)=0.21070525190729653;
A(44,5)=-0.22823393445647952;
A(45,5)=0.2508628354408911;
A(46,5)=-0.280375562187481;
A(47,5)=0.3195157661315488;
A(48,5)=-0.37268654298735193;
A(49,5)=0.44734614490716473;
A(50,5)=-0.5570417559610198;
A(51,5)=0.7287802565195598;
