tLegendre(2)=0.0004528280992672078;
tLegendre(3)=0.0023843869594651263;
tLegendre(4)=0.005853142229919245;
tLegendre(5)=0.010849145429871808;
tLegendre(6)=0.017357049047254908;
tLegendre(7)=0.02535676021901868;
tLegendre(8)=0.03482355987625185;
tLegendre(9)=0.045728189789672254;
tLegendre(10)=0.05803694583608623;
tLegendre(11)=0.07171178311862568;
tLegendre(12)=0.08671043392855918;
tLegendre(13)=0.10298653855306675;
tLegendre(14)=0.12048978864743555;
tLegendre(15)=0.13916608277490597;
tLegendre(16)=0.15895769365276477;
tLegendre(17)=0.17980344659649655;
tLegendre(18)=0.20163890861466835;
tLegendre(19)=0.2243965875722327;
tLegendre(20)=0.24800614080780914;
tLegendre(21)=0.2723945925607702;
tLegendre(22)=0.29748655953645436;
tLegendre(23)=0.32320448391252277;
tLegendre(24)=0.3494688730663897;
tLegendre(25)=0.3761985452828314;
tLegendre(26)=0.40331088068236237;
tLegendre(27)=0.4307220765948119;
tLegendre(28)=0.4583474065887823;
tLegendre(29)=0.4861014823563623;
tLegendre(30)=0.5138985176436377;
tLegendre(31)=0.5416525934112177;
tLegendre(32)=0.5692779234051881;
tLegendre(33)=0.5966891193176377;
tLegendre(34)=0.6238014547171686;
tLegendre(35)=0.6505311269336104;
tLegendre(36)=0.6767955160874772;
tLegendre(37)=0.7025134404635457;
tLegendre(38)=0.7276054074392297;
tLegendre(39)=0.7519938591921909;
tLegendre(40)=0.7756034124277673;
tLegendre(41)=0.7983610913853316;
tLegendre(42)=0.8201965534035034;
tLegendre(43)=0.8410423063472352;
tLegendre(44)=0.8608339172250941;
tLegendre(45)=0.8795102113525645;
tLegendre(46)=0.8970134614469333;
tLegendre(47)=0.9132895660714409;
tLegendre(48)=0.9282882168813743;
tLegendre(49)=0.9419630541639138;
tLegendre(50)=0.9542718102103277;
tLegendre(51)=0.9651764401237481;
tLegendre(52)=0.9746432397809813;
tLegendre(53)=0.9826429509527451;
tLegendre(54)=0.9891508545701282;
tLegendre(55)=0.9941468577700807;
tLegendre(56)=0.9976156130405349;
tLegendre(57)=0.9995471719007328;
A(2,2)=-1103.671534929119;
A(3,2)=-148.1141884039626;
A(4,2)=27.05305776713707;
A(5,2)=-8.87625916387351;
A(6,2)=3.855955795609829;
A(7,2)=-1.9816195160982364;
A(8,2)=1.1400437305949116;
A(9,2)=-0.7115439834470094;
A(10,2)=0.47243214925290145;
A(11,2)=-0.32934007683416655;
A(12,2)=0.23885079228821426;
A(13,2)=-0.17901066889507708;
A(14,2)=0.13794910092493612;
A(15,2)=-0.10888482530488193;
A(16,2)=0.08776187943268818;
A(17,2)=-0.07205792183031592;
A(18,2)=0.060150904480420396;
A(19,2)=-0.05096692639380503;
A(20,2)=0.04377662483089732;
A(21,2)=-0.03807335780279677;
A(22,2)=0.0334980924579466;
A(23,2)=-0.02979183597443721;
A(24,2)=0.02676478066778065;
A(25,2)=-0.02427585669824224;
A(26,2)=0.0222189181326119;
A(27,2)=-0.020513247655986916;
A(28,2)=0.01909692861158495;
A(29,2)=-0.017922156063828784;
A(30,2)=0.01695188245032861;
A(31,2)=-0.01615739813191852;
A(32,2)=0.01551657921913174;
A(33,2)=-0.01501262204472042;
A(34,2)=0.014633142347352543;
A(35,2)=-0.014369558112970813;
A(36,2)=0.014216704876439999;
A(37,2)=-0.01417265578438259;
A(38,2)=0.01423873942558904;
A(39,2)=-0.014419769577088746;
A(40,2)=0.014724526222602447;
A(41,2)=-0.015166561456618786;
A(42,2)=0.015765455042788822;
A(43,2)=-0.016548725935987683;
A(44,2)=0.01755474253644325;
A(45,2)=-0.018837212565235274;
A(46,2)=0.02047226635871185;
A(47,2)=-0.02256996967385302;
A(48,2)=0.025293742839452384;
A(49,2)=-0.02889462881242205;
A(50,2)=0.03377518356564206;
A(51,2)=-0.04061695680494685;
A(52,2)=0.05065756891498623;
A(53,2)=-0.06636386094506269;
A(54,2)=0.09333527983838427;
A(55,2)=-0.1470221273097654;
A(56,2)=0.28690528492752404;
A(57,2)=-1.0009064771551888;
A(2,3)=1809.6202315857176;
A(3,3)=-209.19631148603324;
A(4,3)=-147.2167115569242;
A(5,3)=38.10573302965662;
A(6,3)=-15.216808450826859;
A(7,3)=7.508924202754206;
A(8,3)=-4.222171855842644;
A(9,3)=2.597957588914561;
A(10,3)=-1.7086472555008179;
A(11,3)=1.1832446043148501;
A(12,3)=-0.8539997308918674;
A(13,3)=0.6377253926950858;
A(14,3)=-0.49007155237772515;
A(15,3)=0.385969268348974;
A(16,3)=-0.3105461715430728;
A(17,3)=0.2546125042079947;
A(18,3)=-0.21228890471509684;
A(19,3)=0.17969912268934832;
A(20,3)=-0.15421960224414724;
A(21,3)=0.13403317387323668;
A(22,3)=-0.1178552222075023;
A(23,3)=0.10476098457516636;
A(24,3)=-0.09407392610978758;
A(25,3)=0.08529199009752746;
A(26,3)=-0.07803790319456534;
A(27,3)=0.07202509360278381;
A(28,3)=-0.06703394749617336;
A(29,3)=0.06289504004393398;
A(30,3)=-0.059477156660815295;
A(31,3)=0.056678663329956414;
A(32,3)=-0.054421262911223595;
A(33,3)=0.052645488419950516;
A(34,3)=-0.05130749563264932;
A(35,3)=0.050376864197726114;
A(36,3)=-0.04983522331809435;
A(37,3)=0.04967560187498355;
A(38,3)=-0.049902476366400224;
A(39,3)=0.05053256473424235;
A(40,3)=-0.05159650288258644;
A(41,3)=0.05314166096383944;
A(42,3)=-0.05523653587208311;
A(43,3)=0.05797744209574638;
A(44,3)=-0.0614987010838969;
A(45,3)=0.06598836328809136;
A(46,3)=-0.0717130132035507;
A(47,3)=0.07905808757063693;
A(48,3)=-0.08859588305563366;
A(49,3)=0.10120556724543532;
A(50,3)=-0.11829693170079501;
A(51,3)=0.1422568481594015;
A(52,3)=-0.17741963373516512;
A(53,3)=0.23242452487302767;
A(54,3)=-0.3268816250058354;
A(55,3)=0.5149002499505938;
A(56,3)=-1.0047916240909243;
A(57,3)=3.50533337655464;
A(2,4)=-1267.4930716784465;
A(3,4)=564.5411022229711;
A(4,4)=-84.92125748367656;
A(5,4)=-126.43037044009537;
A(6,4)=38.78345264747735;
A(7,4)=-17.3195909137393;
A(8,4)=9.258063393369849;
A(9,4)=-5.530024842106042;
A(10,4)=3.5683795945964065;
A(11,4)=-2.4391352628783736;
A(12,4)=1.7440924913495344;
A(13,4)=-1.2934261344194236;
A(14,4)=0.9887238466394114;
A(15,4)=-0.7754925494203787;
A(16,4)=0.6219064040315434;
A(17,4)=-0.5085387317473515;
A(18,4)=0.42308106963237607;
A(19,4)=-0.35748205036052527;
A(20,4)=0.3063273561899236;
A(21,4)=-0.2658869069375795;
A(22,4)=0.2335356455466261;
A(23,4)=-0.20739105724562867;
A(24,4)=0.18608041284677876;
A(25,4)=-0.16858784648601377;
A(26,4)=0.15415180623645708;
A(27,4)=-0.14219501485835484;
A(28,4)=0.13227585109352188;
A(29,4)=-0.12405411905550187;
A(30,4)=0.11726666090354142;
A(31,4)=-0.11170982687840209;
A(32,4)=0.10722681439188556;
A(33,4)=-0.10369854013816289;
A(34,4)=0.10103714614152869;
A(35,4)=-0.09918154267992631;
A(36,4)=0.09809460966292564;
A(37,4)=-0.09776184827287306;
A(38,4)=0.09819142275718933;
A(39,4)=-0.09941568146800137;
A(40,4)=0.10149442222831975;
A(41,4)=-0.10452040455762088;
A(42,4)=0.10862796451212266;
A(43,4)=-0.1140061498724972;
A(44,4)=0.12091873309612437;
A(45,4)=-0.12973509860750343;
A(46,4)=0.14097898057182698;
A(47,4)=-0.15540768655224896;
A(48,4)=0.17414573423239027;
A(49,4)=-0.1989206797009137;
A(50,4)=0.23250280812708457;
A(51,4)=-0.2795824553526389;
A(52,4)=0.3486768555571913;
A(53,4)=-0.4567627767272625;
A(54,4)=0.6423756786605465;
A(55,4)=-1.0118449447525226;
A(56,4)=1.974520090605295;
A(57,4)=-6.888298149236343;
A(2,5)=1042.3437619658562;
A(3,5)=-366.252449749294;
A(4,5)=316.88608852663435;
A(5,5)=-45.58109512002998;
A(6,5)=-108.53669514914293;
A(7,5)=36.86232111116321;
A(8,5)=-17.711395431666936;
A(9,5)=10.008974912744623;
A(10,5)=-6.247451973358189;
A(11,5)=4.178532270821605;
A(12,5)=-2.943027836090545;
A(13,5)=2.1587391485592504;
A(14,5)=-1.6366385955428993;
A(15,5)=1.2755333965360218;
A(16,5)=-1.01779165825238;
A(17,5)=0.8289070968961111;
A(18,5)=-0.6873461776051176;
A(19,5)=0.5791933055186008;
A(20,5)=-0.49518282847577616;
A(21,5)=0.4289833394697025;
A(22,5)=-0.37616940448440356;
A(23,5)=0.3335856138955726;
A(24,5)=-0.2989422674877981;
A(25,5)=0.2705519726539572;
A(26,5)=-0.2471542807286534;
A(27,5)=0.22779666055813008;
A(28,5)=-0.21175231782532677;
A(29,5)=0.19846260253323794;
A(30,5)=-0.18749614025232156;
A(31,5)=0.17851955254543264;
A(32,5)=-0.17127636567174678;
A(33,5)=0.16557183226358554;
A(34,5)=-0.16126213955061142;
A(35,5)=0.15824699166576361;
A(36,5)=-0.156464922600903;
A(37,5)=0.15589098084378214;
A(38,5)=-0.156536671223173;
A(39,5)=0.1584522827774289;
A(40,5)=-0.16173201541589638;
A(41,5)=0.1665226986393835;
A(42,5)=-0.17303745944992371;
A(43,5)=0.1815765920434217;
