tLegendre(2)=0.0008811451447203998;
tLegendre(3)=0.004636880650271497;
tLegendre(4)=0.011370025008112869;
tLegendre(5)=0.021041590393104173;
tLegendre(6)=0.03359359586066173;
tLegendre(7)=0.04895059651556285;
tLegendre(8)=0.06702024839387025;
tLegendre(9)=0.08769388458334416;
tLegendre(10)=0.1108471742867403;
tLegendre(11)=0.13634087240503645;
tLegendre(12)=0.16402165769291022;
tLegendre(13)=0.19372305516600988;
tLegendre(14)=0.2252664374524359;
tLegendre(15)=0.25846209915691065;
tLegendre(16)=0.2931103978141975;
tLegendre(17)=0.32900295458712076;
tLegendre(18)=0.36592390749637316;
tLegendre(19)=0.40365120964931445;
tLegendre(20)=0.4419579646623724;
tLegendre(21)=0.48061379124697456;
tLegendre(22)=0.5193862087530254;
tLegendre(23)=0.5580420353376276;
tLegendre(24)=0.5963487903506856;
tLegendre(25)=0.6340760925036268;
tLegendre(26)=0.6709970454128792;
tLegendre(27)=0.7068896021858025;
tLegendre(28)=0.7415379008430893;
tLegendre(29)=0.7747335625475641;
tLegendre(30)=0.8062769448339902;
tLegendre(31)=0.8359783423070898;
tLegendre(32)=0.8636591275949635;
tLegendre(33)=0.8891528257132597;
tLegendre(34)=0.9123061154166558;
tLegendre(35)=0.9329797516061298;
tLegendre(36)=0.9510494034844371;
tLegendre(37)=0.9664064041393383;
tLegendre(38)=0.9789584096068958;
tLegendre(39)=0.9886299749918871;
tLegendre(40)=0.9953631193497285;
tLegendre(41)=0.9991188548552796;
A(2,2)=-566.9429626550397;
A(3,2)=-76.3141313676593;
A(4,2)=14.000243374981045;
A(5,2)=-4.622925029184028;
A(6,2)=2.0251243717911303;
A(7,2)=-1.0515960156325586;
A(8,2)=0.6125610754524146;
A(9,2)=-0.38791461774563907;
A(10,2)=0.26188342773209694;
A(11,2)=-0.18603686030432945;
A(12,2)=0.13779916607872608;
A(13,2)=-0.10572466477964744;
A(14,2)=0.0836070878411168;
A(15,2)=-0.0678907492573281;
A(16,2)=0.056442936136099686;
A(17,2)=-0.04793401106345198;
A(18,2)=0.04150738764035159;
A(19,2)=-0.03659573613109666;
A(20,2)=0.03281459645046431;
A(21,2)=-0.02989873095055266;
A(22,2)=0.027662984068451538;
A(23,2)=-0.02597769888535203;
A(24,2)=0.024753094682443456;
A(25,2)=-0.02392939410750917;
A(26,2)=0.02347085696321783;
A(27,2)=-0.023362718790440273;
A(28,2)=0.023610618316464344;
A(29,2)=-0.024242608050754278;
A(30,2)=0.025314443284076883;
A(31,2)=-0.02691977252370727;
A(32,2)=0.029208559872635962;
A(33,2)=-0.03242057725781314;
A(34,2)=0.03694865922395988;
A(35,2)=-0.04346561612141502;
A(36,2)=0.053200728493655675;
A(37,2)=-0.06861216792489763;
A(38,2)=0.09528922747171353;
A(39,2)=-0.1486682306079309;
A(40,2)=0.28820602101101955;
A(41,2)=-1.001765401439254;
A(2,3)=928.9771567993944;
A(3,3)=-107.3287834644664;
A(4,3)=-76.09336774567754;
A(5,3)=19.82204483371112;
A(6,3)=-7.982069808093653;
A(7,3)=3.979971512329709;
A(8,3)=-2.2658904934108217;
A(9,3)=1.4146316814936624;
A(10,3)=-0.9460192746398917;
A(11,3)=0.6675907262814248;
A(12,3)=-0.49210933948665686;
A(13,3)=0.37619931502133186;
A(14,3)=-0.2966701326686042;
A(15,3)=0.24037517596549018;
A(16,3)=-0.19949286621730414;
A(17,3)=0.16917784173912911;
A(18,3)=-0.14632441983027666;
A(19,3)=0.1288840619549222;
A(20,3)=-0.11547312549564678;
A(21,3)=0.1051395654264169;
A(22,3)=-0.09722014736298229;
A(23,3)=0.0912511059723517;
A(24,3)=-0.08691153018307816;
A(25,3)=0.08398764106195811;
A(26,3)=-0.08235118967770301;
A(27,3)=0.08194828870293894;
A(28,3)=-0.08279711913962017;
A(29,3)=0.08499478237700425;
A(30,3)=-0.08873569636924035;
A(31,3)=0.09434719783897805;
A(32,3)=-0.10235400051913592;
A(33,3)=0.11359544788998344;
A(34,3)=-0.1294470106876644;
A(35,3)=0.15226473358019998;
A(36,3)=-0.18635354297846338;
A(37,3)=0.2403221526337434;
A(38,3)=-0.333744952094683;
A(39,3)=0.5206821395924189;
A(40,3)=-1.009360568982928;
A(41,3)=3.508351666631771;
A(2,4)=-649.241380201044;
A(3,4)=289.87939273917544;
A(4,4)=-43.469526673202225;
A(5,4)=-65.62291244109231;
A(6,4)=20.29954217091905;
A(7,4)=-9.159884984660483;
A(8,4)=4.957652592167319;
A(9,4)=-3.0046548148814227;
A(10,4)=1.9714171577031478;
A(11,4)=-1.3732062995783327;
A(12,4)=1.0028645079464216;
A(13,4)=-0.7613775381054725;
A(14,4)=0.5972680543671285;
A(15,4)=-0.48194872709085557;
A(16,4)=0.39867545949822414;
A(17,4)=-0.3372008439473578;
A(18,4)=0.29101957436602177;
A(19,4)=-0.25587361058046904;
A(20,4)=0.22890471798076856;
A(21,4)=-0.20815594559179149;
A(22,4)=0.1922692288156499;
A(23,4)=-0.18029752581089303;
A(24,4)=0.17158640453922644;
A(25,4)=-0.16569955771676714;
A(26,4)=0.1623737181866651;
A(27,4)=-0.16149505531311703;
A(28,4)=0.16309360429486583;
A(29,4)=-0.16735603393963164;
A(30,4)=0.17466133166648634;
A(31,4)=-0.18565044917458912;
A(32,4)=0.20135275036161843;
A(33,4)=-0.22341626963953062;
A(34,4)=0.25454286336676846;
A(35,4)=-0.29936150439895337;
A(36,4)=0.36633102795574846;
A(37,4)=-0.4723676747477454;
A(38,4)=0.6559362416186468;
A(39,4)=-1.0232691926202473;
A(40,4)=1.9835503002002273;
A(41,4)=-6.894277809800634;
A(2,5)=532.2098532844618;
A(3,5)=-187.46251737265817;
A(4,5)=162.91120440766852;
A(5,5)=-23.25171544610406;
A(6,5)=-56.62845228356127;
A(7,5)=19.43375648971393;
A(8,5)=-9.45441012547272;
A(9,5)=5.4211014400875515;
A(10,5)=-3.440695575331359;
A(11,5)=2.3451229971566505;
A(12,5)=-1.6870033491619039;
A(13,5)=1.266820397274225;
A(14,5)=-0.9856255073576383;
A(15,5)=0.7902948428501346;
A(16,5)=-0.6504854131007276;
A(17,5)=0.5479812074499791;
A(18,5)=-0.47139095557496186;
A(19,5)=0.41334702644515925;
A(20,5)=-0.3689508467953539;
A(21,5)=0.33487390618508855;
A(22,5)=-0.30881990575217333;
A(23,5)=0.2891942719576706;
A(24,5)=-0.2748975650235732;
A(25,5)=0.26519617486538594;
A(26,5)=-0.2596440092865218;
A(27,5)=0.25804083053990756;
A(28,5)=-0.26042076960214544;
A(29,5)=0.26707093339802507;
A(30,5)=-0.2785870510902676;
A(31,5)=0.29598352489522534;
A(32,5)=-0.3208941018480808;
A(33,5)=0.35593788280937005;
A(34,5)=-0.4054114551572678;
A(35,5)=0.4766782532489562;
A(36,5)=-0.5831959917099451;
A(37,5)=0.7518797318739483;
A(38,5)=-1.043931978165649;
A(39,5)=1.6283849521713567;
A(40,5)=-3.156317595129413;
A(41,5)=10.970081810143835;
A(2,6)=-461.44732953436454;
A(3,6)=149.4121408762407;
A(4,6)=-99.74383744459523;
A(5,6)=112.08282495195951;
A(6,6)=-14.366408544643484;
A(7,6)=-49.687473336686665;
A(8,6)=18.29574211829037;
A(9,6)=-9.396264680508354;
A(10,6)=5.627081077805974;
A(11,6)=-3.7023212308128515;
A(12,6)=2.6017920925668454;
A(13,6)=-1.9219483939578343;
A(14,6)=1.47744771436013;
A(15,6)=-1.1738995553543534;
A(16,6)=0.9594073086175801;
A(17,6)=-0.8036923566433811;
A(18,6)=0.6882312789149319;
A(19,6)=-0.6012478637826676;
A(20,6)=0.5350183516973374;
A(21,6)=-0.4843508909034934;
A(22,6)=0.4456935411143997;
A(23,6)=-0.4165946831801198;
A(24,6)=0.3953696952874296;
A(25,6)=-0.3808938922914783;
A(26,6)=0.3724771867114409;
A(27,6)=-0.36979621765801396;
A(28,6)=0.37287260335997446;
A(29,6)=-0.38209597976560256;
A(30,6)=0.398301008487079;
A(31,6)=-0.42292267073476886;
A(32,6)=0.4582811944541775;
A(33,6)=-0.5081029275192109;
A(34,6)=0.578506190383068;
A(35,6)=-0.6799809077763449;
A(36,6)=0.8317027961795692;
A(37,6)=-1.0720264463834972;
A(38,6)=1.488170715854398;
A(39,6)=-2.321025970310709;
A(40,6)=4.498463204191134;
A(41,6)=-15.634052951772425;
A(2,7)=411.5406480933687;
A(3,7)=-127.95100429734075;
A(4,7)=77.30066298741056;
A(5,7)=-66.062423463881;
A(6,7)=85.33757184125614;
A(7,7)=-9.688645077810556;
A(8,7)=-44.35471730996882;
A(9,7)=17.19511296175011;
A(10,7)=-9.20411051220485;
A(11,7)=5.704636685535203;
A(12,7)=-3.864774831490793;
A(13,7)=2.7859524116574508;
A(14,7)=-2.1048834495921054;
A(15,7)=1.6511950575034429;
A(16,7)=-1.3364140249272445;
A(17,7)=1.1110191338677888;
A(18,7)=-0.945645476362789;
A(19,7)=0.8220677963240741;
A(20,7)=-0.7285552834473773;
A(21,7)=0.657338259567663;
A(22,7)=-0.6031616777365381;
A(23,7)=0.5624286182451056;
A(24,7)=-0.5326797835242546;
A(25,7)=0.5122736570392983;
A(26,7)=-0.5001934001132057;
A(27,7)=0.4959404746744656;
A(28,7)=-0.49949566717427857;
A(29,7)=0.5113433531210412;
A(30,7)=-0.5325698507840727;
A(31,7)=0.5650674241781443;
A(32,7)=-0.611911812360226;
A(33,7)=0.6780545472691791;
