tLegendre(2)=0.010885670926971503;
tLegendre(3)=0.05646870011595235;
tLegendre(4)=0.13492399721297535;
tLegendre(5)=0.2404519353965941;
tLegendre(6)=0.3652284220238275;
tLegendre(7)=0.5;
tLegendre(8)=0.6347715779761725;
tLegendre(9)=0.759548064603406;
tLegendre(10)=0.8650760027870247;
tLegendre(11)=0.9435312998840476;
tLegendre(12)=0.9891143290730285;
A(2,2)=-45.4264387446431;
A(3,2)=-6.566134235461972;
A(4,2)=1.3385457588312444;
A(5,2)=-0.5167703234461064;
A(6,2)=0.27991415497891337;
A(7,2)=-0.19162569807728044;
A(8,2)=0.15898027287601144;
A(9,2)=-0.15845998642954875;
A(10,2)=0.19437234231054054;
A(11,2)=-0.3209196282284883;
A(12,2)=1.022255882275218;
A(2,3)=73.29660815731451;
A(3,3)=-8.324538592994246;
A(4,3)=-7.070561577079952;
A(5,3)=2.1543409755081515;
A(6,3)=-1.07328443919217;
A(7,3)=0.7060361257697382;
A(8,3)=-0.5730336431995463;
A(9,3)=0.5637523195700569;
A(10,3)=-0.6860227546055876;
A(11,3)=1.1273161558850862;
A(12,3)=-3.582369686141453;
A(2,4)=-48.55735061770704;
A(3,4)=22.97743511789622;
A(4,4)=-3.1278061049100176;
A(5,4)=-6.770941478039034;
A(6,4)=2.5939225918299726;
A(7,4)=-1.5462927849635062;
A(8,4)=1.1951480281311817;
A(9,4)=-1.1439256523120487;
A(10,4)=1.3695778308707032;
A(11,4)=-2.229390574073786;
A(12,4)=7.051089522855678;
A(2,5)=36.71861569135455;
A(3,5)=-13.712891987024902;
A(4,5)=13.262214077632729;
A(5,5)=-1.4211314685529373;
A(6,5)=-6.700543450579562;
A(7,5)=3.0439723864308235;
A(8,5)=-2.1202856261153875;
A(9,5)=1.92642546097968;
A(10,5)=-2.2406022765170612;
A(11,5)=3.588417410979001;
A(12,5)=-11.25922112818589;
A(2,6)=-28.452998027868322;
A(3,6)=9.773359745769383;
A(4,6)=-7.268393379808168;
A(5,6)=9.585713982905753;
A(6,6)=-0.5813213501272695;
A(7,6)=-7.011604468844582;
A(8,6)=3.7099810472531503;
A(9,6)=-3.033254201530533;
A(10,6)=3.348907189027202;
A(11,6)=-5.2180612491068326;
A(12,6)=16.16018807963422;
A(2,7)=21.81350621198718;
A(3,7)=-7.199867932729504;
A(4,7)=4.852233556419962;
A(5,7)=-4.876673748098222;
A(6,7)=7.852102572035525;
A(7,7)=0.;
A(8,7)=-7.852102572035525;
A(9,7)=4.876673748098222;
A(10,7)=-4.852233556419962;
A(11,7)=7.199867932729504;
A(12,7)=-21.81350621198718;
A(2,8)=-16.16018807963422;
A(3,8)=5.2180612491068326;
A(4,8)=-3.348907189027202;
A(5,8)=3.033254201530533;
A(6,8)=-3.7099810472531503;
A(7,8)=7.011604468844582;
A(8,8)=0.5813213501272695;
A(9,8)=-9.585713982905753;
A(10,8)=7.268393379808168;
A(11,8)=-9.773359745769383;
A(12,8)=28.452998027868322;
A(2,9)=11.25922112818589;
A(3,9)=-3.588417410979001;
A(4,9)=2.2406022765170612;
A(5,9)=-1.92642546097968;
A(6,9)=2.1202856261153875;
A(7,9)=-3.0439723864308235;
A(8,9)=6.700543450579562;
A(9,9)=1.4211314685529373;
A(10,9)=-13.262214077632729;
A(11,9)=13.712891987024902;
A(12,9)=-36.71861569135455;
A(2,10)=-7.051089522855678;
A(3,10)=2.229390574073786;
A(4,10)=-1.3695778308707032;
A(5,10)=1.1439256523120487;
A(6,10)=-1.1951480281311817;
A(7,10)=1.5462927849635062;
A(8,10)=-2.5939225918299726;
A(9,10)=6.770941478039034;
A(10,10)=3.1278061049100176;
A(11,10)=-22.97743511789622;
A(12,10)=48.55735061770704;
A(2,11)=3.582369686141453;
A(3,11)=-1.1273161558850862;
A(4,11)=0.6860227546055876;
A(5,11)=-0.5637523195700569;
A(6,11)=0.5730336431995463;
A(7,11)=-0.7060361257697382;
A(8,11)=1.07328443919217;
A(9,11)=-2.1543409755081515;
A(10,11)=7.070561577079952;
A(11,11)=8.324538592994246;
A(12,11)=-73.29660815731451;
A(2,12)=-1.022255882275218;
A(3,12)=0.3209196282284883;
A(4,12)=-0.19437234231054054;
A(5,12)=0.15845998642954875;
A(6,12)=-0.15898027287601144;
A(7,12)=0.19162569807728044;
A(8,12)=-0.27991415497891337;
A(9,12)=0.5167703234461064;
A(10,12)=-1.3385457588312444;
A(11,12)=6.566134235461972;
A(12,12)=45.4264387446431;
