tLegendre(2)=0.025446043828620736;
tLegendre(3)=0.12923440720030277;
tLegendre(4)=0.2970774243113014;
tLegendre(5)=0.5;
tLegendre(6)=0.7029225756886985;
tLegendre(7)=0.8707655927996972;
tLegendre(8)=0.9745539561713793;
A(2,2)=-19.136364674931517;
A(3,2)=-3.0774001000648723;
A(4,2)=0.7387869060896345;
A(5,2)=-0.36940282716127587;
A(6,2)=0.29621351847078126;
A(7,2)=-0.37784329040344034;
A(8,2)=1.053620970803647;
A(2,3)=30.16606823731514;
A(3,3)=-3.2947313587633413;
A(4,3)=-3.7433740507476227;
A(5,3)=1.4803137098096304;
A(6,3)=-1.0951928754396307;
A(7,3)=1.3485609498563167;
A(8,3)=-3.703790898389062;
A(2,4)=-18.345135707627954;
A(3,4)=9.482660870502983;
A(4,4)=-0.9717470358146979;
A(5,4)=-4.304833082923762;
A(6,4)=2.4639939558378403;
A(7,4)=-2.774326712958563;
A(8,4)=7.355405394963975;
A(2,5)=12.020667612622887;
A(3,5)=-4.914138465180456;
A(4,5)=5.641348779341677;
A(5,5)=0.;
A(6,5)=-5.641348779341677;
A(7,5)=4.914138465180456;
A(8,5)=-12.020667612622887;
A(2,6)=-7.355405394963975;
A(3,6)=2.774326712958563;
A(4,6)=-2.4639939558378403;
A(5,6)=4.304833082923762;
A(6,6)=0.9717470358146979;
A(7,6)=-9.482660870502983;
A(8,6)=18.345135707627954;
A(2,7)=3.703790898389062;
A(3,7)=-1.3485609498563167;
A(4,7)=1.0951928754396307;
A(5,7)=-1.4803137098096304;
A(6,7)=3.7433740507476227;
A(7,7)=3.2947313587633413;
A(8,7)=-30.16606823731514;
A(2,8)=-1.053620970803647;
A(3,8)=0.37784329040344034;
A(4,8)=-0.29621351847078126;
A(5,8)=0.36940282716127587;
A(6,8)=-0.7387869060896345;
A(7,8)=3.0774001000648723;
A(8,8)=19.136364674931517;
