tLegendre(2)=0.0006981774090316809;
tLegendre(3)=0.0036750007763981293;
tLegendre(4)=0.009015642482729716;
tLegendre(5)=0.016695844801552697;
tLegendre(6)=0.02667915450218547;
tLegendre(7)=0.038918031640499805;
tLegendre(8)=0.05335416412337913;
tLegendre(9)=0.06991876201966789;
tLegendre(10)=0.08853288974895683;
tLegendre(11)=0.10910784370304685;
tLegendre(12)=0.13154557552725482;
tLegendre(13)=0.15573915961439974;
tLegendre(14)=0.18157330277338832;
tLegendre(15)=0.2089248937153234;
tLegendre(16)=0.23766358976854196;
tLegendre(17)=0.26765243804018246;
tLegendre(18)=0.29874852807072905;
tLegendre(19)=0.3308036728746989;
tLegendre(20)=0.3636651151238112;
tLegendre(21)=0.3971762551083681;
tLegendre(22)=0.4311773970083735;
tLegendre(23)=0.4655065099184279;
tLegendre(24)=0.5;
tLegendre(25)=0.5344934900815721;
tLegendre(26)=0.5688226029916266;
tLegendre(27)=0.6028237448916318;
tLegendre(28)=0.6363348848761888;
tLegendre(29)=0.6691963271253011;
tLegendre(30)=0.701251471929271;
tLegendre(31)=0.7323475619598175;
tLegendre(32)=0.762336410231458;
tLegendre(33)=0.7910751062846766;
tLegendre(34)=0.8184266972266117;
tLegendre(35)=0.8442608403856002;
tLegendre(36)=0.8684544244727451;
tLegendre(37)=0.8908921562969532;
tLegendre(38)=0.9114671102510432;
tLegendre(39)=0.9300812379803322;
tLegendre(40)=0.9466458358766209;
tLegendre(41)=0.9610819683595002;
tLegendre(42)=0.9733208454978145;
tLegendre(43)=0.9833041551984473;
tLegendre(44)=0.9909843575172703;
tLegendre(45)=0.9963249992236018;
tLegendre(46)=0.9993018225909683;
A(2,2)=0.0008956657888208897;
A(3,2)=0.0019380752417632757;
A(4,2)=0.0017194448477663225;
A(5,2)=0.0018359968643810814;
A(6,2)=0.00176014450886071;
A(7,2)=0.00181469090595185;
A(8,2)=0.001772992610941851;
A(9,2)=0.0018062236949609347;
A(10,2)=0.0017789268919542185;
A(11,2)=0.0018018714741940085;
A(12,2)=0.0017822324474329224;
A(13,2)=0.0017992899925362133;
A(14,2)=0.0017842948098215272;
A(15,2)=0.0017976108491952441;
A(16,2)=0.0017856840782874686;
A(17,2)=0.0017964454148050595;
A(18,2)=0.0017866735977535124;
A(19,2)=0.0017955962721709299;
A(20,2)=0.0017874092283156637;
A(21,2)=0.0017949534989173857;
A(22,2)=0.0017879752667036952;
A(23,2)=0.001794451437271623;
A(24,2)=0.0017884235747489933;
A(25,2)=0.0017940485952002243;
A(26,2)=0.0017887877434106059;
A(27,2)=0.0017937174738540328;
A(28,2)=0.0017890905258046963;
A(29,2)=0.0017934390487585581;
A(30,2)=0.0017893479974472443;
A(31,2)=0.0017931995865357502;
A(32,2)=0.0017895720298130996;
A(33,2)=0.0017929886899715705;
A(34,2)=0.001789771866711666;
A(35,2)=0.0017927979940046631;
A(36,2)=0.0017899552406628607;
A(37,2)=0.0017926201637140412;
A(38,2)=0.001790129332029161;
A(39,2)=0.001792447896456929;
A(40,2)=0.0017903019159630738;
A(41,2)=0.0017922724518650652;
A(42,2)=0.001790483467843286;
A(43,2)=0.0017920802786113696;
A(44,2)=0.0017906932662855133;
A(45,2)=0.0017918401363131876;
A(46,2)=0.0017909942211793133;
A(2,3)=-0.00034091267907859253;
A(3,3)=0.00208079732405456;
A(4,3)=0.00452384554922746;
A(5,3)=0.003973448112420419;
A(6,3)=0.004283771641444327;
A(7,3)=0.004073404046126314;
A(8,3)=0.004229361928096558;
A(9,3)=0.0041073062880074215;
A(10,3)=0.004206403898995303;
A(11,3)=0.004123766182906474;
A(12,3)=0.004194098393696566;
A(13,3)=0.004133266663852626;
A(14,3)=0.004186573326313758;
A(15,3)=0.004139353088395978;
A(16,3)=0.004181563731379901;
A(17,3)=0.004143538083395591;
A(18,3)=0.004178022467692737;
A(19,3)=0.004146568470800683;
A(20,3)=0.0041754033178120434;
A(21,3)=0.004148852484866035;
A(22,3)=0.004173395367756426;
A(23,3)=0.004150630893812311;
A(24,3)=0.004171809373700781;
A(25,3)=0.004152054462830873;
A(26,3)=0.0041705237270029056;
A(27,3)=0.004153222425673464;
A(28,3)=0.004169456553107569;
A(29,3)=0.0041542030655786185;
A(30,3)=0.00416855028617947;
A(31,3)=0.004155045457447582;
A(32,3)=0.00416776258784409;
A(33,3)=0.004155786613332898;
A(34,3)=0.004167060610070481;
A(35,3)=0.004156456207776577;
A(36,3)=0.004166416968085328;
A(37,3)=0.004157080174835834;
A(38,3)=0.004165806314965291;
A(39,3)=0.004157684253416672;
A(40,3)=0.004165201285785961;
A(41,3)=0.004158299165905098;
A(42,3)=0.004164565100007425;
A(43,3)=0.004158972451087249;
A(44,3)=0.004163830171820376;
A(45,3)=0.00415981357903333;
A(46,3)=0.004162776123985278;
A(2,4)=0.00026147128097352146;
A(3,4)=-0.0005671539307550514;
A(4,4)=0.003257776247895696;
A(5,4)=0.007090905071601516;
A(6,4)=0.006210764332146038;
A(7,4)=0.00671716507112071;
A(8,4)=0.006367673083340682;
A(9,4)=0.00663074664801896;
A(10,4)=0.006422192476978777;
A(11,4)=0.00659338094616476;
A(12,4)=0.006449283647683843;
A(13,4)=0.0065729183100364744;
A(14,4)=0.00646523056879891;
A(15,4)=0.006560178902116682;
A(16,4)=0.006475615062241011;
A(17,4)=0.0065515704418374005;
A(18,4)=0.006482853921919916;
A(19,4)=0.0065454077216812595;
A(20,4)=0.006488157500103753;
A(21,4)=0.006540799495241192;
A(22,4)=0.006492196249304059;
A(23,4)=0.006537231930223557;
A(24,4)=0.006495370495750125;
A(25,4)=0.006534388504961052;
A(26,4)=0.006497933876147752;
A(27,4)=0.00653206343840931;
A(28,4)=0.0065000553101803435;
A(29,4)=0.006530116493139318;
A(30,4)=0.006501852537135559;
A(31,4)=0.006528447675416111;
A(32,4)=0.006503411521924987;
A(33,4)=0.006526982083485876;
A(34,4)=0.006504798529398338;
A(35,4)=0.006525660037731926;
A(36,4)=0.00650606846914433;
A(37,4)=0.0065244296904268225;
A(38,4)=0.006507271869301243;
A(39,4)=0.006523239874113646;
A(40,4)=0.00650846298877659;
A(41,4)=0.006522029814584264;
A(42,4)=0.0065097144413602545;
A(43,4)=0.006520705808225869;
A(44,4)=0.0065111592858991645;
A(45,4)=0.006519052517616653;
A(46,4)=0.0065132307865096925;
A(2,5)=-0.00022038694315302152;
A(3,5)=0.00039960247207245875;
A(4,5)=-0.000780502915999705;
A(5,5)=0.004419383814484397;
A(6,5)=0.009623589798611906;
A(7,5)=0.008419264341986461;
A(8,5)=0.009118903226934195;
A(9,5)=0.008631444676225859;
A(10,5)=0.009001587633045448;
A(11,5)=0.00870584167454976;
A(12,5)=0.008950304090514038;
A(13,5)=0.008743243925496573;
A(14,5)=0.008921888104600446;
A(15,5)=0.008765514151958217;
A(16,5)=0.00890400115968523;
A(17,5)=0.008780169524884354;
A(18,5)=0.008891793023741204;
A(19,5)=0.008790482916800292;
A(20,5)=0.00888297407159186;
A(21,5)=0.00879810449085577;
A(22,5)=0.008876324831100827;
A(23,5)=0.008803954993460126;
A(24,5)=0.008871136990560245;
A(25,5)=0.00880858839273611;
A(26,5)=0.00886697081422863;
A(27,5)=0.008812358516325832;
A(28,5)=0.008863537974213038;
A(29,5)=0.008815503171982932;
A(30,5)=0.008860639993546355;
A(31,5)=0.008818190009902274;
A(32,5)=0.008858133467563447;
A(33,5)=0.00882054338740605;
A(34,5)=0.008855908877040677;
A(35,5)=0.008822661506799216;
A(36,5)=0.008853876257321619;
A(37,5)=0.008824628956683992;
A(38,5)=0.008851953514503479;
A(39,5)=0.008826528536967172;
A(40,5)=0.008850053175914745;
A(41,5)=0.008828457892123638;
A(42,5)=0.008848058912564571;
A(43,5)=0.008830566787880568;
A(44,5)=0.00884575843000328;
A(45,5)=0.008833198371961932;
A(46,5)=0.0088424618606657;
A(2,6)=0.00019359778610989785;
A(3,6)=-0.000326461120762644;
A(4,6)=0.0005201740220090276;
A(5,6)=-0.0009873732481647766;
A(6,6)=0.005559961887644683;
A(7,6)=0.012109951922233847;
A(8,6)=0.010588174554319409;
A(9,6)=0.011476971485103021;
A(10,6)=0.010854219270319376;
A(11,6)=0.011329692463731023;
A(12,6)=0.01094782945171626;
A(13,6)=0.011264977252033683;
A(14,6)=0.01099518232770374;
A(15,6)=0.011228876796209009;
A(16,6)=0.011023575043834725;
A(17,6)=0.011205991782379786;
A(18,6)=0.011042391045651828;
A(19,6)=0.011190263934916175;
A(20,6)=0.011055722642965213;
A(21,6)=0.011178826433330584;
A(22,6)=0.011065639401441955;
A(23,6)=0.011170146981469868;
A(24,6)=0.011073300690529947;
A(25,6)=0.011163331640423118;
A(26,6)=0.011079407428399775;
A(27,6)=0.011157822469470764;
A(28,6)=0.011084409960696335;
A(29,6)=0.011153251180036653;
A(30,6)=0.011088613308724383;
A(31,6)=0.011149361934386908;
A(32,6)=0.011092234884904182;
A(33,6)=0.011145967354718058;
A(34,6)=0.011095438740745893;
A(35,6)=0.011142921178791515;
A(36,6)=0.011098358121439535;
