tLegendre(2)=0.0015532579626752298;
tLegendre(3)=0.008165938360126395;
tLegendre(4)=0.019989067515846243;
tLegendre(5)=0.03689997628536284;
tLegendre(6)=0.05871973210397366;
tLegendre(7)=0.08521711880861581;
tLegendre(8)=0.11611128394758691;
tLegendre(9)=0.1510747526033421;
tLegendre(10)=0.18973690850537858;
tLegendre(11)=0.23168792592899004;
tLegendre(12)=0.2764831152309554;
tLegendre(13)=0.32364763723456097;
tLegendre(14)=0.3726815369160551;
tLegendre(15)=0.4230650431957082;
tLegendre(16)=0.47426407872234116;
tLegendre(17)=0.5257359212776589;
tLegendre(18)=0.5769349568042917;
tLegendre(19)=0.6273184630839449;
tLegendre(20)=0.6763523627654391;
tLegendre(21)=0.7235168847690446;
tLegendre(22)=0.76831207407101;
tLegendre(23)=0.8102630914946214;
tLegendre(24)=0.8489252473966579;
tLegendre(25)=0.8838887160524131;
tLegendre(26)=0.9147828811913842;
tLegendre(27)=0.9412802678960264;
tLegendre(28)=0.9631000237146372;
tLegendre(29)=0.9800109324841537;
tLegendre(30)=0.9918340616398736;
tLegendre(31)=0.9984467420373248;
A(2,2)=-321.403253569721;
A(3,2)=-43.46824852720962;
A(4,2)=8.029884546831516;
A(5,2)=-2.6782737935733767;
A(6,2)=1.1888760157935563;
A(7,2)=-0.6276185045825982;
A(8,2)=0.372919815230996;
A(9,2)=-0.24173038912351275;
A(10,2)=0.16765102369908405;
A(11,2)=-0.1228152288957064;
A(12,2)=0.09418911059313775;
A(13,2)=-0.07514328875901258;
A(14,2)=0.06207429692264738;
A(15,2)=-0.05291682597055431;
A(16,2)=0.04643729571103098;
A(17,2)=-0.04187740973842562;
A(18,2)=0.038765685159294426;
A(19,2)=-0.03681496956942287;
A(20,2)=0.035867313363369915;
A(21,2)=-0.03586801020176986;
A(22,2)=0.0368617110482978;
A(23,2)=-0.03901174481720783;
A(24,2)=0.04265409941855712;
A(25,2)=-0.04841804496445383;
A(26,2)=0.0574981208407269;
A(27,2)=-0.07232297177335839;
A(28,2)=0.09845406666043997;
A(29,2)=-0.15129670510452634;
A(30,2)=0.2902627556548211;
A(31,2)=-1.0031161964392155;
A(2,3)=526.1054401059416;
A(3,3)=-60.72583372197181;
A(4,3)=-43.56015394173716;
A(5,3)=11.461929576842671;
A(6,3)=-4.67707728283127;
A(7,3)=2.3708532378933636;
A(8,3)=-1.3768524012165722;
A(9,3)=0.8798855603142506;
A(10,3)=-0.6044940218121931;
A(11,3)=0.4399105157529857;
A(12,3)=-0.3357565179998355;
A(13,3)=0.26690056897648207;
A(14,3)=-0.2198720698642939;
A(15,3)=0.18703002683556005;
A(16,3)=-0.16384584017497483;
A(17,3)=0.14755152719861003;
A(18,3)=-0.13643252039943235;
A(19,3)=0.12944597001855823;
A(20,3)=-0.12601609649012838;
A(21,3)=0.1259371242576054;
A(22,3)=-0.12935627534512692;
A(23,3)=0.1368394907755531;
A(24,3)=-0.14955933373884697;
A(25,3)=0.16971673234754184;
A(26,3)=-0.20149308050578457;
A(27,3)=0.25339231517094485;
A(28,3)=-0.34489031673334736;
A(29,3)=0.5299377258823137;
A(30,3)=-1.0166030354483777;
A(31,3)=3.513111753618337;
A(2,4)=-366.40911825176914;
A(3,4)=164.22744126450425;
A(4,4)=-24.5034746891628;
A(5,4)=-37.815131073702396;
A(6,4)=11.853633886872267;
A(7,4)=-5.437856261174386;
A(8,4)=3.0022419654227352;
A(9,4)=-1.8625506790480242;
A(10,4)=1.2554873040468453;
A(11,4)=-0.9018706181054224;
A(12,4)=0.6819833897989382;
A(13,4)=-0.5384139313408316;
A(14,4)=0.4412331726037478;
A(15,4)=-0.37380497777479815;
A(16,4)=0.3264164989865035;
A(17,4)=-0.29319581057624183;
A(18,4)=0.2705322169144013;
A(19,4)=-0.256235937800009;
A(20,4)=0.24909071773341002;
A(21,4)=-0.24863932290120905;
A(22,4)=0.2551371247667233;
A(23,4)=-0.26967387613064747;
A(24,4)=0.2945386360241828;
A(25,4)=-0.3340459189556015;
A(26,4)=0.39640502840491176;
A(27,4)=-0.4983213972232221;
A(28,4)=0.6780625625134828;
A(29,4)=-1.0416429421980011;
A(30,4)=1.997934095173032;
A(31,4)=-6.903772026662815;
A(2,5)=298.84557533339546;
A(3,5)=-105.66932736333412;
A(4,5)=92.46992314526746;
A(5,5)=-13.030987333239516;
A(6,5)=-32.90213013589772;
A(7,5)=11.479641585806593;
A(8,5)=-5.697046025252645;
A(9,5)=3.3439566635701405;
A(10,5)=-2.1804981172183133;
A(11,5)=1.532738659550882;
A(12,5)=-1.141727025140272;
A(13,5)=0.89159862502213;
A(14,5)=-0.7247278366232909;
A(15,5)=0.6101357229139766;
A(16,5)=-0.53017013386421;
A(17,5)=0.47434601958345596;
A(18,5)=-0.4362922972824149;
A(19,5)=0.4121656917170541;
A(20,5)=-0.39981682082373904;
A(21,5)=0.39838597203526455;
A(22,5)=-0.4081953548995518;
A(23,5)=0.4309238912396187;
A(24,5)=-0.4701768746157762;
A(25,5)=0.5327939372561814;
A(26,5)=-0.6318194323155847;
A(27,5)=0.7938214179776802;
A(28,5)=-1.0796803593085122;
A(29,5)=1.6580768402230484;
A(30,5)=-3.1795979498051596;
A(31,5)=10.985643912004907;
A(2,6)=-257.3834513293386;
A(3,6)=83.66001718006898;
A(4,6)=-56.23912980384872;
A(5,6)=63.83755013080457;
A(6,6)=-7.983833806052079;
A(7,6)=-29.157657162990905;
A(8,6)=10.952544868080864;
A(9,6)=-5.758327998589148;
A(10,6)=3.5430876025521467;
A(11,6)=-2.404307689340254;
A(12,6)=1.7496846217638466;
A(13,6)=-1.3442116861783473;
A(14,6)=1.0796452221184483;
A(15,6)=-0.9007667586312945;
A(16,6)=0.7772614229433793;
A(17,6)=-0.6915961322885729;
A(18,6)=0.6333085738351347;
A(19,6)=-0.5961451266499372;
A(20,6)=0.5765873893189408;
A(21,6)=-0.5731330844500587;
A(22,6)=0.5860671456402234;
A(23,6)=-0.6176693967538794;
A(24,6)=0.6730027696083729;
A(25,6)=-0.7617634191825611;
A(26,6)=0.9025055196836425;
A(27,6)=-1.1330667523022107;
A(28,6)=1.5401925150665892;
A(29,6)=-2.364267532634825;
A(30,6)=4.532489877453124;
A(31,6)=-15.657424187328964;
A(2,7)=227.62945361947789;
A(3,7)=-71.04552631241772;
A(4,7)=43.22186158602888;
A(5,7)=-37.313774857230655;
A(6,7)=48.84738138518978;
A(7,7)=-5.320787916627603;
A(8,7)=-26.33485165225535;
A(9,7)=10.451896875313013;
A(10,7)=-5.748518450239293;
A(11,7)=3.674934069368899;
A(12,7)=-2.5784053483522937;
A(13,7)=1.9332047783001245;
A(14,7)=-1.526223438996219;
A(15,7)=1.257328070192619;
A(16,7)=-1.0745504154888916;
A(17,7)=0.9489959794607445;
A(18,7)=-0.8638809617314315;
A(19,7)=0.8093227169164753;
A(20,7)=-0.77974545119032;
A(21,7)=0.772617027974697;
A(22,7)=-0.7879878999367821;
A(23,7)=0.828683920912107;
A(24,7)=-0.9013092451264322;
A(25,7)=1.0186830966103964;
A(26,7)=-1.2054499418197926;
A(27,7)=1.511953826598312;
A(28,7)=-2.0536850276750624;
A(29,7)=3.150756924572099;
A(30,7)=-6.037987389537306;
A(31,7)=20.85385586236948;
A(2,8)=-204.3306406753484;
A(3,8)=62.33109717260366;
A(4,8)=-36.050123422611755;
A(5,8)=27.975374312441524;
A(6,8)=-27.719731732726128;
A(7,8)=39.784709971568894;
A(8,8)=-3.7405316140612412;
A(9,8)=-24.197995265011997;
A(10,8)=10.03039705567391;
A(11,8)=-5.724310918997998;
A(12,8)=3.7796669429426375;
A(13,8)=-2.729846214368448;
A(14,8)=2.101786376700722;
A(15,8)=-1.700942255018304;
A(16,8)=1.4346737034624333;
A(17,8)=-1.2543981725173328;
A(18,8)=1.1329943537952696;
A(19,8)=-1.0548675456139178;
A(20,8)=1.0112473893555303;
A(21,8)=-0.9979363187648573;
A(22,8)=1.014406366404535;
A(23,8)=-1.0638800328076468;
A(24,8)=1.1545165501464385;
A(25,8)=-1.3024607890056712;
A(26,8)=1.5389496810821581;
A(27,8)=-1.9279425811879625;
A(28,8)=2.616287416333479;
A(29,8)=-4.011134594034478;
A(30,8)=7.683198377999147;
A(31,8)=-26.529269145182116;
A(2,9)=185.0382402315496;
A(3,9)=-55.64879668432908;
A(4,9)=31.24506015974066;
A(5,9)=-22.940296172822105;
A(6,9)=20.36022546275156;
A(7,9)=-22.05934628447353;
A(8,9)=33.80582892783301;
A(9,9)=-2.7206398404956382;
A(10,9)=-22.577047679067363;
A(11,9)=9.700483255753745;
A(12,9)=-5.712960537479146;
A(13,9)=3.8803053762692366;
A(14,9)=-2.8761923330722667;
A(15,9)=2.2688993285154897;
A(16,9)=-1.879189488522886;
A(17,9)=1.6210219665800427;
A(18,9)=-1.4491107213120908;
A(19,9)=1.3383562238623723;
A(20,9)=-1.2748220732769562;
A(21,9)=1.251572842919327;
A(22,9)=-1.2669142173373658;
A(23,9)=1.324169870243681;
A(24,9)=-1.4329716858568289;
A(25,9)=1.6129182835668718;
A(26,9)=-1.9022664483614102;
A(27,9)=2.379594932702683;
A(28,9)=-3.2255193001760354;
A(29,9)=4.941007783287415;
A(30,9)=-9.458953903623936;
A(31,9)=32.65058863177773;
A(2,10)=-168.43409685360103;
A(3,10)=50.17820964749809;
A(4,10)=-27.642616984674845;
A(5,10)=19.633044923017195;
A(6,10)=-16.44226481334931;
A(7,10)=15.923811061531797;
A(8,10)=-18.39178541660738;
A(9,10)=29.631982897893437;
