tLegendre(2)=0.11270166537925831;
tLegendre(3)=0.5;
tLegendre(4)=0.8872983346207417;
A(2,2)=-3.872983346207417;
A(3,2)=-1.2909944487358056;
A(4,2)=1.2909944487358056;
A(2,3)=5.163977794943222;
A(3,3)=0.;
A(4,3)=-5.163977794943222;
A(2,4)=-1.2909944487358056;
A(3,4)=1.2909944487358056;
A(4,4)=3.872983346207417;
