tLegendre(2)=0.0008001905049687925;
tLegendre(3)=0.00421135582956954;
tLegendre(4)=0.010328745968125903;
tLegendre(5)=0.019120317330897755;
tLegendre(6)=0.03053822132250591;
tLegendre(7)=0.044520137547936274;
tLegendre(8)=0.06098971509391363;
tLegendre(9)=0.07985700836909156;
tLegendre(10)=0.1010189733722563;
tLegendre(11)=0.12436003215525976;
tLegendre(12)=0.1497527047219144;
tLegendre(13)=0.17705830556537608;
tLegendre(14)=0.20612770125744534;
tLegendre(15)=0.23680212503440384;
tLegendre(16)=0.268914043964789;
tLegendre(17)=0.3022880739785125;
tLegendre(18)=0.3367419377672942;
tLegendre(19)=0.37208746032856044;
tLegendre(20)=0.4081315967175727;
tLegendre(21)=0.44467748639574006;
tLegendre(22)=0.4815255284173241;
tLegendre(23)=0.5184744715826759;
tLegendre(24)=0.5553225136042599;
tLegendre(25)=0.5918684032824273;
tLegendre(26)=0.6279125396714396;
tLegendre(27)=0.6632580622327058;
tLegendre(28)=0.6977119260214876;
tLegendre(29)=0.731085956035211;
tLegendre(30)=0.7631978749655961;
tLegendre(31)=0.7938722987425547;
tLegendre(32)=0.822941694434624;
tLegendre(33)=0.8502472952780856;
tLegendre(34)=0.8756399678447403;
tLegendre(35)=0.8989810266277437;
tLegendre(36)=0.9201429916309084;
tLegendre(37)=0.9390102849060864;
tLegendre(38)=0.9554798624520637;
tLegendre(39)=0.9694617786774941;
tLegendre(40)=0.9808796826691022;
tLegendre(41)=0.9896712540318741;
tLegendre(42)=0.9957886441704304;
tLegendre(43)=0.9991998094950312;
A(2,2)=-624.3508030105779;
A(3,2)=-83.9937182889559;
A(4,2)=15.396285297010662;
A(5,2)=-5.077773226513624;
A(6,2)=2.2208528903039757;
A(7,2)=-1.1509634964864148;
A(8,2)=0.668861271321375;
A(9,2)=-0.42239833708933777;
A(10,2)=0.28425875930200994;
A(11,2)=-0.20120515404892114;
A(12,2)=0.14843232120331937;
A(13,2)=-0.11337032893881653;
A(14,2)=0.08920667230762408;
A(15,2)=-0.07204020618964617;
A(16,2)=0.05953196220985471;
A(17,2)=-0.05022406592211491;
A(18,2)=0.04317723485258993;
A(19,2)=-0.03776892894670344;
A(20,2)=0.03357649951799915;
A(21,2)=-0.03030723086765006;
A(22,2)=0.027755228465178555;
A(23,2)=-0.02577420217782607;
A(24,2)=0.024259964158487128;
A(25,2)=-0.023139059872794774;
A(26,2)=0.022361419818030435;
A(27,2)=-0.021895785886738243;
A(28,2)=0.021727209577080294;
A(29,2)=-0.02185629865114434;
A(30,2)=0.022300209419817432;
A(31,2)=-0.023095735907470744;
A(32,2)=0.02430535423284494;
A(33,2)=-0.026027950781228416;
A(34,2)=0.028417634425705354;
A(35,2)=-0.03171751804412643;
A(36,2)=0.03632319561373883;
A(37,2)=-0.04290983669546718;
A(38,2)=0.05270884527387665;
A(39,2)=-0.06818045899566853;
A(40,2)=0.09491622898630878;
A(41,2)=-0.14835539615844456;
A(42,2)=0.28795958209973715;
A(43,2)=-1.0016029463348117;
A(2,3)=1023.1696659000297;
A(3,3)=-118.22449514410106;
A(4,3)=-83.70034768498452;
A(5,3)=21.777338830793006;
A(6,3)=-8.755546698519705;
A(7,3)=4.3570438339905015;
A(8,3)=-2.4747113427938836;
A(9,3)=1.540735112616957;
A(10,3)=-1.0270790539302057;
A(11,3)=0.7221840263314294;
A(12,3)=-0.5302007600199028;
A(13,3)=0.40349414075991785;
A(14,3)=-0.3166091256606281;
A(15,3)=0.25512232230662385;
A(16,3)=-0.21045610314525234;
A(17,3)=0.17729810742200752;
A(18,3)=-0.1522431056216186;
A(19,3)=0.1330434730961026;
A(20,3)=-0.11817840424642376;
A(21,3)=0.10659751832830562;
A(22,3)=-0.09756362191090853;
A(23,3)=0.0905538391546381;
A(24,3)=-0.08519623630124497;
A(25,3)=0.0812287536036137;
A(26,3)=-0.07847269795149116;
A(27,3)=0.07681623778178161;
A(28,3)=-0.07620532738674687;
A(29,3)=0.07664086242833465;
A(30,3)=-0.07818201732247956;
A(31,3)=0.08095697040135058;
A(32,3)=-0.08518400769836992;
A(33,3)=0.0912090494020188;
A(34,3)=-0.09957150090197874;
A(35,3)=0.111122537435008;
A(36,3)=-0.12724739317743441;
A(37,3)=0.150310452147723;
A(38,3)=-0.1846241388409335;
A(39,3)=0.2388044540492967;
A(40,3)=-0.3324337416370601;
A(41,3)=0.5195824634324686;
A(42,3)=-1.0084942563309738;
A(43,3)=3.5077802889509715;
A(2,4)=-715.3686723385929;
A(3,4)=319.25696495531247;
A(4,4)=-47.90336894192066;
A(5,4)=-72.12606770666257;
A(6,4)=22.275832489677935;
A(7,4)=-10.031858182451693;
A(8,4)=5.416770720424133;
A(9,4)=-3.2738376355920296;
A(10,4)=2.14121103541398;
A(11,4)=-1.4861046916118335;
A(12,4)=1.080925820616398;
A(13,4)=-0.8169451687259613;
A(14,4)=0.6376628188277935;
A(15,4)=-0.511717575817253;
A(16,4)=0.4207485291729;
A(17,4)=-0.35352193007875726;
A(18,4)=0.3029061451412732;
A(19,4)=-0.2642303562865333;
A(20,4)=0.23435401934670966;
A(21,4)=-0.2111191390507862;
A(22,4)=0.19301741161797362;
A(23,4)=-0.17898248224181748;
A(24,4)=0.16825757939326477;
A(25,4)=-0.1603101281368442;
A(26,4)=0.15477678488295307;
A(27,4)=-0.15142919637426727;
A(28,4)=0.15015500544356689;
A(29,4)=-0.15095150250069017;
A(30,4)=0.15393167824168677;
A(31,4)=-0.1593449570368275;
A(32,4)=0.16761843194084464;
A(33,4)=-0.1794304425748662;
A(34,4)=0.19583986097593348;
A(35,4)=-0.21851844635765597;
A(36,4)=0.250187599579494;
A(37,4)=-0.29549295719036595;
A(38,4)=0.36290830683810515;
A(39,4)=-0.46936438673868075;
A(40,4)=0.6533417746364022;
A(41,4)=-1.0210932250628981;
A(42,4)=1.9818354989845854;
A(43,4)=-6.8931434262742854;
A(2,5)=586.7724934397897;
A(3,5)=-206.5857708980933;
A(4,5)=179.3802947871084;
A(5,5)=-25.640447090290156;
A(6,5)=-62.17901455247695;
A(7,5)=21.296525629478044;
A(8,5)=-10.336142107076382;
A(9,5)=5.910287733173414;
A(10,5)=-3.7392493593648215;
A(11,5)=2.539422741916433;
A(12,5)=-1.819381088348156;
A(13,5)=1.3600665172167632;
A(14,5)=-1.0528922988016558;
A(15,5)=0.8395887246746664;
A(16,5)=-0.6868883452009719;
A(17,5)=0.5748256696083205;
A(18,5)=-0.4909157528355936;
A(19,5)=0.42707944665765585;
A(20,5)=-0.37793694018083435;
A(21,5)=0.3398204420523026;
A(22,5)=-0.31018252213991837;
A(23,5)=0.28723104314680553;
A(24,5)=-0.26969868142131925;
A(25,5)=0.2566952840758577;
A(26,5)=-0.2476132358265458;
A(27,5)=0.242068498776087;
A(28,5)=-0.23986753334680352;
A(29,5)=0.24099533769830803;
A(30,5)=-0.2456238458469802;
A(31,5)=0.2541440862100698;
A(32,5)=-0.26723122289713647;
A(33,5)=0.2859612327011818;
A(34,5)=-0.31201633846632426;
A(35,5)=0.34805452033450357;
A(36,5)=-0.39840431349350797;
A(37,5)=0.47045631594070525;
A(38,5)=-0.5776925381438801;
A(39,5)=0.7470515044634708;
A(40,5)=-1.0397611253292534;
A(41,5)=1.6248860343759521;
A(42,5)=-3.1535570678416467;
A(43,5)=10.968239396629741;
A(2,6)=-509.16177742166883;
A(3,6)=164.7852829748373;
A(4,6)=-109.9147504350635;
A(5,6)=123.36256516942814;
A(6,6)=-15.857174669015135;
A(7,6)=-54.49322143909447;
A(8,6)=20.0178007744748;
A(9,6)=-10.252201736117128;
A(10,6)=6.120127245270138;
A(11,6)=-4.012182086656541;
A(12,6)=2.8081176367755663;
A(13,6)=-2.0649967357184407;
A(14,6)=1.5794794860104806;
A(15,6)=-1.248059465223444;
A(16,6)=1.0138536014738566;
A(17,6)=-0.8436851696123633;
A(18,6)=0.7172595611455046;
A(19,6)=-0.6216692802855992;
A(20,6)=0.5484372550593575;
A(21,6)=-0.4918478547365901;
A(22,6)=0.44796646327461215;
A(23,6)=-0.4140442298215909;
A(24,6)=0.3881471150799922;
A(25,6)=-0.3689206121203256;
A(26,6)=0.3554399027093145;
A(27,6)=-0.3471165736834899;
A(28,6)=0.3436456186978491;
A(29,6)=-0.34498460892073884;
A(30,6)=0.35136316853469896;
A(31,6)=-0.3633271325365848;
A(32,6)=0.3818300978545911;
A(33,6)=-0.40839891130826755;
A(34,6)=0.44542587955821933;
A(35,6)=-0.49669496741952546;
A(36,6)=0.5683716758925528;
A(37,6)=-0.6709858894247865;
A(38,6)=0.8237488973734306;
A(39,6)=-1.065049430453176;
A(40,6)=1.4821429797108783;
A(41,6)=-2.315965944500358;
A(42,6)=4.494460584947597;
A(43,6)=-15.631329674838684;
A(2,7)=454.5474184843671;
A(3,7)=-141.25659265102422;
A(4,7)=85.26780087698808;
A(5,7)=-72.78300081739769;
A(6,7)=93.86941819600675;
A(7,7)=-10.70757549241147;
A(8,7)=-48.577294860661304;
A(9,7)=18.77985623108784;
A(10,7)=-10.02033644833065;
A(11,7)=6.188071345619044;
A(12,7)=-4.175273940131145;
A(13,7)=2.996169561164853;
A(14,7)=-2.252379784798832;
A(15,7)=1.7571576615489102;
A(16,7)=-1.413569661645575;
A(17,7)=1.167378416297223;
A(18,7)=-0.9864271419495777;
A(19,7)=0.8507520022409808;
A(20,7)=-0.7474886025984907;
A(21,7)=0.6680934511066636;
