tLegendre(2)=0.0034357004074525377;
tLegendre(3)=0.018014036361043106;
tLegendre(4)=0.04388278587433705;
tLegendre(5)=0.0804415140888906;
tLegendre(6)=0.1268340467699246;
tLegendre(7)=0.1819731596367425;
tLegendre(8)=0.24456649902458646;
tLegendre(9)=0.3131469556422902;
tLegendre(10)=0.38610707442917747;
tLegendre(11)=0.46173673943325133;
tLegendre(12)=0.5382632605667487;
tLegendre(13)=0.6138929255708225;
tLegendre(14)=0.6868530443577098;
tLegendre(15)=0.7554335009754135;
tLegendre(16)=0.8180268403632576;
tLegendre(17)=0.8731659532300754;
tLegendre(18)=0.9195584859111094;
tLegendre(19)=0.956117214125663;
tLegendre(20)=0.9819859636389568;
tLegendre(21)=0.9965642995925474;
A(2,2)=-145.02900961600696;
A(3,2)=-19.877081305471012;
A(4,2)=3.744230256887844;
A(5,2)=-1.2849144619113737;
A(6,2)=0.5923282709295506;
A(7,2)=-0.32792452823406626;
A(8,2)=0.20647427413139255;
A(9,2)=-0.14342844741752642;
A(10,2)=0.10792402352995328;
A(11,2)=-0.08696580845482062;
A(12,2)=0.07452218872694553;
A(13,2)=-0.06765328129764976;
A(14,2)=0.06499894227047777;
A(15,2)=-0.0662067183941135;
A(16,2)=0.07187263550773479;
A(17,2)=-0.08404022844926345;
A(18,2)=0.10800504606610672;
A(19,2)=-0.1589651935377349;
A(20,2)=0.29612660681430564;
A(21,2)=-1.0069189436499395;
A(2,3)=236.7181060492844;
A(3,3)=-27.24696135748622;
A(4,3)=-20.202902933217693;
A(5,3)=5.469673144503685;
A(6,3)=-2.3179414927036466;
A(7,3)=1.2322734648250038;
A(8,3)=-0.75838420057563;
A(9,3)=0.5194144933123559;
A(10,3)=-0.3871916044612217;
A(11,3)=0.30997535220495115;
A(12,3)=-0.2643792528016465;
A(13,3)=0.2391803713496408;
A(14,3)=-0.2291976303646294;
A(15,3)=0.23299331863362288;
A(16,3)=-0.25254905411245987;
A(17,3)=0.29496328358440643;
A(18,3)=-0.37874771296913945;
A(19,3)=0.5571069875982574;
A(20,3)=-1.0373746078102328;
A(21,3)=3.5266007337098064;
A(2,4)=-163.25368238989495;
A(3,4)=73.96654814595855;
A(4,4)=-10.871041032047145;
A(5,4)=-17.871329860434173;
A(6,4)=5.818339090242065;
A(7,4)=-2.7995618466660512;
A(8,4)=1.6381615318415068;
A(9,4)=-1.0893412205172817;
A(10,4)=0.7968626901424429;
A(11,4)=-0.6298325242726984;
A(12,4)=0.5323390057244457;
A(13,4)=-0.4784226599111061;
A(14,4)=0.4561961544356253;
A(15,4)=-0.4620223576096814;
A(16,4)=0.4993806250082334;
A(17,4)=-0.5819948876963364;
A(18,4)=0.746113077218897;
A(19,4)=-1.0962094490523813;
A(20,4)=2.039671276788806;
A(21,4)=-6.931105043317564;
A(2,5)=131.24378732948978;
A(3,5)=-46.91233485666483;
A(4,5)=41.86595193086133;
A(5,5)=-5.671956827952694;
A(6,5)=-15.923040049825293;
A(7,5)=5.82779271330013;
A(8,5)=-3.0658168153633563;
A(9,5)=1.9292478075709538;
A(10,5)=-1.3655256529389563;
A(11,5)=1.0564289211597155;
A(12,5)=-0.8798430975654301;
A(13,5)=0.7824408275630916;
A(14,5)=-0.7403329925598732;
A(15,5)=0.7454564623175387;
A(16,5)=-0.8022195710995481;
A(17,5)=0.9318624725298378;
A(18,5)=-1.1917289645904898;
A(19,5)=1.7478684837544871;
A(20,5)=-3.2484463088729036;
A(21,5)=11.031855984658977;
A(2,6)=-110.87122830794539;
A(3,6)=36.43174756518467;
A(4,6)=-24.97784625613593;
A(5,6)=29.17950013380337;
A(6,6)=-3.369530333656227;
A(7,6)=-14.526857514046855;
A(8,6)=5.785629798659704;
A(9,6)=-3.2619517893446783;
A(10,6)=2.17928968542034;
A(11,6)=-1.6282044596157699;
A(12,6)=1.3253557099157245;
A(13,6)=-1.1600877419103328;
A(14,6)=1.0852198391340444;
A(15,6)=-1.0836095696182113;
A(16,6)=1.1588634075639432;
A(17,6)=-1.3398864383850289;
A(18,6)=1.7076689537164784;
A(19,6)=-2.4984756992104757;
A(20,6)=4.6360220576624265;
A(21,6)=-15.730539656376425;
A(2,7)=95.66815478622672;
A(3,7)=-30.187123292350893;
A(4,7)=18.731955768872623;
A(5,7)=-16.64535469620276;
A(6,7)=22.64168657731845;
A(7,7)=-2.1364310687217776;
A(8,7)=-13.585863851458267;
A(9,7)=5.7841819589203345;
A(10,7)=-3.4556176766998505;
A(11,7)=2.4333520816575116;
A(12,7)=-1.9106994201995224;
A(13,7)=1.6331939864922493;
A(14,7)=-1.5027992346292733;
A(15,7)=1.4829004303004674;
A(16,7)=-1.5721943450712794;
A(17,7)=1.8062145949056372;
A(18,7)=-2.291301348916035;
A(19,7)=3.3413713616029437;
A(20,7)=-6.186718818084812;
A(21,7)=20.96800277696862;
A(2,8)=-83.29687009292225;
A(3,8)=25.690534999635588;
A(4,8)=-15.157201378532116;
A(5,8)=12.108891830322317;
A(6,8)=-12.469727948924726;
A(7,8)=18.786959446770517;
A(8,8)=-1.3825621041834741;
A(9,8)=-13.009879700546035;
A(10,8)=5.860632840775403;
A(11,8)=-3.686213080034767;
A(12,8)=2.7257221924586763;
A(13,8)=-2.246027592110433;
A(14,8)=2.01729738292815;
A(15,8)=-1.957456629966979;
A(16,8)=2.0506013126771547;
A(17,8)=-2.335496221884221;
A(18,8)=2.94428930690955;
A(19,8)=-4.274893396991123;
A(20,8)=7.892731682035361;
A(21,8)=-26.709440895497405;
A(2,9)=72.68599267272866;
A(3,9)=-22.10296973758941;
A(4,9)=12.661318349996126;
A(5,9)=-9.571916619422645;
A(6,9)=8.83154261883824;
A(7,9)=-10.04763569502492;
A(8,9)=16.342781506761337;
A(9,9)=-0.8687366757635233;
A(10,9)=-12.742841629919713;
A(11,9)=6.038348076641753;
A(12,9)=-3.985659037286734;
A(13,9)=3.0913772152038073;
A(14,9)=-2.6758996714166696;
A(15,9)=2.5340934061037097;
A(16,9)=-2.6104951987256775;
A(17,9)=2.9381688875440237;
A(18,9)=-3.673144345470574;
A(19,9)=5.302328262773947;
A(20,9)=-9.753190088267601;
A(21,9)=32.93985765497272;
A(2,10)=-63.274674616397846;
A(3,10)=19.061578464768992;
A(4,10)=-10.715065943115858;
A(5,10)=7.838033558973891;
A(6,10)=-6.826064038639548;
A(7,10)=6.944548005022303;
A(8,10)=-8.517135803229277;
A(9,10)=14.742211907472063;
A(10,10)=-0.4805032850396998;
A(11,10)=-12.760365082629074;
A(12,10)=6.342575750790457;
A(13,10)=-4.390088299989123;
A(14,10)=3.5764187703204255;
A(15,10)=-3.2641051810496315;
A(16,10)=3.2821321980100238;
A(17,10)=-3.6336762706208567;
A(18,10)=4.491162396804107;
A(19,10)=-6.433141384385858;
A(20,10)=11.774933555333261;
A(21,10)=-39.66437889199289;
A(2,11)=54.745670312533356;
A(3,11)=-16.38511666334538;
A(4,11)=9.093391412055404;
A(5,11)=-6.51083941513767;
A(6,11)=5.475878223115043;
A(7,11)=-5.250645473920091;
A(8,11)=5.752000828740947;
A(9,11)=-7.500737284251961;
A(10,11)=13.701008839738481;
A(11,11)=-0.15395464817196808;
A(12,11)=-13.067365211278082;
A(13,11)=6.810125405157034;
A(14,11)=-4.950920510683577;
A(15,11)=4.25324200460816;
A(16,11)=-4.122874506453934;
A(17,11)=4.45735572516571;
A(18,11)=-5.422529622226953;
A(19,11)=7.6858002030725245;
A(20,11)=-13.974933392958546;
A(21,11)=46.912312407619595;
A(2,12)=-46.912312407619595;
A(3,12)=13.974933392958546;
A(4,12)=-7.6858002030725245;
A(5,12)=5.422529622226953;
A(6,12)=-4.45735572516571;
A(7,12)=4.122874506453934;
A(8,12)=-4.25324200460816;
A(9,12)=4.950920510683577;
A(10,12)=-6.810125405157034;
A(11,12)=13.067365211278082;
A(12,12)=0.15395464817196808;
A(13,12)=-13.701008839738481;
A(14,12)=7.500737284251961;
A(15,12)=-5.752000828740947;
A(16,12)=5.250645473920091;
A(17,12)=-5.475878223115043;
A(18,12)=6.51083941513767;
A(19,12)=-9.093391412055404;
A(20,12)=16.38511666334538;
A(21,12)=-54.745670312533356;
A(2,13)=39.66437889199289;
A(3,13)=-11.774933555333261;
A(4,13)=6.433141384385858;
A(5,13)=-4.491162396804107;
A(6,13)=3.6336762706208567;
A(7,13)=-3.2821321980100238;
A(8,13)=3.2641051810496315;
A(9,13)=-3.5764187703204255;
A(10,13)=4.390088299989123;
A(11,13)=-6.342575750790457;
A(12,13)=12.760365082629074;
A(13,13)=0.4805032850396998;
A(14,13)=-14.742211907472063;
A(15,13)=8.517135803229277;
A(16,13)=-6.944548005022303;
A(17,13)=6.826064038639548;
A(18,13)=-7.838033558973891;
A(19,13)=10.715065943115858;
A(20,13)=-19.061578464768992;
A(21,13)=63.274674616397846;
A(2,14)=-32.93985765497272;
A(3,14)=9.753190088267601;
A(4,14)=-5.302328262773947;
A(5,14)=3.673144345470574;
A(6,14)=-2.9381688875440237;
A(7,14)=2.6104951987256775;
A(8,14)=-2.5340934061037097;
A(9,14)=2.6758996714166696;
A(10,14)=-3.0913772152038073;
A(11,14)=3.985659037286734;
A(12,14)=-6.038348076641753;
A(13,14)=12.742841629919713;
A(14,14)=0.8687366757635233;
A(15,14)=-16.342781506761337;
A(16,14)=10.04763569502492;
A(17,14)=-8.83154261883824;
A(18,14)=9.571916619422645;
A(19,14)=-12.661318349996126;
A(20,14)=22.10296973758941;
A(21,14)=-72.68599267272866;
