tLegendre(2)=0.001778751213022775;
tLegendre(3)=0.009348417314563623;
tLegendre(4)=0.022870359685530903;
tLegendre(5)=0.04218348680393396;
tLegendre(6)=0.06705373871280247;
tLegendre(7)=0.09717931454141042;
tLegendre(8)=0.1321945609931841;
tLegendre(9)=0.17167445298056752;
tLegendre(10)=0.21513976409429914;
tLegendre(11)=0.2620628875224409;
tLegendre(12)=0.31187424195546065;
tLegendre(13)=0.363969186182411;
tLegendre(14)=0.41771535893330963;
tLegendre(15)=0.47246035505798284;
tLegendre(16)=0.5275396449420171;
tLegendre(17)=0.5822846410666904;
tLegendre(18)=0.6360308138175891;
tLegendre(19)=0.6881257580445393;
tLegendre(20)=0.7379371124775591;
tLegendre(21)=0.7848602359057009;
tLegendre(22)=0.8283255470194325;
tLegendre(23)=0.8678054390068158;
tLegendre(24)=0.9028206854585896;
tLegendre(25)=0.9329462612871975;
tLegendre(26)=0.9578165131960661;
tLegendre(27)=0.9771296403144691;
tLegendre(28)=0.9906515826854364;
tLegendre(29)=0.9982212487869773;
A(2,2)=0.0022810706482736293;
A(3,2)=0.00493586555319571;
A(4,2)=0.004379063544000212;
A(5,2)=0.0046758886597584;
A(6,2)=0.004482724890574292;
A(7,2)=0.004621615389863127;
A(8,2)=0.004515461932685959;
A(9,2)=0.004600030797772659;
A(10,2)=0.004530601117846635;
A(11,2)=0.004588914589025618;
A(12,2)=0.004539058768826724;
A(13,2)=0.004582292898447517;
A(14,2)=0.004544367680535997;
A(15,2)=0.004577949224727317;
A(16,2)=0.004547985560593696;
A(17,2)=0.004574886868399944;
A(18,2)=0.004550616975489306;
A(19,2)=0.004572592739422268;
A(20,2)=0.004552646187646086;
A(21,2)=0.004570770802438939;
A(22,2)=0.004554308462908526;
A(23,2)=0.0045692269641854;
A(24,2)=0.004555771903770674;
A(25,2)=0.0045678056234021314;
A(26,2)=0.004557194498840781;
A(27,2)=0.004566324522645538;
A(28,2)=0.004558826994433376;
A(29,2)=0.004564333081721849;
A(2,3)=-0.0008655566056362499;
A(3,3)=0.005283028148192815;
A(4,3)=0.011485785504005794;
A(5,3)=0.010088378812984062;
A(6,3)=0.010876224531485647;
A(7,3)=0.010342200620694606;
A(8,3)=0.010738027533812602;
A(9,3)=0.010428346911711855;
A(10,3)=0.010679649014615758;
A(11,3)=0.010470248673684011;
A(12,3)=0.010648270301994228;
A(13,3)=0.010494533876625715;
A(14,3)=0.010628968064293792;
A(15,3)=0.010510220980755837;
A(16,3)=0.010615971472568018;
A(17,3)=0.010521174720453743;
A(18,3)=0.010606592480354513;
A(19,3)=0.01052932728490938;
A(20,3)=0.010599399547068409;
A(21,3)=0.010535771435268926;
A(22,3)=0.01059353126392045;
A(23,3)=0.010541212540682847;
A(24,3)=0.010588381045412881;
A(25,3)=0.010546208216386115;
A(26,3)=0.010583386443796595;
A(27,3)=0.010551403477836946;
A(28,3)=0.010577664251332776;
A(29,3)=0.01055838027312326;
A(2,4)=0.0006601636230044012;
A(3,4)=-0.0014319630359220276;
A(4,4)=0.008225356945576094;
A(5,4)=0.01790336731396652;
A(6,4)=0.0156812218388895;
A(7,4)=0.016959660922112058;
A(8,4)=0.016077492999362068;
A(9,4)=0.016741333818611176;
A(10,4)=0.016215317375584706;
A(11,4)=0.016646777396926313;
A(12,4)=0.016283980589534973;
A(13,4)=0.0165947948624842;
A(14,4)=0.016324625193259616;
A(15,4)=0.016562175413920945;
A(16,4)=0.016351383896397752;
A(17,4)=0.016539801652402153;
A(18,4)=0.016370416308664024;
A(19,4)=0.016523348068817428;
A(20,4)=0.016384866049710123;
A(21,4)=0.01651045403450763;
A(22,4)=0.0163965672106858;
A(23,4)=0.0164996375425352;
A(24,4)=0.01640677819263698;
A(25,4)=0.01648975598165871;
A(26,4)=0.016416637894186834;
A(27,4)=0.016479517228798285;
A(28,4)=0.016427900334335742;
A(29,4)=0.01646579826737194;
A(2,5)=-0.0005519260872374703;
A(3,5)=0.0010007605233807605;
A(4,5)=-0.001954724598617362;
A(5,5)=0.011068233689751057;
A(6,5)=0.024101990821976685;
A(7,5)=0.021085940588169386;
A(8,5)=0.02283786229960754;
A(9,5)=0.021617546443650274;
A(10,5)=0.022543783953835255;
A(11,5)=0.02180420318224533;
A(12,5)=0.02241493796343417;
A(13,5)=0.021898371129954856;
A(14,5)=0.022343175620676815;
A(15,5)=0.021954857286610195;
A(16,5)=0.022297533009948738;
A(17,5)=0.021992563290896064;
A(18,5)=0.02226577167435839;
A(19,5)=0.022019797873976156;
A(20,5)=0.02224201829283935;
A(21,5)=0.02204086895498731;
A(22,5)=0.02222299437601556;
A(23,5)=0.022058375889655344;
A(24,5)=0.02220653232966299;
A(25,5)=0.02207425228756384;
A(26,5)=0.022190737682958945;
A(27,5)=0.022090613916835467;
A(28,5)=0.022172774988706886;
A(29,5)=0.022112464478464103;
A(2,6)=0.00047964618496006926;
A(3,6)=-0.0008088423755195468;
A(4,6)=0.0012888396454807775;
A(5,6)=-0.0024465236011069224;
A(6,6)=0.013776836418929187;
A(7,6)=0.030006744458125425;
A(8,6)=0.02623627381835814;
A(9,6)=0.028438026891134498;
A(10,6)=0.026895857326292384;
A(11,6)=0.02807263425134053;
A(12,6)=0.027128373488167098;
A(13,6)=0.027911592815284526;
A(14,6)=0.027246534781720354;
A(15,6)=0.027821150317654735;
A(16,6)=0.027318067957294127;
A(17,6)=0.027763043207046437;
A(18,6)=0.027366352975066274;
A(19,6)=0.027722101328067354;
A(20,6)=0.02740172720126247;
A(21,6)=0.02769097245566318;
A(22,6)=0.027429637534701998;
A(23,6)=0.027665442560538347;
A(24,6)=0.027453516971284595;
A(25,6)=0.02764251868597402;
A(26,6)=0.027476232555294054;
A(27,6)=0.02761906531844253;
A(28,6)=0.027501913932981695;
A(29,6)=0.02758788331027929;
A(2,7)=-0.0004254633645335503;
A(3,7)=0.0006914459893593315;
A(4,7)=-0.0010096966330725883;
A(5,7)=0.0015488233556057913;
A(6,7)=-0.002905586458428406;
A(7,7)=0.0163182309917499;
A(8,7)=0.035546376030266696;
A(9,7)=0.03106928127575037;
A(10,7)=0.03369204617627125;
A(11,7)=0.03184854460486091;
A(12,7)=0.03326015061767064;
A(13,7)=0.03212374642519111;
A(14,7)=0.03306915302219833;
A(15,7)=0.03226426337925886;
A(16,7)=0.032961247329740616;
A(17,7)=0.03234994016733218;
A(18,7)=0.03289133209535255;
A(19,7)=0.032408353408298014;
A(20,7)=0.03284147896747623;
A(21,7)=0.03245176915168201;
A(22,7)=0.03280289896920423;
A(23,7)=0.032486785404554824;
A(24,7)=0.032770368041759784;
A(25,7)=0.03251783049828566;
A(26,7)=0.03273976085423193;
A(27,7)=0.03254929824314192;
A(28,7)=0.03270541872596655;
A(29,7)=0.03259089687893622;
A(2,8)=0.00038188622059569537;
A(3,8)=-0.0006074641981393216;
A(4,8)=0.0008467573756895176;
A(5,8)=-0.0011825842527545519;
A(6,8)=0.001784496208921175;
A(7,8)=-0.003327782089997391;
A(8,8)=0.018661553558642196;
A(9,8)=0.04065390451335354;
A(10,8)=0.03552602249568415;
A(11,8)=0.038536221507139895;
A(12,8)=0.03641549606861331;
A(13,8)=0.03804317230204921;
A(14,8)=0.03672992026870165;
A(15,8)=0.03782463526467525;
A(16,8)=0.036891034817561924;
A(17,8)=0.037700569993897814;
A(18,8)=0.036989889483757706;
A(19,8)=0.037619543505700674;
A(20,8)=0.037057963128912484;
A(21,8)=0.03756103700342056;
A(22,8)=0.03710937097938684;
A(23,8)=0.03751482965017688;
A(24,8)=0.03715193675599534;
A(25,8)=0.037474505929217805;
A(26,8)=0.03719144125612724;
A(27,8)=0.037434104286964594;
A(28,8)=0.03723535004602898;
A(29,8)=0.03738107532016666;
A(2,9)=-0.0003451368249296637;
A(3,9)=0.0005416163431119462;
A(4,9)=-0.0007341448962565376;
A(5,9)=0.000974168360083567;
A(6,9)=-0.001333791103649497;
A(7,9)=0.001995524884132907;
A(8,9)=-0.0037086134444073455;
A(9,9)=0.020778354307225303;
A(10,9)=0.04526749048357424;
A(11,9)=0.03955222016855068;
A(12,9)=0.04291184788314601;
A(13,9)=0.04054123649625896;
A(14,9)=0.04236358021822088;
A(15,9)=0.04089109415819737;
A(16,9)=0.042120116290742395;
A(17,9)=0.04107092574289994;
A(18,9)=0.04198127021962495;
A(19,9)=0.04118195326830616;
A(20,9)=0.04188983605279135;
A(21,9)=0.04125924783281437;
A(22,9)=0.04182286265521652;
A(23,9)=0.04131872814902272;
A(24,9)=0.04176863640616662;
A(25,9)=0.041369637403236535;
A(26,9)=0.041719145426058694;
A(27,9)=0.041419926840877135;
A(28,9)=0.0416647687258118;
A(29,9)=0.041485359052043;
A(2,10)=0.00031308203951787477;
A(3,10)=-0.00048685575544246787;
A(4,10)=0.0006480044933021312;
A(5,10)=-0.000833271452601051;
A(6,10)=0.0010811534767420446;
A(7,10)=-0.001464713021609973;
A(8,10)=0.0021804868561552644;
A(9,10)=-0.004043775339220389;
A(10,10)=0.02264293609825821;
A(11,10)=0.04933123048983709;
A(12,10)=0.04309888420589128;
A(13,10)=0.046765889885899116;
A(14,10)=0.0441756451402706;
A(15,10)=0.046168909127955536;
