tLegendre(2)=0.001660278869701707;
tLegendre(3)=0.008727247369293412;
tLegendre(4)=0.021357202110956135;
tLegendre(5)=0.03940988352347061;
tLegendre(6)=0.0626810975399486;
tLegendre(7)=0.09090725619237378;
tLegendre(8)=0.12376857413276143;
tLegendre(9)=0.16089273119865674;
tLegendre(10)=0.2018591014308861;
tLegendre(11)=0.24620352243788618;
tLegendre(12)=0.2934235559129957;
tLegendre(13)=0.34298418106618;
tLegendre(14)=0.39432385691699945;
tLegendre(15)=0.4468608849336604;
tLegendre(16)=0.5;
tLegendre(17)=0.5531391150663396;
tLegendre(18)=0.6056761430830006;
tLegendre(19)=0.65701581893382;
tLegendre(20)=0.7065764440870044;
tLegendre(21)=0.7537964775621139;
tLegendre(22)=0.798140898569114;
tLegendre(23)=0.8391072688013432;
tLegendre(24)=0.8762314258672386;
tLegendre(25)=0.9090927438076262;
tLegendre(26)=0.9373189024600513;
tLegendre(27)=0.9605901164765294;
tLegendre(28)=0.9786427978890438;
tLegendre(29)=0.9912727526307066;
tLegendre(30)=0.9983397211302983;
A(2,2)=-300.6533957152409;
A(3,2)=-40.69262407768206;
A(4,2)=7.52545021129157;
A(5,2)=-2.514059431229696;
A(6,2)=1.1183493123137467;
A(7,2)=-0.5919526990413037;
A(8,2)=0.3528549715683082;
A(9,2)=-0.22958962220018733;
A(10,2)=0.15993094819593512;
A(11,2)=-0.11775155701766779;
A(12,2)=0.09082553927820534;
A(13,2)=-0.07293266346104467;
A(14,2)=0.06069228728453715;
A(15,2)=-0.05216898475952589;
A(16,2)=0.046210673600480895;
A(17,2)=-0.04211524016562786;
A(18,2)=0.03945533900183306;
A(19,2)=-0.03798497116186849;
A(20,2)=0.037592494379618396;
A(21,2)=-0.03828475180208741;
A(22,2)=0.040199330313904456;
A(23,2)=-0.043654247984339;
A(24,2)=0.04926588214260271;
A(25,2)=-0.05821919663304942;
A(26,2)=0.0729353515012014;
A(27,2)=-0.0989694406025065;
A(28,2)=0.15172043745109975;
A(29,2)=-0.29059202480521296;
A(30,2)=1.0033316205778982;
A(2,3)=492.0599210968426;
A(3,3)=-56.787431092531165;
A(4,3)=-40.81128159121855;
A(5,3)=10.755891824532213;
A(6,3)=-4.398293549492145;
A(7,3)=2.2354527034239764;
A(8,3)=-1.3023828699162907;
A(9,3)=0.8354468655987887;
A(10,3)=-0.5764893245193439;
A(11,3)=0.42165110879877743;
A(12,3)=-0.32367408247654206;
A(13,3)=0.25897598847652137;
A(14,3)=-0.2149176415339746;
A(15,3)=0.18433707115287182;
A(16,3)=-0.163003254108107;
A(17,3)=0.14835141611408237;
A(18,3)=-0.1388251398110208;
A(19,3)=0.13352775848010795;
A(20,3)=-0.13204689048258192;
A(21,3)=0.13439306125977296;
A(22,3)=-0.14103943087621307;
A(23,3)=0.15309397292377838;
A(24,3)=-0.17271139093370735;
A(25,3)=0.20403883047238;
A(26,3)=-0.2555535254650386;
A(27,3)=0.34670867629844626;
A(28,3)=-0.5314324934476318;
A(29,3)=1.017764566267028;
A(30,3)=-3.513872404101047;
A(2,4)=-342.50800667316037;
A(3,4)=153.60882896069288;
A(4,4)=-22.90039464129521;
A(5,4)=-35.46625648595383;
A(6,4)=11.14097941628796;
A(7,4)=-5.124507933961762;
A(8,4)=2.8383264557901087;
A(9,4)=-1.7675355376421418;
A(10,4)=1.1966892112044394;
A(11,4)=-0.8639839263753539;
A(12,4)=0.6571021646917437;
A(13,4)=-0.5221621951536357;
A(14,4)=0.4310754001052313;
A(15,4)=-0.3682425162170544;
A(16,4)=0.3245827206922656;
A(17,4)=-0.29464813113228655;
A(18,4)=0.2751523845504041;
A(19,4)=-0.26420069658033346;
A(20,4)=0.260902466059701;
A(21,4)=-0.2652282764976684;
A(22,4)=0.2780757069219789;
A(23,4)=-0.3016007169823797;
A(24,4)=0.3400230098248026;
A(25,4)=-0.40148195854196833;
A(26,4)=0.5026287324019945;
A(27,4)=-0.681685042594497;
A(28,4)=1.0446203352586683;
A(29,4)=-2.0002489460589956;
A(30,4)=6.905296446581288;
A(2,5)=279.12558393662584;
A(3,5)=-98.75707855992478;
A(4,5)=86.5169525632725;
A(5,5)=-12.166659370552292;
A(6,5)=-30.899291188036496;
A(7,5)=10.809547170012303;
A(8,5)=-5.381751384037058;
A(9,5)=3.1708881703447536;
A(10,5)=-2.076770272262244;
A(11,5)=1.4672266394684608;
A(12,5)=-1.099242655078036;
A(13,5)=0.8640439421573646;
A(14,5)=-0.707527099063298;
A(15,5)=0.6006269221208069;
A(16,5)=-0.5268236244091186;
A(17,5)=0.4763716484597612;
A(18,5)=-0.4434508497954281;
A(19,5)=0.424706949443705;
A(20,5)=-0.41852017197584623;
A(21,5)=0.4247184065599078;
A(22,5)=-0.44464994815333414;
A(23,5)=0.48169286493189184;
A(24,5)=-0.5425260667531928;
A(25,5)=0.6400761753707898;
A(26,5)=-0.8008205765054882;
A(27,5)=1.085563893174592;
A(28,5)=-1.6629133812472727;
A(29,5)=3.183365595451433;
A(30,5)=-10.988166213136706;
A(2,6)=-240.1410830944531;
A(3,6)=78.10357360142764;
A(4,6)=-52.56227092166823;
A(5,6)=59.76038716969794;
A(6,6)=-7.443450110073329;
A(7,6)=-27.42667990300124;
A(8,6)=10.335553000729718;
A(9,6)=-5.454631258430068;
A(10,6)=3.3710711784982688;
A(11,6)=-2.299204934295275;
A(12,6)=1.6828894702920125;
A(13,6)=-1.3013837988431893;
A(14,6)=1.0529993414995407;
A(15,6)=-0.8858865645976159;
A(16,6)=0.7716387867688639;
A(17,6)=-0.6939222112395064;
A(18,6)=0.6431358998641857;
A(19,6)=-0.6137650696417623;
A(20,6)=0.603070134964729;
A(21,6)=-0.6105430107280194;
A(22,6)=0.6379396357776644;
A(23,6)=-0.6899667563059493;
A(24,6)=0.7760710432063802;
A(25,6)=-0.9146256690406753;
A(26,6)=1.143330409884751;
A(27,6)=-1.548817007296205;
A(28,6)=2.3713631107605893;
A(29,6)=-4.538042620544876;
A(30,6)=15.66127337185636;
A(2,7)=212.09281817077556;
A(3,7)=-66.23722770395466;
A(4,7)=40.341578373295;
A(5,7)=-34.88368483426483;
A(6,7)=45.763918717182285;
A(7,7)=-4.950112112603001;
A(8,7)=-24.818521761382364;
A(9,7)=9.887702737105363;
A(10,7)=-5.462343162602048;
A(11,7)=3.5097872454883214;
A(12,7)=-2.476840889579721;
A(13,7)=1.869283458238058;
A(14,7)=-1.4867373942541353;
A(15,7)=1.2350774322860312;
A(16,7)=-1.0655295698994818;
A(17,7)=0.9511034026725428;
A(18,7)=-0.8763171547907148;
A(19,7)=0.8323548818768393;
A(20,7)=-0.8147243061971547;
A(21,7)=0.8222442558565021;
A(22,7)=-0.8569403615754814;
A(23,7)=0.9248804612609642;
A(24,7)=-1.0385129681528493;
A(25,7)=1.2222167407474782;
A(26,7)=-1.5261364088784815;
A(27,7)=2.0656013818505627;
A(28,7)=-3.160579728766919;
A(29,7)=6.045740289538295;
A(30,7)=-20.85956108577588;
A(2,8)=-190.06993353696384;
A(3,8)=58.01677196493016;
A(4,8)=-33.592419551634194;
A(5,8)=26.11059139653851;
A(6,8)=-25.927575666095706;
A(7,8)=37.31248164527008;
A(8,8)=-3.46917218586662;
A(9,8)=-22.855242134495814;
A(10,8)=9.515996347039275;
A(11,8)=-5.458527662915171;
A(12,8)=3.625188449481378;
A(13,8)=-2.635578140622858;
A(14,8)=2.0443568100407155;
A(15,8)=-1.668399690440276;
A(16,8)=1.4205984173910984;
A(17,8)=-1.2554357132927794;
A(18,8)=1.147754404557945;
A(19,8)=-1.0834746308584093;
A(20,8)=1.0552899369649311;
A(21,8)=-1.060769766852165;
A(22,8)=1.10192714852055;
A(23,8)=-1.1861256843839472;
A(24,8)=1.328969261000637;
A(25,8)=-1.5613136203330362;
A(26,8)=1.9468373577667892;
A(27,8)=-2.632168496854193;
A(28,8)=4.024271267296697;
A(29,8)=-7.6937109777794;
A(30,8)=26.537710104706996;
A(2,9)=171.78473892814915;
A(3,9)=-51.69503855183237;
A(4,9)=29.057767109702116;
A(5,9)=-21.369243456259763;
A(6,9)=19.006788089042534;
A(7,9)=-20.648512429085073;
A(8,9)=31.74687415625723;
A(9,9)=-2.511789217649672;
A(10,9)=-21.37876966947093;
A(11,9)=9.232823208640385;
A(12,9)=-5.469377199464675;
A(13,9)=3.739515908481849;
A(14,9)=-2.7926179360435976;
A(15,9)=2.2216038709131234;
A(16,9)=-1.8575771828544898;
A(17,9)=1.6196655556928543;
A(18,9)=-1.465621089037826;
A(19,9)=1.3725099484618613;
A(20,9)=-1.3283538683647107;
A(21,9)=1.3284777809755781;
A(22,9)=-1.374363455611099;
A(23,9)=1.4744596946192603;
A(24,9)=-1.6475775060290052;
A(25,9)=1.9314300002262959;
A(26,9)=-2.4042050331676625;
A(27,9)=3.24622362849009;
A(28,9)=-4.95822754765314;
A(29,9)=9.473012777031094;
A(30,9)=-32.663208037145495;
A(2,10)=-156.00713096838933;
A(3,10)=46.50513518292353;
A(4,10)=-25.648092550065194;
A(5,10)=18.246362210958704;
A(6,10)=-15.314078553597762;
A(7,10)=14.871403617734439;
A(8,10)=-17.232529182158345;
A(9,10)=27.87162694809547;
A(10,10)=-1.850519452653941;
A(11,10)=-20.280997287285103;
A(12,10)=9.038943465842937;
A(13,10)=-5.509225450857467;
A(14,10)=3.8673090661384664;
A(15,10)=-2.960771251529556;
A(16,10)=2.4124160929141456;
A(17,10)=-2.065002872384513;
A(18,10)=1.8432126855230555;
A(19,10)=-1.708180612485493;
