tLegendre(2)=0.0005450045755482524;
tLegendre(3)=0.002869369781623713;
tLegendre(4)=0.007042004132048502;
tLegendre(5)=0.013048315990338066;
tLegendre(6)=0.020866075693045903;
tLegendre(7)=0.030466227998518808;
tLegendre(8)=0.04181306884510989;
tLegendre(9)=0.05486439098523635;
tLegendre(10)=0.06957164440885381;
tLegendre(11)=0.08588011808846759;
tLegendre(12)=0.1037291439503094;
tLegendre(13)=0.12305232275731223;
tLegendre(14)=0.14377777121148166;
tLegendre(15)=0.16582838941231495;
tLegendre(16)=0.18912214769963837;
tLegendre(17)=0.2135723918243481;
tLegendre(18)=0.23908816531690708;
tLegendre(19)=0.2655745478569795;
tLegendre(20)=0.29293300838684805;
tLegendre(21)=0.32106177165579525;
tLegendre(22)=0.34985619683233404;
tLegendre(23)=0.37920916677610067;
tLegendre(24)=0.40901148652146124;
tLegendre(25)=0.4391522894905556;
tLegendre(26)=0.4695194499247106;
tLegendre(27)=0.5;
tLegendre(28)=0.5304805500752894;
tLegendre(29)=0.5608477105094444;
tLegendre(30)=0.5909885134785388;
tLegendre(31)=0.6207908332238994;
tLegendre(32)=0.650143803167666;
tLegendre(33)=0.6789382283442048;
tLegendre(34)=0.7070669916131519;
tLegendre(35)=0.7344254521430206;
tLegendre(36)=0.7609118346830929;
tLegendre(37)=0.7864276081756519;
tLegendre(38)=0.8108778523003617;
tLegendre(39)=0.8341716105876851;
tLegendre(40)=0.8562222287885183;
tLegendre(41)=0.8769476772426877;
tLegendre(42)=0.8962708560496906;
tLegendre(43)=0.9141198819115324;
tLegendre(44)=0.9304283555911462;
tLegendre(45)=0.9451356090147637;
tLegendre(46)=0.9581869311548901;
tLegendre(47)=0.9695337720014812;
tLegendre(48)=0.9791339243069541;
tLegendre(49)=0.9869516840096619;
tLegendre(50)=0.9929579958679515;
tLegendre(51)=0.9971306302183763;
tLegendre(52)=0.9994549954244517;
A(2,2)=-916.9232177794862;
A(3,2)=-123.1321154760583;
A(4,2)=22.511371194695307;
A(5,2)=-7.396227954262759;
A(6,2)=3.2187870346529683;
A(7,2)=-1.6578578009836835;
A(8,2)=0.9563227058757408;
A(9,2)=-0.598732014709814;
A(10,2)=0.3989449281714399;
A(11,2)=-0.27922838639098996;
A(12,2)=0.20341647583762537;
A(13,2)=-0.15321125394722582;
A(14,2)=0.1187124692633327;
A(15,2)=-0.09426060142974946;
A(16,2)=0.07646820350490949;
A(17,2)=-0.06322713821949752;
A(18,2)=0.053180744418831305;
A(19,2)=-0.04543021947037796;
A(20,2)=0.03936477558296913;
A(21,2)=-0.03455997923162442;
A(22,2)=0.030715043423677237;
A(23,2)=-0.02761310266097421;
A(24,2)=0.02509544417125158;
A(25,2)=-0.02304443719840183;
A(26,2)=0.021372013506635246;
A(27,2)=-0.020011769976436;
A(28,2)=0.01891348535757726;
A(29,2)=-0.01803928113311288;
A(30,2)=0.01736092892704724;
A(31,2)=-0.016857980984187695;
A(32,2)=0.016516515211846067;
A(33,2)=-0.016328365947031038;
A(34,2)=0.016290771362182033;
A(35,2)=-0.016406419270766137;
A(36,2)=0.016683924603144683;
A(37,2)=-0.017138834727243875;
A(38,2)=0.017795348414265943;
A(39,2)=-0.018689076318698417;
A(40,2)=0.019871412871143964;
A(41,2)=-0.021416525099380374;
A(42,2)=0.02343278801143118;
A(43,2)=-0.026082138027030313;
A(44,2)=0.029614282092627786;
A(45,2)=-0.03443053054945592;
A(46,2)=0.0412112145397504;
A(47,2)=-0.05119268182903797;
A(48,2)=0.06684032378091433;
A(49,2)=-0.09375173884667316;
A(50,2)=0.14737450028508858;
A(51,2)=-0.2871845605623755;
A(52,2)=1.0010911985675208;
A(2,3)=1503.2109390428648;
A(3,3)=-173.75285326223585;
A(4,3)=-122.46972724699472;
A(5,3)=31.74364618656091;
A(6,3)=-12.699017232722648;
A(7,3)=6.280457414769998;
A(8,3)=-3.5408347455697355;
A(9,3)=2.1854952655831776;
A(10,3)=-1.4424917239016488;
A(11,3)=1.0029454248218754;
A(12,3)=-0.7271188005944181;
A(13,3)=0.545675082029743;
A(14,3)=-0.4216247770717315;
A(15,3)=0.3340452454009443;
A(16,3)=-0.2705150760419954;
A(17,3)=0.22335336239669557;
A(18,3)=-0.18764250592930407;
A(19,3)=0.16013814123713038;
A(20,3)=-0.13864312313482774;
A(21,3)=0.12163504348777357;
A(22,3)=-0.10803760307831985;
A(23,3)=0.09707637681600378;
A(24,3)=-0.0881855802774379;
A(25,3)=0.08094649140131695;
A(26,3)=-0.07504600309731925;
A(27,3)=0.0702482701289083;
A(28,3)=-0.06637505926294114;
A(29,3)=0.06329201159079988;
A(30,3)=-0.060899017866806716;
A(31,3)=0.059123539325490804;
A(32,3)=-0.057916122066190415;
A(33,3)=0.057247640013670824;
A(34,3)=-0.05710801558727981;
A(35,3)=0.05750634835071223;
A(36,3)=-0.05847256426142805;
A(37,3)=0.06006091970501604;
A(38,3)=-0.062356009214737655;
A(39,3)=0.06548242387756432;
A(40,3)=-0.0696200554241278;
A(41,3)=0.07502856685012388;
A(42,3)=-0.0820874367784001;
A(43,3)=0.09136373490840942;
A(44,3)=-0.10373192496347931;
A(45,3)=0.12059741497994633;
A(46,3)=-0.144342790649407;
A(47,3)=0.17929789533434703;
A(48,3)=-0.23409687204357288;
A(49,3)=0.32834333300150054;
A(50,3)=-0.5161370177717888;
A(51,3)=1.0057718627805396;
A(52,3)=-3.5059819389322526;
A(2,4)=-1052.3794926590494;
A(3,4)=468.9759711521186;
A(4,4)=-70.49896845690985;
A(5,4)=-105.27195100638465;
A(6,4)=32.351027545132546;
A(7,4)=-14.479268709807668;
A(8,4)=7.760430072564308;
A(9,4)=-4.649875252742953;
A(10,4)=3.0111262463245523;
A(11,4)=-2.066504354300792;
A(12,4)=1.4842791013814838;
A(13,4)=-1.1062194596078103;
A(14,4)=0.8502405263535925;
A(15,4)=-0.670859163063819;
A(16,4)=0.5414926497221768;
A(17,4)=-0.44590282056561115;
A(18,4)=0.37379389779791644;
A(19,4)=-0.3184264370399436;
A(20,4)=0.275265671441147;
A(21,4)=-0.2411861984645315;
A(22,4)=0.21398831288908332;
A(23,4)=-0.19209522698097667;
A(24,4)=0.17435862790580778;
A(25,4)=-0.15993096459870065;
A(26,4)=0.14817989212173266;
A(27,4)=-0.13862998038979152;
A(28,4)=0.13092245222942026;
A(29,4)=-0.12478711207665255;
A(30,4)=0.12002271832716625;
A(31,4)=-0.11648337592555498;
A(32,4)=0.11406939125403433;
A(33,4)=-0.11272162462376605;
A(34,4)=0.11241881454596726;
A(35,4)=-0.11317771525089942;
A(36,4)=0.11505625446627936;
A(37,4)=-0.11816035852691137;
A(38,4)=0.12265571338585542;
A(39,4)=-0.12878671093822353;
A(40,4)=0.136906497816775;
A(41,4)=-0.1475250431689587;
A(42,4)=0.1613878145036681;
A(43,4)=-0.1796089506389756;
A(44,4)=0.20390667537288326;
A(45,4)=-0.23704258508780648;
A(46,4)=0.2836985285711786;
A(47,4)=-0.3523828909540587;
A(48,4)=0.46006237740896244;
A(49,4)=-0.645259640412877;
A(50,4)=1.0142852011552215;
A(51,4)=-1.9764546275906132;
A(52,4)=6.889580403589524;
A(2,5)=864.8476625885373;
A(3,5)=-304.04477991761667;
A(4,5)=263.31255830715355;
A(5,5)=-37.81251064243004;
A(6,5)=-90.4734571766558;
A(7,5)=30.796062764038684;
A(8,5)=-14.83619670240941;
A(9,5)=8.410246685405232;
A(10,5)=-5.268252930278695;
A(11,5)=3.537781000828686;
A(12,5)=-2.502927439403051;
A(13,5)=1.8450530587740277;
A(14,5)=-1.406468247550618;
A(15,5)=1.102699948580589;
A(16,5)=-0.8856044456354842;
A(17,5)=0.7263352252286126;
A(18,5)=-0.6068775004786673;
A(19,5)=0.5155814561806321;
A(20,5)=-0.44468537642537787;
A(21,5)=0.38888321746098503;
A(22,5)=-0.34446575569681026;
A(23,5)=0.30878924624421134;
A(24,5)=-0.27993756634008765;
A(25,5)=0.2565021600533019;
A(26,5)=-0.23743566988571996;
A(27,5)=0.2219528139730614;
A(28,5)=-0.20946226835069548;
A(29,5)=0.1995193691406839;
A(30,5)=-0.19179314192114275;
A(31,5)=0.18604348044127741;
A(32,5)=-0.182105796594015;
A(33,5)=0.17988148106500432;
A(34,5)=-0.1793332573973631;
A(35,5)=0.18048512466585023;
A(36,5)=-0.1834271833551489;
A(37,5)=0.18832635067471598;
A(38,5)=-0.19544496791008484;
A(39,5)=0.2051708680231331;
A(40,5)=-0.21806512867309105;
A(41,5)=0.23493851050957992;
A(42,5)=-0.2569766080851463;
A(43,5)=0.28595172177635003;
A(44,5)=-0.3245974162458639;
A(45,5)=0.3773074783386023;
A(46,5)=-0.45153115596201404;
A(47,5)=0.560806343736175;
A(48,5)=-0.7321294734043061;
A(49,5)=1.026795915116045;
A(50,5)=-1.613962361913137;
A(51,5)=3.144915232268521;
A(52,5)=-10.962476103569234;
A(2,6)=-752.3407144719396;
A(3,6)=243.13296585756785;
A(4,6)=-161.748392781883;
A(5,6)=180.84819544742564;
A(6,6)=-23.45168461565641;
A(7,6)=-78.99682960898122;
A(8,6)=28.804347107042613;
A(9,6)=-14.624839216618813;
A(10,6)=8.643949542891123;
A(11,6)=-5.603267135992685;
A(12,6)=3.8725695187148377;
A(13,6)=-2.8081571713791167;
A(14,6)=2.114981975615323;
A(15,6)=-1.643105515541747;
