tLegendre(2)=0.009219682876640375;
tLegendre(3)=0.04794137181476257;
tLegendre(4)=0.11504866290284765;
tLegendre(5)=0.2063410228566913;
tLegendre(6)=0.3160842505009099;
tLegendre(7)=0.43738329574426554;
tLegendre(8)=0.5626167042557345;
tLegendre(9)=0.6839157494990901;
tLegendre(10)=0.7936589771433087;
tLegendre(11)=0.8849513370971523;
tLegendre(12)=0.9520586281852375;
tLegendre(13)=0.9907803171233597;
A(2,2)=0.011793834096627957;
A(3,2)=0.025519823232624465;
A(4,2)=0.022641508246454698;
A(5,2)=0.0241748261226972;
A(6,2)=0.02317888736339365;
A(7,2)=0.023892017386948593;
A(8,2)=0.023351411013466886;
A(9,2)=0.023775668389970563;
A(10,2)=0.023436593565954938;
A(11,2)=0.023707976542366293;
A(12,2)=0.023496080627219557;
A(13,2)=0.023646939241961564;
A(2,3)=-0.004379902157679316;
A(3,3)=0.026734831498829607;
A(4,3)=0.05812305775468372;
A(5,3)=0.051055048429388676;
A(6,3)=0.05503367352488981;
A(7,3)=0.05234690429349055;
A(8,3)=0.05432327172162983;
A(9,3)=0.052799033812142196;
A(10,3)=0.054004197764004835;
A(11,3)=0.05304620294151787;
A(12,3)=0.053791004334911095;
A(13,3)=0.053262047889178925;
A(2,4)=0.0032105696412565426;
A(3,4)=-0.006965703662555936;
A(4,4)=0.040019582135836555;
A(5,4)=0.08710385387240159;
A(6,4)=0.07630356058348459;
A(7,4)=0.08249893092756108;
A(8,4)=0.0782519909929121;
A(9,4)=0.08140646001537555;
A(10,4)=0.07896710867935794;
A(11,4)=0.08087971811165764;
A(12,4)=0.0794052835420064;
A(13,4)=0.08044740215423128;
A(2,5)=-0.0025286807629152754;
A(3,5)=0.004587377223464344;
A(4,5)=-0.008966328046013753;
A(5,5)=0.05079185668076648;
A(6,5)=0.11059623616095429;
A(7,5)=0.09678177843685909;
A(8,5)=0.10476564223475324;
A(9,5)=0.0992658017357269;
A(10,5)=0.1033496470223467;
A(11,5)=0.10022308711076743;
A(12,5)=0.10259924298042368;
A(13,5)=0.1009330885727575;
A(2,6)=0.0020232451989485685;
A(3,6)=-0.003414878313257263;
A(4,6)=0.005448804898165756;
A(5,6)=-0.010357747021696815;
A(6,6)=0.0583731341345887;
A(7,6)=0.1271257929243031;
A(8,6)=0.11120113307966346;
A(9,6)=0.12042224325437008;
A(10,6)=0.11408238127847922;
A(11,6)=0.11874062537110534;
A(12,6)=0.11528200890391943;
A(13,6)=0.11767676810580738;
A(2,7)=-0.0016073590208866566;
A(3,7)=0.0026158011723129092;
A(4,7)=-0.003828398267782091;
A(5,7)=0.005888679696187109;
A(6,7)=-0.011075419981773792;
A(7,7)=0.06228676145335069;
A(8,7)=0.13565544063582202;
A(9,7)=0.11865661407704207;
A(10,7)=0.12847556661290932;
A(11,7)=0.12179195374108265;
A(12,7)=0.12656225894817538;
A(13,7)=0.1233257781547748;
A(2,8)=0.001247744751926596;
A(3,8)=-0.001988736041474002;
A(4,8)=0.002781569165618748;
A(5,8)=-0.0039020437062079333;
A(6,8)=0.005916908829659311;
A(7,8)=-0.011081917729120637;
A(8,8)=0.06228676145335069;
A(9,8)=0.13564894288847518;
A(10,8)=0.11868484321051428;
A(11,8)=0.12840192117448349;
A(12,8)=0.12195772173438849;
A(13,8)=0.12618088192758806;
A(2,9)=-0.0009304998366299742;
A(3,9)=0.0014642593652579733;
A(4,9)=-0.001994357101927943;
A(5,9)=0.002663886990698179;
A(6,9)=-0.003675974985192673;
A(7,9)=0.005545135189513937;
A(8,9)=-0.010379524655125682;
A(9,9)=0.0583731341345887;
A(10,9)=0.12710401529087423;
A(11,9)=0.11129746337101165;
A(12,9)=0.12016114658243467;
A(13,9)=0.11472302307022883;
A(2,10)=0.0006506247887754651;
A(3,10)=-0.0010155296188907128;
A(4,10)=0.0013606262507655327;
A(5,10)=-0.001765933660813741;
A(6,10)=0.002317911625806069;
A(7,10)=-0.003181928873220275;
A(8,10)=0.004801934924673874;
A(9,10)=-0.009012522799421335;
A(10,10)=0.05079185668076648;
A(11,10)=0.1105500414075467;
A(12,10)=0.09699633613806861;
A(13,10)=0.10411239412444824;
A(2,11)=-0.00040823788255816814;
A(3,11)=0.0006338807296667081;
A(4,11)=-0.0008405538399845321;
A(5,11)=0.001072055592315175;
A(6,11)=-0.001367295743702432;
A(7,11)=0.0017871732787610132;
A(8,11)=-0.002459766655887964;
A(9,11)=0.0037356036881885245;
A(10,11)=-0.007064689600728478;
A(11,11)=0.040019582135836555;
A(12,11)=0.08700486793422905;
A(13,11)=0.07682859463041657;
A(2,12)=0.00020761510848028752;
A(3,12)=-0.0003213413372518785;
A(4,12)=0.0004234600561413472;
A(5,12)=-0.0005345347663456225;
A(6,12)=0.0006706291855170223;
A(7,12)=-0.0008536087239706162;
A(8,12)=0.001122758704168662;
A(9,12)=-0.0015640105272305964;
A(10,12)=0.002414614568270539;
A(11,12)=-0.0046533947570245;
A(12,12)=0.026734831498829607;
A(13,12)=0.05784956515533853;
A(2,13)=-0.000059271048705650694;
A(3,13)=0.00009158756603635675;
A(4,13)=-0.00012030834911037928;
A(5,13)=0.00015107462730097715;
A(6,13)=-0.0001880001967146501;
A(7,13)=0.00023625717978902644;
A(8,13)=-0.0003043491936926799;
A(9,13)=0.0004087808298622644;
A(10,13)=-0.0005871579294412855;
A(11,13)=0.0009461599468012157;
A(12,13)=-0.0019321550393685504;
A(13,13)=0.011793834096627957;
