tLegendre(2)=0.019855071751231884;
tLegendre(3)=0.10166676129318664;
tLegendre(4)=0.2372337950418355;
tLegendre(5)=0.4082826787521751;
tLegendre(6)=0.591717321247825;
tLegendre(7)=0.7627662049581645;
tLegendre(8)=0.8983332387068134;
tLegendre(9)=0.9801449282487681;
A(2,2)=-24.67235401478034;
A(3,2)=-3.8067985384277345;
A(4,2)=0.8569775884725225;
A(5,2)=-0.38602957663730975;
A(6,2)=0.2622039570137961;
A(7,2)=-0.2507550173150089;
A(8,2)=0.35452289184822083;
A(9,2)=-1.0413522471718055;
A(2,3)=39.24726365554883;
A(3,3)=-4.3614418799170664;
A(4,3)=-4.412219899817276;
A(5,3)=1.5702207693159151;
A(6,3)=-0.9824592014373457;
A(7,3)=0.9047830395212241;
A(8,3)=-1.255230423710678;
A(9,3)=3.655053785441838;
A(2,4)=-24.69428568128548;
A(3,4)=12.332032587207381;
A(4,4)=-1.452116664472869;
A(5,4)=-4.7056966512864165;
A(6,4)=2.270639112335779;
A(7,4)=-1.9028322157318744;
A(8,4)=2.528843571053736;
A(9,4)=-7.225645240769396;
A(2,5)=17.169562973055807;
A(3,5)=-6.774073257330881;
A(4,5)=7.2633267878876095;
A(5,5)=-0.3796436358194763;
A(6,5)=-5.451532962339517;
A(7,5)=3.5047720055956457;
A(8,5)=-4.238417127659579;
A(9,5)=11.662130635038185;
A(2,6)=-11.662130635038185;
A(3,6)=4.238417127659579;
A(4,6)=-3.5047720055956457;
A(5,6)=5.451532962339517;
A(6,6)=0.3796436358194763;
A(7,6)=-7.2633267878876095;
A(8,6)=6.774073257330881;
A(9,6)=-17.169562973055807;
A(2,7)=7.225645240769396;
A(3,7)=-2.528843571053736;
A(4,7)=1.9028322157318744;
A(5,7)=-2.270639112335779;
A(6,7)=4.7056966512864165;
A(7,7)=1.452116664472869;
A(8,7)=-12.332032587207381;
A(9,7)=24.69428568128548;
A(2,8)=-3.655053785441838;
A(3,8)=1.255230423710678;
A(4,8)=-0.9047830395212241;
A(5,8)=0.9824592014373457;
A(6,8)=-1.5702207693159151;
A(7,8)=4.412219899817276;
A(8,8)=4.3614418799170664;
A(9,8)=-39.24726365554883;
A(2,9)=1.0413522471718055;
A(3,9)=-0.35452289184822083;
A(4,9)=0.2507550173150089;
A(5,9)=-0.2622039570137961;
A(6,9)=0.38602957663730975;
A(7,9)=-0.8569775884725225;
A(8,9)=3.8067985384277345;
A(9,9)=24.67235401478034;
