tLegendre(2)=0.0015532579626752298;
tLegendre(3)=0.008165938360126395;
tLegendre(4)=0.019989067515846243;
tLegendre(5)=0.03689997628536284;
tLegendre(6)=0.05871973210397366;
tLegendre(7)=0.08521711880861581;
tLegendre(8)=0.11611128394758691;
tLegendre(9)=0.1510747526033421;
tLegendre(10)=0.18973690850537858;
tLegendre(11)=0.23168792592899004;
tLegendre(12)=0.2764831152309554;
tLegendre(13)=0.32364763723456097;
tLegendre(14)=0.3726815369160551;
tLegendre(15)=0.4230650431957082;
tLegendre(16)=0.47426407872234116;
tLegendre(17)=0.5257359212776589;
tLegendre(18)=0.5769349568042917;
tLegendre(19)=0.6273184630839449;
tLegendre(20)=0.6763523627654391;
tLegendre(21)=0.7235168847690446;
tLegendre(22)=0.76831207407101;
tLegendre(23)=0.8102630914946214;
tLegendre(24)=0.8489252473966579;
tLegendre(25)=0.8838887160524131;
tLegendre(26)=0.9147828811913842;
tLegendre(27)=0.9412802678960264;
tLegendre(28)=0.9631000237146372;
tLegendre(29)=0.9800109324841537;
tLegendre(30)=0.9918340616398736;
tLegendre(31)=0.9984467420373248;
A(2,2)=0.0019920481240416513;
A(3,2)=0.004310468033715476;
A(4,2)=0.003824214707588713;
A(5,2)=0.004083432667239866;
A(6,2)=0.0039147397027350294;
A(7,2)=0.004036038938418037;
A(8,2)=0.003943324898047066;
A(9,2)=0.004017194343722551;
A(10,2)=0.003956539335782711;
A(11,2)=0.00400749479229715;
A(12,2)=0.003963915273943703;
A(13,2)=0.004001724416398074;
A(14,2)=0.003968536593841535;
A(15,2)=0.003997949117194456;
A(16,2)=0.003971674398096974;
A(17,2)=0.00399530083444816;
A(18,2)=0.003973941045235586;
A(19,2)=0.0039933351993806905;
A(20,2)=0.0039756673529714095;
A(21,2)=0.003991799888465307;
A(22,2)=0.003977050523414445;
A(23,2)=0.00399053666347968;
A(24,2)=0.003978221503004873;
A(25,2)=0.003989432888709447;
A(26,2)=0.003979282259237631;
A(27,2)=0.003988389636900117;
A(28,2)=0.003980338191387235;
A(29,2)=0.003987279664765006;
A(30,2)=0.003981571124270534;
A(31,2)=0.003985767219818457;
A(2,3)=-0.0007563740760417357;
A(3,3)=0.00461661707777274;
A(4,3)=0.010036948373346842;
A(5,3)=0.008815807845502911;
A(6,3)=0.009504285178166887;
A(7,3)=0.009037602334437077;
A(8,3)=0.009383534045749582;
A(9,3)=0.00911286426539289;
A(10,3)=0.009332542153430967;
A(11,3)=0.009149452074758676;
A(12,3)=0.0093051566639494;
A(13,3)=0.009170631059638838;
A(14,3)=0.009288341215716367;
A(15,3)=0.009184276616231083;
A(16,3)=0.009277059592250045;
A(17,3)=0.009193757740575077;
A(18,3)=0.009268973101110987;
A(19,3)=0.009200749898328973;
A(20,3)=0.0092628474420806;
A(21,3)=0.009206186274070598;
A(22,3)=0.009257958795056361;
A(23,3)=0.009210643781507741;
A(24,3)=0.009253832682131959;
A(25,3)=0.009214528175311761;
A(26,3)=0.009250103850218057;
A(27,3)=0.009218191881985308;
A(28,3)=0.009246398737644107;
A(29,3)=0.009222083882666704;
A(30,3)=0.009242077968748272;
A(31,3)=0.009227382123369737;
A(2,4)=0.0005775642896788113;
A(3,4)=-0.0012527939068452659;
A(4,4)=0.007196176970830842;
A(5,4)=0.01566325184029297;
A(6,4)=0.013719130859540638;
A(7,4)=0.014837642955462907;
A(8,4)=0.01406579391891794;
A(9,4)=0.014646667471409242;
A(10,4)=0.014186329707494097;
A(11,4)=0.014563997063828086;
A(12,4)=0.014246333680769212;
A(13,4)=0.014518601877706094;
A(14,4)=0.014281791686862702;
A(15,4)=0.0144901860073048;
A(16,4)=0.014305055032054832;
A(17,4)=0.014470789007007767;
A(18,4)=0.01432149243279705;
A(19,4)=0.014456652118816245;
A(20,4)=0.014333821411973336;
A(21,4)=0.014445752828340213;
A(22,4)=0.014343589653424844;
A(23,4)=0.014436872267493786;
A(24,4)=0.014351788650933615;
A(25,4)=0.01442917133177629;
A(26,4)=0.014359166154720058;
A(27,4)=0.014421935593756227;
A(28,4)=0.014366472450998577;
A(29,4)=0.014414270553102437;
A(30,4)=0.014374973393187123;
A(31,4)=0.01440385387960844;
A(2,5)=-0.00048369474732028607;
A(3,5)=0.0008770385064502698;
A(4,5)=-0.001713055852614632;
A(5,5)=0.009699798142406763;
A(6,5)=0.021122120509253967;
A(7,5)=0.01847892569008228;
A(8,5)=0.020014322787351074;
A(9,5)=0.018944753816608696;
A(10,5)=0.01975667052718616;
A(11,5)=0.019108247882012968;
A(12,5)=0.01964386037606747;
A(13,5)=0.019190643329384832;
A(14,5)=0.019581128698368675;
A(15,5)=0.019239954081996892;
A(16,5)=0.01954136058943252;
A(17,5)=0.01927271918912538;
A(18,5)=0.01951386279592391;
A(19,5)=0.01929617950422309;
A(20,5)=0.0194935403052965;
A(21,5)=0.019314042232243027;
A(22,5)=0.019477610703841672;
A(23,5)=0.019328461421295733;
A(24,5)=0.01946434903106061;
A(25,5)=0.019340875379824166;
A(26,5)=0.01945249197941381;
A(27,5)=0.019352474133293662;
A(28,5)=0.019440806514263078;
A(29,5)=0.019364710367461253;
A(30,5)=0.01942725588638642;
A(31,5)=0.019381297333638782;
A(2,6)=0.0004213053556082847;
A(3,6)=-0.0007104549579987792;
A(4,6)=0.0011320523632893272;
A(5,6)=-0.0021488791636254645;
A(6,6)=0.012100668207648513;
A(7,6)=0.026355974642314435;
A(8,6)=0.023044168338846427;
A(9,6)=0.024978186442518164;
A(10,6)=0.02362341107211242;
A(11,6)=0.024657366857889784;
A(12,6)=0.023827491422384706;
A(13,6)=0.024516099355734067;
A(14,6)=0.02393105575209197;
A(15,6)=0.024436928732317727;
A(16,6)=0.023993561345534847;
A(17,6)=0.024386283269301853;
A(18,6)=0.024035497962769894;
A(19,6)=0.024350896363673352;
A(20,6)=0.024065870894320336;
A(21,6)=0.024324407503458798;
A(22,6)=0.02408933472588141;
A(23,6)=0.0243032925197068;
A(24,6)=0.024108654988241857;
A(25,6)=0.024285289251541622;
A(26,6)=0.02412578176393557;
A(27,6)=0.02426859434076045;
A(28,6)=0.02414255070528524;
A(29,6)=0.024251079182669357;
A(30,6)=0.024161908938776032;
A(31,6)=0.02422741654505478;
A(2,7)=-0.0003747837682404126;
A(3,7)=0.0006090764439980884;
A(4,7)=-0.0008893983199772307;
A(5,7)=0.001364261852430618;
A(6,7)=-0.002559299826518388;
A(7,7)=0.014373289054404766;
A(8,7)=0.03130970148638;
A(9,7)=0.027366099556148122;
A(10,7)=0.029676502342932426;
A(11,7)=0.028052334190415043;
A(12,7)=0.02929627194460228;
A(13,7)=0.02829450184449822;
A(14,7)=0.029128325256071792;
A(15,7)=0.028417922072962582;
A(16,7)=0.02903370385302383;
A(17,7)=0.028492874624086464;
A(18,7)=0.028972742542793282;
A(19,7)=0.028543572292288974;
A(20,7)=0.028929748931738743;
A(21,7)=0.028580689484969977;
A(22,7)=0.02889715467565456;
A(23,7)=0.02860980100961914;
A(24,7)=0.028870692486474794;
A(25,7)=0.028634316658223306;
A(26,7)=0.028847489403621328;
A(27,7)=0.028656833573649353;
A(28,7)=0.028824959647998426;
A(29,7)=0.028680290459586682;
A(30,7)=0.02879909989991842;
A(31,7)=0.028711843579885037;
A(2,8)=0.00033757447767377227;
A(3,8)=-0.0005369689179623195;
A(4,8)=0.0007484719351037057;
A(5,8)=-0.0010452822573640233;
A(6,8)=0.0015772532429204596;
A(7,8)=-0.0029412212174986397;
A(8,8)=0.016493557470545123;
A(9,8)=0.03593101816433618;
A(10,8)=0.03139866729290168;
A(11,8)=0.03405953620559609;
A(12,8)=0.032184577789156454;
A(13,8)=0.03362405236743126;
A(14,8)=0.0324621217371724;
A(15,8)=0.0334313346468185;
A(16,8)=0.0326039941950647;
A(17,8)=0.03332232002326475;
A(18,8)=0.03269059028412513;
A(19,8)=0.03325164857606176;
A(20,8)=0.032749605696440524;
A(21,8)=0.033201350523317984;
A(22,8)=0.03279329496913103;
A(23,8)=0.03316269490996709;
A(24,8)=0.03282814569443746;
A(25,8)=0.033130639453826084;
A(26,8)=0.032858293299783084;
A(27,8)=0.03310154506227482;
A(28,8)=0.032887265788876435;
A(29,8)=0.03307149998918345;
A(30,8)=0.032920285018913434;
A(31,8)=0.033031300715422034;
A(2,9)=-0.00030636587996700466;
A(3,9)=0.000480763209711442;
A(4,9)=-0.0006516356654216595;
A(5,9)=0.0008646404054504104;
A(6,9)=-0.0011837637806334468;
A(7,9)=0.0017709680239269272;
A(8,9)=-0.0032911403763520425;
A(9,9)=0.0184389936844263;
A(10,9)=0.04017107574663052;
A(11,9)=0.03509896945368122;
A(12,9)=0.038080913201489805;
A(13,9)=0.03597630049573164;
A(14,9)=0.037594789304971614;
A(15,9)=0.03628625703428289;
A(16,9)=0.037379362104727205;
A(17,9)=0.03644507872198754;
A(18,9)=0.03725707833460826;
A(19,9)=0.03654247111342501;
A(20,9)=0.03717732790301249;
A(21,9)=0.03660935303675482;
A(22,9)=0.03712001636843672;
A(23,9)=0.03665947698105364;
A(24,9)=0.03707527772759198;
A(25,9)=0.03670026749609117;
A(26,9)=0.03703720939641037;
