tLegendre(2)=0.0007638338787461432;
tLegendre(3)=0.0040202212033779265;
tLegendre(4)=0.009860889509872335;
tLegendre(5)=0.018256693492960004;
tLegendre(6)=0.02916402157618107;
tLegendre(7)=0.04252604639693063;
tLegendre(8)=0.05827311739069157;
tLegendre(9)=0.07632314189534248;
tLegendre(10)=0.09658201793153068;
tLegendre(11)=0.11894412640252244;
tLegendre(12)=0.14329288236552148;
tLegendre(13)=0.16950134312425094;
tLegendre(14)=0.19743287018019953;
tLegendre(15)=0.22694184166995765;
tLegendre(16)=0.25787441160713265;
tLegendre(17)=0.2900693119853654;
tLegendre(18)=0.3233586935678481;
tLegendre(19)=0.35756900098354316;
tLegendre(20)=0.3925218775697409;
tLegendre(21)=0.42803509524464334;
tLegendre(22)=0.46392350456270687;
tLegendre(23)=0.5;
tLegendre(24)=0.5360764954372931;
tLegendre(25)=0.5719649047553567;
tLegendre(26)=0.6074781224302591;
tLegendre(27)=0.6424309990164568;
tLegendre(28)=0.6766413064321519;
tLegendre(29)=0.7099306880146347;
tLegendre(30)=0.7421255883928674;
tLegendre(31)=0.7730581583300423;
tLegendre(32)=0.8025671298198005;
tLegendre(33)=0.8304986568757491;
tLegendre(34)=0.8567071176344785;
tLegendre(35)=0.8810558735974776;
tLegendre(36)=0.9034179820684693;
tLegendre(37)=0.9236768581046575;
tLegendre(38)=0.9417268826093085;
tLegendre(39)=0.9574739536030694;
tLegendre(40)=0.970835978423819;
tLegendre(41)=0.98174330650704;
tLegendre(42)=0.9901391104901277;
tLegendre(43)=0.995979778796622;
tLegendre(44)=0.9992361661212539;
A(2,2)=0.0009798725634610319;
A(3,2)=0.002120285009524206;
A(4,2)=0.0018810999436952593;
A(5,2)=0.002008609571991556;
A(6,2)=0.0019256261385497198;
A(7,2)=0.001985300342199011;
A(8,2)=0.001939682399725866;
A(9,2)=0.001976036777670199;
A(10,2)=0.0019461749740035366;
A(11,2)=0.0019712749189765536;
A(12,2)=0.001949791856405775;
A(13,2)=0.0019684500831900153;
A(14,2)=0.0019520488795426436;
A(15,2)=0.001966612184146566;
A(16,2)=0.0019535697873816413;
A(17,2)=0.0019653360033900754;
A(18,2)=0.0019546536816320084;
A(19,2)=0.001964405498006082;
A(20,2)=0.001955460209537614;
A(21,2)=0.001963700327068362;
A(22,2)=0.0019560816890833907;
A(23,2)=0.001963148549806227;
A(24,2)=0.001956574984818145;
A(25,2)=0.001962704626368809;
A(26,2)=0.0019569770167779145;
A(27,2)=0.001962338272403821;
A(28,2)=0.0019573129130536033;
A(29,2)=0.001962028395066069;
A(30,2)=0.0019576005950339963;
A(31,2)=0.0019617595662819475;
A(32,2)=0.0019578535420274852;
A(33,2)=0.0019615198051896165;
A(34,2)=0.001958082624157097;
A(35,2)=0.001961298999328378;
A(36,2)=0.0019582975432013627;
A(37,2)=0.00196108748202586;
A(38,2)=0.00195850838521619;
A(39,2)=0.0019608741295174367;
A(40,2)=0.0019587282567181752;
A(41,2)=0.001960642227322523;
A(42,2)=0.001958980671810085;
A(43,2)=0.001960353981528045;
A(44,2)=0.001959341314027465;
A(2,3)=-0.0003728940389493931;
A(3,3)=0.002275999159350351;
A(4,3)=0.004948232280610942;
A(5,3)=0.004346201800121133;
A(6,3)=0.004685636374046874;
A(7,3)=0.004455535301359536;
A(8,3)=0.004626121621378601;
A(9,3)=0.00449261899184438;
A(10,3)=0.004601008568204841;
A(11,3)=0.004510624605940277;
A(12,3)=0.004587546748959133;
A(13,3)=0.004521018614141424;
A(14,3)=0.004579313077873285;
A(15,3)=0.004527679114272953;
A(16,3)=0.004573829948333249;
A(17,3)=0.004532260815333537;
A(18,3)=0.004569951782758167;
A(19,3)=0.004535580828111734;
A(20,3)=0.0045670808636178225;
A(21,3)=0.004538085978047831;
A(22,3)=0.004564876773704392;
A(23,3)=0.004540040005531296;
A(24,3)=0.004563132071885717;
A(25,3)=0.004541608333486465;
A(26,3)=0.004561713142621069;
A(27,3)=0.004542900205775103;
A(28,3)=0.004560529604856331;
A(29,3)=0.004543991291078547;
A(30,3)=0.004559517320912112;
A(31,3)=0.004544936681408437;
A(32,3)=0.004558628258304188;
A(33,3)=0.0045457789841259625;
A(34,3)=0.004557823834924888;
A(35,3)=0.004546554023817418;
A(36,3)=0.0045570697451305375;
A(37,3)=0.004547295920246265;
A(38,3)=0.004556330449748476;
A(39,3)=0.0045480438080213615;
A(40,3)=0.004555559900714175;
A(41,3)=0.004548856347140664;
A(42,3)=0.004554675642757855;
A(43,3)=0.004549865990019579;
A(44,3)=0.004553412535837759;
A(2,4)=0.0002859035200346242;
A(3,4)=-0.0006201497471981809;
A(4,4)=0.0035621891078941215;
A(5,4)=0.007753492554316676;
A(6,4)=0.006791110806192392;
A(7,4)=0.007344828455614283;
A(8,4)=0.006962682946635895;
A(9,4)=0.007250332926928367;
A(10,4)=0.007022299258597142;
A(11,4)=0.007209472606502983;
A(12,4)=0.0070519256093755115;
A(13,4)=0.0071870934751508036;
A(14,4)=0.00706936783806774;
A(15,4)=0.0071731576273445525;
A(16,4)=0.0070807296603926685;
A(17,4)=0.0071637367584381165;
A(18,4)=0.007088654097825977;
A(19,4)=0.0071569877435537915;
A(20,4)=0.007094465107957313;
A(21,4)=0.007151935479129938;
A(22,4)=0.007098896451148696;
A(23,4)=0.007148017362817651;
A(24,4)=0.007102386732850892;
A(25,4)=0.00714488628668396;
A(26,4)=0.007105214465817073;
A(27,4)=0.007142315864385559;
A(28,4)=0.007107565976151263;
A(29,4)=0.00714015082947852;
A(30,4)=0.007109572307048146;
A(31,4)=0.0071382790670097606;
A(32,4)=0.007111330841306989;
A(33,4)=0.007136614502807006;
A(34,4)=0.007112919250204153;
A(35,4)=0.00713508526273579;
A(36,4)=0.007114406130313618;
A(37,4)=0.0071336233434305205;
A(38,4)=0.007115862095856746;
A(39,4)=0.007132151205359328;
A(40,4)=0.00711737816209428;
A(41,4)=0.007130553135152717;
A(42,4)=0.007119116737178366;
A(43,4)=0.007128568522518153;
A(44,4)=0.007121599146575665;
A(2,5)=-0.0002408620000878182;
A(3,5)=0.0004367278032551512;
A(4,5)=-0.0008530166869622498;
A(5,5)=0.004829975355920975;
A(6,5)=0.01051768765791088;
A(7,5)=0.009201474305554881;
A(8,5)=0.00996610985724147;
A(9,5)=0.009433370749629973;
A(10,5)=0.00983789092084715;
A(11,5)=0.009514684567736619;
A(12,5)=0.009781836952597383;
A(13,5)=0.00955556868476601;
A(14,5)=0.009750772765553155;
A(15,5)=0.009579917475245909;
A(16,5)=0.009731213007537307;
A(17,5)=0.009595947069050622;
A(18,5)=0.009717856195849433;
A(19,5)=0.009607235122395164;
A(20,5)=0.009708199177611197;
A(21,5)=0.009615586026645376;
A(22,5)=0.00970090813594438;
A(23,5)=0.00962200727383886;
A(24,5)=0.009695207566469594;
A(25,5)=0.009627105904728902;
A(26,5)=0.009690615009702285;
A(27,5)=0.009631270809246284;
A(28,5)=0.009686812769888885;
A(29,5)=0.00963476495140553;
A(30,5)=0.009683580267246434;
A(31,5)=0.009637775977490916;
A(32,5)=0.009680755385934253;
A(33,5)=0.009640446441946962;
A(34,5)=0.009678210129974035;
A(35,5)=0.009642894207779315;
A(36,5)=0.009675832552293269;
A(37,5)=0.00964522973398058;
A(38,5)=0.009673508464469897;
A(39,5)=0.009647577895516814;
A(40,5)=0.009671091809913403;
A(41,5)=0.00965012384534579;
A(42,5)=0.009668323290459158;
A(43,5)=0.009653283026952154;
A(44,5)=0.009664372687706547;
A(2,6)=0.00021144734470347483;
A(3,6)=-0.0003565609165548374;
A(4,6)=0.0005681350223416529;
A(5,6)=-0.0010784124420548504;
A(6,6)=0.006072614153459704;
A(7,6)=0.01322653998032833;
A(8,6)=0.01156445264914853;
A(9,6)=0.012535191851609999;
A(10,6)=0.011855033196780686;
A(11,6)=0.012374326400916406;
A(12,6)=0.011957282744338079;
A(13,6)=0.012303634485729364;
A(14,6)=0.012009013178295207;
A(15,6)=0.012264192080208994;
A(16,6)=0.01204003926842252;
A(17,6)=0.012239179192847173;
A(18,6)=0.012060610547716706;
A(19,6)=0.012221977940178675;
A(20,6)=0.012075197798298035;
A(21,6)=0.0122094558664206;
A(22,6)=0.012086062897270712;
A(23,6)=0.012199937682065906;
A(24,6)=0.012094474083986716;
A(25,6)=0.01219244473901123;
A(26,6)=0.012101199565141395;
A(27,6)=0.012186364534694098;
A(28,6)=0.012106734885197694;
A(29,6)=0.012181290459987752;
A(30,6)=0.012111418409495776;
A(31,6)=0.012176936787497596;
A(32,6)=0.012115495277949806;
A(33,6)=0.012173089389525051;
A(34,6)=0.0121191565074853;
A(35,6)=0.012169573488731024;
A(36,6)=0.012122567063338684;
A(37,6)=0.01216622730893405;
A(38,6)=0.012125893205347842;
A(39,6)=0.012162870009727655;
A(40,6)=0.012129345453568302;
A(41,6)=0.012159235746885091;
A(42,6)=0.012133295019873324;
A(43,6)=0.012154730996432658;
A(44,6)=0.012138926405404222;
A(2,7)=-0.00018995740635785997;
A(3,7)=0.00030869886310401663;
A(4,7)=-0.0004507543111941365;
