tLegendre(2)=0.0004223997963066968;
tLegendre(3)=0.0022242617013545486;
tLegendre(4)=0.0054604958757786815;
tLegendre(5)=0.010122492652824845;
tLegendre(6)=0.016196898748537955;
tLegendre(7)=0.023666221240565454;
tLegendre(8)=0.032508931205870326;
tLegendre(9)=0.04269953571782373;
tLegendre(10)=0.05420865398898491;
tLegendre(11)=0.06700310296259626;
tLegendre(12)=0.08104599333031334;
tLegendre(13)=0.09629683604345593;
tLegendre(14)=0.11271165912517363;
tLegendre(15)=0.13024313448997887;
tLegendre(16)=0.14884071442304594;
tLegendre(17)=0.16845077733393737;
tLegendre(18)=0.18901678236846045;
tLegendre(19)=0.21047943243488748;
tLegendre(20)=0.2327768451755762;
tLegendre(21)=0.25584473139164077;
tLegendre(22)=0.2796165804065802;
tLegendre(23)=0.30402385183462344;
tLegendre(24)=0.3289961732010024;
tLegendre(25)=0.3544615428444454;
tLegendre(26)=0.38034653751692327;
tLegendre(27)=0.40657652408211936;
tLegendre(28)=0.43307587470226655;
tLegendre(29)=0.45976818489292864;
tLegendre(30)=0.48657649381702883;
tLegendre(31)=0.5134235061829712;
tLegendre(32)=0.5402318151070714;
tLegendre(33)=0.5669241252977334;
tLegendre(34)=0.5934234759178807;
tLegendre(35)=0.6196534624830767;
tLegendre(36)=0.6455384571555546;
tLegendre(37)=0.6710038267989976;
tLegendre(38)=0.6959761481653766;
tLegendre(39)=0.7203834195934198;
tLegendre(40)=0.7441552686083592;
tLegendre(41)=0.7672231548244238;
tLegendre(42)=0.7895205675651125;
tLegendre(43)=0.8109832176315396;
tLegendre(44)=0.8315492226660627;
tLegendre(45)=0.8511592855769541;
tLegendre(46)=0.8697568655100212;
tLegendre(47)=0.8872883408748263;
tLegendre(48)=0.903703163956544;
tLegendre(49)=0.9189540066696866;
tLegendre(50)=0.9329968970374037;
tLegendre(51)=0.9457913460110151;
tLegendre(52)=0.9573004642821763;
tLegendre(53)=0.9674910687941297;
tLegendre(54)=0.9763337787594345;
tLegendre(55)=0.9838031012514621;
tLegendre(56)=0.9898775073471752;
tLegendre(57)=0.9945395041242213;
tLegendre(58)=0.9977757382986454;
tLegendre(59)=0.9995776002036934;
A(2,2)=-1183.212480742928;
A(3,2)=-158.75471557717148;
A(4,2)=28.98749755631116;
A(5,2)=-9.506663507122752;
A(6,2)=4.127365952021548;
A(7,2)=-2.1195441800346773;
A(8,2)=1.2183241059111458;
A(9,2)=-0.7596250582283858;
A(10,2)=0.5037665786484813;
A(11,2)=-0.3507211680080045;
A(12,2)=0.2539834792304584;
A(13,2)=-0.19004287700457392;
A(14,2)=0.1461895749722732;
A(15,2)=-0.1151645788676991;
A(16,2)=0.09262724132755393;
A(17,2)=-0.0758788608540731;
A(18,2)=0.06318442331563333;
A(19,2)=-0.053395528723174865;
A(20,2)=0.04573240362017373;
A(21,2)=-0.03965350141128061;
A(22,2)=0.034775111568713775;
A(23,2)=-0.030820454495256017;
A(24,2)=0.027586666611867545;
A(25,2)=-0.02492292293862995;
A(26,2)=0.022715656279356244;
A(27,2)=-0.02087839487511234;
A(28,2)=0.019344664650580958;
A(29,2)=-0.018062961904075536;
A(30,2)=0.016993148712818706;
A(31,2)=-0.016103842105192254;
A(32,2)=0.015370508890107703;
A(33,2)=-0.014774070413565332;
A(34,2)=0.014299883302835957;
A(35,2)=-0.013937004528239918;
A(36,2)=0.013677678890162349;
A(37,2)=-0.01351700894078338;
A(38,2)=0.01345278457514052;
A(39,2)=-0.013485464508611744;
A(40,2)=0.013618316752042985;
A(41,2)=-0.013857742326605723;
A(42,2)=0.014213828871852578;
A(43,2)=-0.01470121308751904;
A(44,2)=0.015340380707110848;
A(45,2)=-0.01615961324369384;
A(46,2)=0.01719792649313362;
A(47,2)=-0.018509583393489515;
A(48,2)=0.020171196397101254;
A(49,2)=-0.022293256585401388;
A(50,2)=0.02503956740223656;
A(51,2)=-0.02866152665734925;
A(52,2)=0.03356203159842212;
A(53,2)=-0.04042297713135251;
A(54,2)=0.0504823568265877;
A(55,2)=-0.06620745128442805;
A(56,2)=0.09319828466297783;
A(57,2)=-0.14690603064403404;
A(58,2)=0.28681317162357034;
A(59,2)=-1.0008455138823968;
A(2,3)=1940.1278893843887;
A(3,3)=-224.29257747013065;
A(4,3)=-157.75716498380604;
A(5,3)=40.815587045057974;
A(6,3)=-16.289285494538465;
A(7,3)=8.03225327210997;
A(8,3)=-4.5124731713979305;
A(9,3)=2.7737473830190615;
A(10,3)=-1.8221307726325495;
A(11,3)=1.2601697295919934;
A(12,3)=-0.9081832970605245;
A(13,3)=0.6770850942416105;
A(14,3)=-0.5193901858677299;
A(15,3)=0.4082637776386664;
A(16,3)=-0.3277897581661765;
A(17,3)=0.268135920122581;
A(18,3)=-0.22301350242928153;
A(19,3)=0.18827739743206195;
A(20,3)=-0.16112275630344564;
A(21,3)=0.1396072480567301;
A(22,3)=-0.12235798749772331;
A(23,3)=0.10838672644943041;
A(24,3)=-0.09697041748291997;
A(25,3)=0.08757230833917799;
A(26,3)=-0.07978877072658845;
A(27,3)=0.07331282583789475;
A(28,3)=-0.06790871937756225;
A(29,3)=0.06339394404772684;
A(30,3)=-0.05962636883647037;
A(31,3)=0.05649492864212453;
A(32,3)=-0.053912837622022626;
A(33,3)=0.05181262324788102;
A(34,3)=-0.05014250066006105;
A(35,3)=0.04886375884630395;
A(36,3)=-0.0479489369436937;
A(37,3)=0.047380647276784295;
A(38,3)=-0.047150963127537714;
A(39,3)=0.047261342407332534;
A(40,3)=-0.047723111036865204;
A(41,3)=0.04855859015768635;
A(42,3)=-0.049803030009726176;
A(43,3)=0.051507626538309696;
A(44,3)=-0.05374407116128019;
A(45,3)=0.05661136627562248;
A(46,3)=-0.060246114537102435;
A(47,3)=0.06483832214452748;
A(48,3)=-0.07065627127227198;
A(49,3)=0.07808689584222062;
A(50,3)=-0.08770384063342046;
A(51,3)=0.10038752141634416;
A(52,3)=-0.11754892968413198;
A(53,3)=0.1415761503862069;
A(54,3)=-0.17680481162880127;
A(55,3)=0.23187569332429228;
A(56,3)=-0.3264009249429546;
A(57,3)=0.5144928816515117;
A(58,3)=-1.0044684011899754;
A(59,3)=3.505119399361619;
A(2,4)=-1359.115558135381;
A(3,4)=605.2447452065647;
A(4,4)=-91.06403026607614;
A(5,4)=-135.44247284713674;
A(6,4)=41.523368798730516;
A(7,4)=-18.529548895200307;
A(8,4)=9.89615049392744;
A(9,4)=-5.90512636446456;
A(10,4)=3.8059692063046247;
A(11,4)=-2.5981085716840515;
A(12,4)=1.855034424877367;
A(13,4)=-1.373465077210465;
A(14,4)=1.0480341610394575;
A(15,4)=-0.820411333083963;
A(16,4)=0.6565379230409862;
A(17,4)=-0.5356295839596724;
A(18,4)=0.4445210641687049;
A(19,4)=-0.3746027578828189;
A(20,4)=0.32008636194259615;
A(21,4)=-0.2769850023609815;
A(22,4)=0.24249335062998395;
A(23,4)=-0.21459974859922648;
A(24,4)=0.19183717593888944;
A(25,4)=-0.17311964592818285;
A(26,4)=0.15763248938041605;
A(27,4)=-0.14475740462069317;
A(28,4)=0.13402040165881227;
A(29,4)=-0.12505511040285622;
A(30,4)=0.11757658358563625;
A(31,4)=-0.11136239095857886;
A(32,4)=0.1062388654061941;
A(33,4)=-0.10207105469113424;
A(34,4)=0.09875539305340761;
A(35,4)=-0.09621441988222494;
A(36,4)=0.09439309167742425;
A(37,4)=-0.09325639334023621;
A(38,4)=0.09278807933934888;
A(39,4)=-0.09299048236943633;
A(40,4)=0.09388543228614453;
A(41,4)=-0.09551644781048507;
A(42,4)=0.09795251897953473;
A(43,4)=-0.10129402138866361;
A(44,4)=0.1056816463119059;
A(45,4)=-0.11130978551293381;
A(46,4)=0.11844674406596566;
A(47,4)=-0.12746578998841537;
A(48,4)=0.13889402652012192;
A(49,4)=-0.15349173052995643;
A(50,4)=0.1723860915817389;
A(51,4)=-0.19730713781883127;
A(52,4)=0.23102752905698254;
A(53,4)=-0.2782400000447479;
A(54,4)=0.3474643748743783;
A(55,4)=-0.4556804677704305;
A(56,4)=0.6414277328920998;
A(57,4)=-1.0110415767198389;
A(58,4)=1.9738825371115507;
A(59,4)=-6.887875417474566;
A(2,5)=1117.9441160657534;
A(3,5)=-392.7482831170885;
A(4,5)=339.70441228407213;
A(5,5)=-48.8898351735172;
A(6,5)=-116.23066278529525;
A(7,5)=39.44643396258167;
A(8,5)=-18.93636377711523;
A(9,5)=10.690282084657708;
A(10,5)=-6.664910967316492;
A(11,5)=4.451866114734051;
A(12,5)=-3.1309306078929633;
A(13,5)=2.2928329957588702;
A(14,5)=-1.7351982684076461;
A(15,5)=1.349712681878977;
A(16,5)=-1.0747035878232536;
A(17,5)=0.873254667861175;
A(18,5)=-0.7223343816355422;
A(19,5)=0.6070629302491112;
A(20,5)=-0.5175351010062264;
A(21,5)=0.4469839503119676;
A(22,5)=-0.3906804129457087;
A(23,5)=0.3452528519846264;
A(24,5)=-0.30825450572274615;
A(25,5)=0.27788171115034566;
A(26,5)=-0.2527863038543207;
A(27,5)=0.231948261950298;
A(28,5)=-0.21458773003967457;
A(29,5)=0.20010329996968915;
A(30,5)=-0.1880281241133682;
A(31,5)=0.17799835417944737;
A(32,5)=-0.16973024812663196;
A(33,5)=0.16300348426685393;
A(34,5)=-0.1576490116962959;
