tLegendre(2)=0.03376524289842399;
tLegendre(3)=0.16939530676686773;
tLegendre(4)=0.38069040695840156;
tLegendre(5)=0.6193095930415985;
tLegendre(6)=0.8306046932331322;
tLegendre(7)=0.966234757101576;
A(2,2)=0.04283112309479259;
A(3,2)=0.09267349143037887;
A(4,2)=0.08224792261284387;
A(5,2)=0.0877378719744515;
A(6,2)=0.08430668513410011;
A(7,2)=0.08647502636084993;
A(2,3)=-0.014763725997197413;
A(3,3)=0.09019039326203465;
A(4,3)=0.196032162333245;
A(5,3)=0.17239079462440696;
A(6,3)=0.18526797945210696;
A(7,3)=0.17752635320896998;
A(2,4)=0.009325050706477751;
A(3,4)=-0.020300102293239586;
A(4,4)=0.11697848364317276;
A(5,4)=0.25443949503200164;
A(6,4)=0.2235938110460991;
A(7,4)=0.23962582533582905;
A(2,5)=-0.005668858049483512;
A(3,5)=0.010363156240246424;
A(4,5)=-0.020482527745656096;
A(5,5)=0.11697848364317276;
A(6,5)=0.2542570695795851;
A(7,5)=0.22463191657986778;
A(2,6)=0.002854433315099335;
A(3,6)=-0.004887192928037671;
A(4,6)=0.007989991899662336;
A(5,6)=-0.0156513758091757;
A(6,6)=0.09019039326203465;
A(7,6)=0.19514451252126672;
A(2,7)=-0.0008127801712647621;
A(3,7)=0.0013555610554850618;
A(4,7)=-0.002075625784866334;
A(5,7)=0.0034143235767412987;
A(6,7)=-0.007011245240793691;
A(7,7)=0.04283112309479259;
