tLegendre(2)=0.0005899246966823103;
tLegendre(3)=0.0031056690279161045;
tLegendre(4)=0.0076210520428934975;
tLegendre(5)=0.01411889954922231;
tLegendre(6)=0.022573170662931383;
tLegendre(7)=0.032949852622094926;
tLegendre(8)=0.04520717208596336;
tLegendre(9)=0.05929577721349554;
tLegendre(10)=0.07515894007791715;
tLegendre(11)=0.09273278632007229;
tLegendre(12)=0.11194655282727668;
tLegendre(13)=0.13272287288129866;
tLegendre(14)=0.15497808778743394;
tLegendre(15)=0.17862258379038118;
tLegendre(16)=0.20356115294554963;
tLegendre(17)=0.22969337650413696;
tLegendre(18)=0.25691402927375395;
tLegendre(19)=0.28511350332921176;
tLegendre(20)=0.3141782493688576;
tLegendre(21)=0.3439912339401256;
tLegendre(22)=0.37443241069371136;
tLegendre(23)=0.4053792037690932;
tLegendre(24)=0.436707001365164;
tLegendre(25)=0.4682896575086566;
tLegendre(26)=0.5;
tLegendre(27)=0.5317103424913434;
tLegendre(28)=0.5632929986348361;
tLegendre(29)=0.5946207962309068;
tLegendre(30)=0.6255675893062886;
tLegendre(31)=0.6560087660598743;
tLegendre(32)=0.6858217506311425;
tLegendre(33)=0.7148864966707883;
tLegendre(34)=0.743085970726246;
tLegendre(35)=0.770306623495863;
tLegendre(36)=0.7964388470544503;
tLegendre(37)=0.8213774162096188;
tLegendre(38)=0.8450219122125661;
tLegendre(39)=0.8672771271187013;
tLegendre(40)=0.8880534471727233;
tLegendre(41)=0.9072672136799277;
tLegendre(42)=0.9248410599220829;
tLegendre(43)=0.9407042227865045;
tLegendre(44)=0.9547928279140366;
tLegendre(45)=0.9670501473779051;
tLegendre(46)=0.9774268293370686;
tLegendre(47)=0.9858811004507777;
tLegendre(48)=0.9923789479571065;
tLegendre(49)=0.9968943309720839;
tLegendre(50)=0.9994100753033177;
A(2,2)=-847.0655091296816;
A(3,2)=-113.78698697920946;
A(4,2)=20.8124649808744;
A(5,2)=-6.842611153797545;
A(6,2)=2.9804665618227744;
A(7,2)=-1.5367780321685047;
A(8,2)=0.887631780749857;
A(9,2)=-0.5565696482498671;
A(10,2)=0.37149637692910525;
A(11,2)=-0.26052764589931987;
A(12,2)=0.1902100316782526;
A(13,2)=-0.1436131470334161;
A(14,2)=0.11157386225145385;
A(15,2)=-0.08885234201881406;
A(16,2)=0.07231129321823078;
A(17,2)=-0.059997613054551105;
A(18,2)=0.05065402128390077;
A(19,2)=-0.04344734059439864;
A(20,2)=0.037811288339062575;
A(21,2)=-0.033352362131354195;
A(22,2)=0.02979177969753851;
A(23,2)=-0.026928697894079912;
A(24,2)=0.024616359241369998;
A(25,2)=-0.02274630098049482;
A(26,2)=0.021237715954137548;
A(27,2)=-0.020030182487074246;
A(28,2)=0.019078649340642115;
A(29,2)=-0.018349969217509497;
A(30,2)=0.017820529620623544;
A(31,2)=-0.017474695720445115;
A(32,2)=0.017303893536721515;
A(33,2)=-0.017306246891008178;
A(34,2)=0.017486755273989463;
A(35,2)=-0.01785807722821914;
A(36,2)=0.0184420831497593;
A(37,2)=-0.019272489992694947;
A(38,2)=0.02039913681220952;
A(39,2)=-0.021894898716129877;
A(40,2)=0.02386706295849538;
A(41,2)=-0.026476634097771228;
A(42,2)=0.029972502050044706;
A(43,2)=-0.03475523747684723;
A(44,2)=0.04150447102892881;
A(45,2)=-0.05145584390464169;
A(46,2)=0.06707397029277008;
A(47,2)=-0.09395548900007686;
A(48,2)=0.14754659331480016;
A(49,2)=-0.28732078836354275;
A(50,2)=1.0011812430822986;
A(2,3)=1388.591162108616;
A(3,3)=-160.49434868673424;
A(4,3)=-113.21260629377525;
A(5,3)=29.363844827184703;
A(6,3)=-11.757277065971286;
A(7,3)=5.821030649446214;
A(8,3)=-3.286085927409062;
A(9,3)=2.0313368615051592;
A(10,3)=-1.3430747650758164;
A(11,3)=0.9356576704763102;
A(12,3)=-0.6798268761190147;
A(13,3)=0.5114269095516417;
A(14,3)=-0.39622188228175936;
A(15,3)=0.314840418830082;
A(16,3)=-0.2557782231278128;
A(17,3)=0.21191912858440817;
A(18,3)=-0.17870567888659897;
A(19,3)=0.1531303189609854;
A(20,3)=-0.1331559348743676;
A(21,3)=0.11737100754939996;
A(22,3)=-0.1047779209323234;
A(23,3)=0.09465941009156283;
A(24,3)=-0.08649225201766628;
A(25,3)=0.07989029867876861;
A(26,3)=-0.0745661920947801;
A(27,3)=0.0703052576830433;
A(28,3)=-0.06694752581788105;
A(29,3)=0.06437531982335938;
A(30,3)=-0.06250477773952237;
A(31,3)=0.06128027634525679;
A(32,3)=-0.060671136018665806;
A(33,3)=0.06067029054303379;
A(34,3)=-0.061294868553565585;
A(35,3)=0.06258890742595613;
A(36,3)=-0.06462876999575491;
A(37,3)=0.0675323560246392;
A(38,3)=-0.07147406421327597;
A(39,3)=0.07670899723755575;
A(40,3)=-0.08361279598042479;
A(41,3)=0.09274924406275377;
A(42,3)=-0.1049899255734835;
A(43,3)=0.1217376429941883;
A(44,3)=-0.14537251598912623;
A(45,3)=0.1802219021024768;
A(46,3)=-0.23491721193091855;
A(47,3)=0.3290586859761491;
A(48,3)=-0.5167412184564076;
A(49,3)=1.0062501599119484;
A(50,3)=-3.5062981980935426;
A(2,4)=-971.9111224872061;
A(3,4)=433.2275049028329;
A(4,4)=-65.10390008522074;
A(5,4)=-97.3573516567427;
A(6,4)=29.945037081984573;
A(7,4)=-13.417004974061202;
A(8,4)=7.200449956046064;
A(9,4)=-4.320900430690982;
A(10,4)=2.8029608478898447;
A(11,4)=-1.927425440533212;
A(12,4)=1.3874282334203598;
A(13,4)=-1.0365570493843697;
A(14,4)=0.7988350398194233;
A(15,4)=-0.6321499000513483;
A(16,4)=0.5118807493182369;
A(17,4)=-0.42298277584576865;
A(18,4)=0.35591381784832654;
A(19,4)=-0.30442604367672;
A(20,4)=0.2643147255687679;
A(21,4)=-0.23268188325665531;
A(22,4)=0.20748841080162406;
A(23,4)=-0.18727369648011427;
A(24,4)=0.17097559982759944;
A(25,4)=-0.1578122832049039;
A(26,4)=0.14720316496269456;
A(27,4)=-0.1387152261156955;
A(28,4)=0.13202614962465323;
A(29,4)=-0.1268989298826762;
A(30,4)=0.12316454787091365;
A(31,4)=-0.12071056514988485;
A(32,4)=0.119474340930363;
A(33,4)=-0.11944020415092262;
A(34,4)=0.12064044529527312;
A(35,4)=-0.12316054184713425;
A(36,4)=0.12714972495019983;
A(37,4)=-0.13283902401610484;
A(38,4)=0.14057062646533605;
A(39,4)=-0.15084541136923163;
A(40,4)=0.1644012033798767;
A(41,4)=-0.18234560311493023;
A(42,4)=0.2063911104044228;
A(43,4)=-0.23929414788131995;
A(44,4)=0.2857316732893052;
A(45,4)=-0.3542071477824907;
A(46,4)=0.4616818717872529;
A(47,4)=-0.6466718391649738;
A(48,4)=1.0154780217036359;
A(49,4)=-1.9773991261309565;
A(50,4)=6.890206194198047;
A(2,5)=798.4511670022524;
A(3,5)=-280.7744726828831;
A(4,5)=243.27205204273204;
A(5,5)=-34.90636429824893;
A(6,5)=-83.71690259426013;
A(7,5)=28.527232246954714;
A(8,5)=-13.761072272367688;
A(9,5)=7.812642570281096;
A(10,5)=-4.902430295719897;
A(11,5)=3.298598761804885;
A(12,5)=-2.3388431831430565;
A(13,5)=1.728300817271046;
A(14,5)=-1.321005224343671;
A(15,5)=1.0387383806204458;
A(16,5)=-0.8369066271395331;
A(17,5)=0.688781563291489;
A(18,5)=-0.5776657994934415;
A(19,5)=0.4927584352442461;
A(20,5)=-0.4268619517894916;
A(21,5)=0.3750558120484685;
A(22,5)=-0.3339010660329256;
A(23,5)=0.3009482463187815;
A(24,5)=-0.27442451031271786;
A(25,5)=0.25302998181656966;
A(26,5)=-0.23580247045793967;
A(27,5)=0.22202611769403605;
A(28,5)=-0.21116897737513615;
A(29,5)=0.20284016827888204;
A(30,5)=-0.19676068898767465;
A(31,5)=0.19274418043060204;
A(32,5)=-0.19068538939560697;
A(33,5)=0.19055515333009473;
A(34,5)=-0.19240161630205627;
A(35,5)=0.19635828583383447;
A(36,5)=-0.2026606605561129;
A(37,5)=0.21167480682850942;
A(38,5)=-0.22394397507724317;
A(39,5)=0.24026415900059703;
A(40,5)=-0.2618085537577702;
A(41,5)=0.29033886697237415;
A(42,5)=-0.3285794032038593;
A(43,5)=0.38091559274773645;
A(44,5)=-0.45478879801082744;
A(45,5)=0.5637289919554817;
A(46,5)=-0.7347239334858626;
A(47,5)=1.0290583427429538;
A(48,5)=-1.6158737130255063;
A(49,5)=3.1464298895606797;
A(50,5)=-10.96348574428993;
A(2,6)=-694.2759283987521;
A(3,6)=224.42581326346206;
A(4,6)=-149.37216551737717;
A(5,6)=167.12233956266095;
A(6,6)=-21.63864191124377;
A(7,6)=-73.1449100979967;
A(8,6)=26.705345741990502;
A(9,6)=-13.579736581284397;
A(10,6)=8.040233945793453;
A(11,6)=-5.222184805197137;
A(12,6)=3.617139212313007;
A(13,6)=-2.6293350086919913;
A(14,6)=1.985620647308327;
A(15,6)=-1.5471426038239;
A(16,6)=1.2376983072571683;
A(17,6)=-1.0129011479314178;
A(18,6)=0.8456278694951281;
A(19,6)=-0.7186366410862663;
A(20,6)=0.62059775998306;
A(21,6)=-0.543853830027155;
A(22,6)=0.4831033739076715;
A(23,6)=-0.43459978688661377;
A(24,6)=0.39564905336771666;
A(25,6)=-0.3642865456592154;
