tLegendre(2)=0.0005667977899644749;
tLegendre(3)=0.0029840152839546437;
tLegendre(4)=0.007322957975997059;
tLegendre(5)=0.013567807446653963;
tLegendre(6)=0.021694522378596027;
tLegendre(7)=0.03167169052756103;
tLegendre(8)=0.043460721672104054;
tLegendre(9)=0.05701601023819348;
tLegendre(10)=0.07228511528502696;
tLegendre(11)=0.08920896457033202;
tLegendre(12)=0.10772208354980037;
tLegendre(13)=0.12775284888696573;
tLegendre(14)=0.14922376564658887;
tLegendre(15)=0.17205176715728032;
tLegendre(16)=0.1961485364075249;
tLegendre(17)=0.22142084774267498;
tLegendre(18)=0.2477709275462679;
tLegendre(19)=0.2750968325129806;
tLegendre(20)=0.3032928440512174;
tLegendre(21)=0.3322498772902813;
tLegendre(22)=0.361855903110234;
tLegendre(23)=0.39199638156197913;
tLegendre(24)=0.42255470500092707;
tLegendre(25)=0.45341264921995694;
tLegendre(26)=0.48445083083640555;
tLegendre(27)=0.5155491691635944;
tLegendre(28)=0.5465873507800431;
tLegendre(29)=0.5774452949990729;
tLegendre(30)=0.6080036184380209;
tLegendre(31)=0.638144096889766;
tLegendre(32)=0.6677501227097187;
tLegendre(33)=0.6967071559487825;
tLegendre(34)=0.7249031674870194;
tLegendre(35)=0.752229072453732;
tLegendre(36)=0.778579152257325;
tLegendre(37)=0.8038514635924752;
tLegendre(38)=0.8279482328427197;
tLegendre(39)=0.8507762343534111;
tLegendre(40)=0.8722471511130343;
tLegendre(41)=0.8922779164501996;
tLegendre(42)=0.910791035429668;
tLegendre(43)=0.927714884714973;
tLegendre(44)=0.9429839897618065;
tLegendre(45)=0.956539278327896;
tLegendre(46)=0.968328309472439;
tLegendre(47)=0.978305477621404;
tLegendre(48)=0.986432192553346;
tLegendre(49)=0.992677042024003;
tLegendre(50)=0.9970159847160454;
tLegendre(51)=0.9994332022100355;
A(2,2)=-881.648533624972;
A(3,2)=-118.413286740896;
A(4,2)=21.653505871784148;
A(5,2)=-7.116676786027803;
A(6,2)=3.0984446159797754;
A(7,2)=-1.5967158526447327;
A(8,2)=0.9216342475962489;
A(9,2)=-0.5774388753614244;
A(10,2)=0.3850812343408945;
A(11,2)=-0.26978158309964656;
A(12,2)=0.19674367603626017;
A(13,2)=-0.14836011276556937;
A(14,2)=0.1151028457346962;
A(15,2)=-0.09152426792382216;
A(16,2)=0.07436323986059726;
A(17,2)=-0.061589899902523414;
A(18,2)=0.05189775860559889;
A(19,2)=-0.044421138102208;
A(20,2)=0.0385717081487392;
A(21,2)=-0.03394063531800178;
A(22,2)=0.030238221196305433;
A(23,2)=-0.027255662814462657;
A(24,2)=0.02484024952049111;
A(25,2)=-0.02287893650532676;
A(26,2)=0.02128726718838966;
A(27,2)=-0.020001788939260398;
A(28,2)=0.01897480126861761;
A(29,2)=-0.01817069792072786;
A(30,2)=0.01756342781379865;
A(31,2)=-0.01713476922392672;
A(32,2)=0.016873225127180827;
A(33,2)=-0.016773428761253987;
A(34,2)=0.016836013067706986;
A(35,2)=-0.01706795815732349;
A(36,2)=0.017483499781911237;
A(37,2)=-0.018105775399858037;
A(38,2)=0.01896952918732327;
A(39,2)=-0.020125441218049617;
A(40,2)=0.021647082914079466;
A(41,2)=-0.023642325845147243;
A(42,2)=0.02627267336387543;
A(43,2)=-0.029787451018150706;
A(44,2)=0.03458762215801915;
A(45,2)=-0.041353187532470914;
A(46,2)=0.05132015969780569;
A(47,2)=-0.06695355911544246;
A(48,2)=0.09385052372275643;
A(49,2)=-0.14745796156143712;
A(50,2)=0.2872506415645269;
A(51,2)=-1.0011348820772354;
A(2,3)=1445.333626324042;
A(3,3)=-167.05796700834725;
A(4,3)=-117.79533225297551;
A(5,3)=30.54195660032436;
A(6,3)=-12.223476507206898;
A(7,3)=6.048460166446862;
A(8,3)=-3.412188778668405;
A(9,3)=2.1076414881174355;
A(10,3)=-1.392278623301852;
A(11,3)=0.9689548708080148;
A(12,3)=-0.7032239548235255;
A(13,3)=0.5283653860278775;
A(14,3)=-0.4087800851541244;
A(15,3)=0.32432870030255795;
A(16,3)=-0.263052890982004;
A(17,3)=0.21755688463641393;
A(18,3)=-0.1831048992863488;
A(19,3)=0.15657210239134564;
A(20,3)=-0.1358421029566911;
A(21,3)=0.11944842126738427;
A(22,3)=-0.10635440970625008;
A(23,3)=0.09581440832832751;
A(24,3)=-0.08728400258818872;
A(25,3)=0.08036076659980196;
A(26,3)=-0.0747444033011147;
A(27,3)=0.07020951300604064;
A(28,3)=-0.06658677009140458;
A(29,3)=0.0637498304243334;
A(30,3)=-0.06160625129007613;
A(31,3)=0.06009132011797123;
A(32,3)=-0.05916409840177093;
A(33,3)=0.05880527900094329;
A(34,3)=-0.059016685942134925;
A(35,3)=0.05982246060550341;
A(36,3)=-0.06127222115524578;
A(37,3)=0.0634468111096643;
A(38,3)=-0.06646776073562863;
A(39,3)=0.07051243955950717;
A(40,3)=-0.0758384086632489;
A(41,3)=0.08282337086748497;
A(42,3)=-0.09203286903729715;
A(43,3)=0.10434002291084377;
A(44,3)=-0.12114901845030733;
A(45,3)=0.14484127841129082;
A(46,3)=-0.17974546700437413;
A(47,3)=0.23449442336802281;
A(48,3)=-0.3286901418614043;
A(49,3)=0.5164300265096271;
A(50,3)=-1.006003861798649;
A(51,3)=3.5061353574689544;
A(2,4)=-1011.7469456653462;
A(3,4)=450.92476783644855;
A(4,4)=-67.77473146563811;
A(5,4)=-101.27545165065045;
A(6,4)=31.13610327989084;
A(7,4)=-13.9428586870286;
A(8,4)=7.477646797052793;
A(9,4)=-4.483736407738764;
A(10,4)=2.905988216036982;
A(11,4)=-1.9962494533976716;
A(12,4)=1.4353449646511787;
A(13,4)=-1.0710116260639384;
A(14,4)=0.8242487626874938;
A(15,4)=-0.6512752960769645;
A(16,4)=0.5264990859458162;
A(17,4)=-0.4342844898355318;
A(18,4)=0.3647161958020052;
A(19,4)=-0.3113029123165748;
A(20,4)=0.2696764208073777;
A(21,4)=-0.2368260281273326;
A(22,4)=0.21063296771691098;
A(23,4)=-0.18957892274648414;
A(24,4)=0.17255885448044467;
A(25,4)=-0.1587580951095037;
A(26,4)=0.14757006040018827;
A(27,4)=-0.1385402552381031;
A(28,4)=0.13132769486527532;
A(29,4)=-0.12567813951067064;
A(30,4)=0.12140556214435172;
A(31,4)=-0.11837955607452955;
A(32,4)=0.11651724193367825;
A(33,4)=-0.11577883534064357;
A(34,4)=0.11616650777264177;
A(35,4)=-0.11772660613944613;
A(36,4)=0.12055578097343608;
A(37,4)=-0.12481222422849188;
A(38,4)=0.13073421847672187;
A(39,4)=-0.13866988062360122;
A(40,4)=0.149124991894895;
A(41,4)=-0.1628414847194066;
A(42,4)=0.18093046116866443;
A(43,4)=-0.20510747448344313;
A(44,4)=0.23813169520848526;
A(45,4)=-0.2846826662806068;
A(46,4)=0.35326643774258604;
A(47,4)=-0.4608471362556943;
A(48,4)=0.6459442198031279;
A(49,4)=-1.0148636070922101;
A(50,4)=1.9769127125301884;
A(51,4)=-6.8898839341404745;
A(2,5)=831.3207027930964;
A(3,5)=-292.29442937839207;
A(4,5)=253.19309795107642;
A(5,5)=-36.34506087455118;
A(6,5)=-87.06169450248758;
A(7,5)=29.650381520940044;
A(8,5)=-14.293276738573873;
A(9,5)=8.108448566481593;
A(10,5)=-5.083490186830072;
A(11,5)=3.4169622071862973;
A(12,5)=-2.420025870728984;
A(13,5)=1.7860478970052245;
A(14,5)=-1.3632582510447768;
A(15,5)=1.070342295885166;
A(16,5)=-0.8609488407522001;
A(17,5)=0.7073008198256314;
A(18,5)=-0.5920485527416958;
A(19,5)=0.5039707468643142;
A(20,5)=-0.4355904117139861;
A(21,5)=0.38179596308032565;
A(22,5)=-0.339014404495865;
A(23,5)=0.3046997861696764;
A(24,5)=-0.27700795532168654;
A(25,5)=0.2545847588195126;
A(26,5)=-0.2364252444331302;
A(27,5)=0.2217784212616043;
A(28,5)=-0.21008196483862127;
A(29,5)=0.20091709058403825;
A(30,5)=-0.19397738743419976;
A(31,5)=0.1890476525288301;
A(32,5)=-0.18599024298517125;
A(33,5)=0.18473748914499583;
A(34,5)=-0.18528950688166732;
A(35,5)=0.18771746248429216;
A(36,5)=-0.19217313155141458;
A(37,5)=0.19890664031845887;
A(38,5)=-0.20829587746432526;
A(39,5)=0.2208937444678198;
A(40,5)=-0.23750420298122288;
A(41,5)=0.2593071158220334;
A(42,5)=-0.288069866158594;
A(43,5)=0.32652170051826085;
A(44,5)=-0.37905248944955505;
A(45,5)=0.4531077649120309;
A(46,5)=-0.5622216662926942;
A(47,5)=0.7333864889772418;
A(48,5)=-1.0278924948931418;
A(49,5)=1.6148890520844652;
A(50,5)=-3.1456497275181636;
A(51,5)=10.962965676884297;
A(2,6)=-723.0208284363886;
A(3,6)=233.68677864234093;
A(4,6)=-155.49901774260894;
A(5,6)=173.91731922793133;
A(6,6)=-22.536204560148036;
A(7,6)=-76.04183508297761;
A(8,6)=27.744398611344142;
A(9,6)=-14.097056886365275;
A(10,6)=8.339043011973747;
A(11,6)=-5.4107754869987135;
A(12,6)=3.7435212674668974;
A(13,6)=-2.7177869157524532;
A(14,6)=2.0495809885597844;
A(15,6)=-1.5945623314231037;
A(16,6)=1.2735299829609354;
A(17,6)=-1.0403586669312634;
A(18,6)=0.8668672982873525;
A(19,6)=-0.7351441606034318;
A(20,6)=0.6334205283465856;
