tLegendre(2)=0.0007298996816128876;
tLegendre(3)=0.0038418039307420958;
tLegendre(4)=0.009424083461043016;
tLegendre(5)=0.01745017478875343;
tLegendre(6)=0.02788024544090295;
tLegendre(7)=0.04066237000791211;
tLegendre(8)=0.055732880856978396;
tLegendre(9)=0.07301670249764482;
tLegendre(10)=0.0924277301774325;
tLegendre(11)=0.11386926037562205;
tLegendre(12)=0.1372344731696415;
tLegendre(13)=0.16240696466693882;
tLegendre(14)=0.18926132704821208;
tLegendre(15)=0.21766377340726462;
tLegendre(16)=0.24747280430589885;
tLegendre(17)=0.2785399127372943;
tLegendre(18)=0.3107103239926464;
tLegendre(19)=0.3438237667486071;
tLegendre(20)=0.3777152715358994;
tLegendre(21)=0.4122159926122416;
tLegendre(22)=0.44715404914567336;
tLegendre(23)=0.48235538151793234;
tLegendre(24)=0.5176446184820677;
tLegendre(25)=0.5528459508543266;
tLegendre(26)=0.5877840073877584;
tLegendre(27)=0.6222847284641007;
tLegendre(28)=0.656176233251393;
tLegendre(29)=0.6892896760073536;
tLegendre(30)=0.7214600872627057;
tLegendre(31)=0.7525271956941012;
tLegendre(32)=0.7823362265927354;
tLegendre(33)=0.8107386729517879;
tLegendre(34)=0.8375930353330612;
tLegendre(35)=0.8627655268303585;
tLegendre(36)=0.8861307396243779;
tLegendre(37)=0.9075722698225676;
tLegendre(38)=0.9269832975023552;
tLegendre(39)=0.9442671191430216;
tLegendre(40)=0.9593376299920879;
tLegendre(41)=0.972119754559097;
tLegendre(42)=0.9825498252112466;
tLegendre(43)=0.9905759165389569;
tLegendre(44)=0.9961581960692579;
tLegendre(45)=0.9992701003183871;
A(2,2)=0.0009363512007781944;
A(3,2)=0.0020261118578810606;
A(4,2)=0.0017975502507732624;
A(5,2)=0.0019193965597466933;
A(6,2)=0.0018400987390419165;
A(7,2)=0.0018971227047771676;
A(8,2)=0.001853530568606113;
A(9,2)=0.0018882707368494773;
A(10,2)=0.0018597345826376007;
A(11,2)=0.0018837206103275981;
A(12,2)=0.0018631905406791562;
A(13,2)=0.001881021571442269;
A(14,2)=0.0018653469295937357;
A(15,2)=0.0018792657539349288;
A(16,2)=0.0018667997656821886;
A(17,2)=0.0018780468522281975;
A(18,2)=0.0018678348360109177;
A(19,2)=0.00187715845282054;
A(20,2)=0.0018686046587149889;
A(21,2)=0.0018764856034220246;
A(22,2)=0.0018691974014966649;
A(23,2)=0.0018759596159474096;
A(24,2)=0.0018696673369408801;
A(25,2)=0.0018755370501798954;
A(26,2)=0.0018700496554377131;
A(27,2)=0.0018751890723281092;
A(28,2)=0.0018703682443525988;
A(29,2)=0.001874895674797684;
A(30,2)=0.0018706400509502408;
A(31,2)=0.0018746423305848051;
A(32,2)=0.0018708776915797687;
A(33,2)=0.0018744179185193016;
A(34,2)=0.0018710911417744857;
A(35,2)=0.0018742133016513359;
A(36,2)=0.0018712889861580032;
A(37,2)=0.0018740201589422625;
A(38,2)=0.0018714796030620704;
A(39,2)=0.0018738296573075385;
A(40,2)=0.0018716728307719898;
A(41,2)=0.0018736301019851615;
A(42,2)=0.0018718836946272084;
A(43,2)=0.0018734002315657493;
A(44,2)=0.00187214651371402;
A(45,2)=0.0018730711208200998;
A(2,3)=-0.0003563663172657962;
A(3,3)=0.002175120341881211;
A(4,3)=0.004728912462199863;
A(5,3)=0.004153565533579173;
A(6,3)=0.004477955765759449;
A(7,3)=0.004258052760261844;
A(8,3)=0.004421079284674769;
A(9,3)=0.004293492268267845;
A(10,3)=0.004397079974482752;
A(11,3)=0.004310699013563505;
A(12,3)=0.004384215793478425;
A(13,3)=0.00432063117726509;
A(14,3)=0.004376348413706092;
A(15,3)=0.004326994893613667;
A(16,3)=0.004371110126624211;
A(17,3)=0.004331371436938365;
A(18,3)=0.004367406234659151;
A(19,3)=0.004334541583104288;
A(20,3)=0.004364665646932668;
A(21,3)=0.004336932200193393;
A(22,3)=0.004362563209330161;
A(23,3)=0.004338795137890786;
A(24,3)=0.004360900907237935;
A(25,3)=0.0043402882176215365;
A(26,3)=0.004359551361888889;
A(27,3)=0.004341515471896163;
A(28,3)=0.004358428634733369;
A(29,3)=0.004342548695763174;
A(30,3)=0.004357472054824325;
A(31,3)=0.004343439783377619;
A(32,3)=0.004356636644385766;
A(33,3)=0.004344228306091275;
A(34,3)=0.004355886974061213;
A(35,3)=0.0043449466564936;
A(36,3)=0.004355192663112813;
A(37,3)=0.004345624231648956;
A(38,3)=0.004354524161408088;
A(39,3)=0.0043462921367613755;
A(40,3)=0.004353846873052472;
A(41,3)=0.004346991445982377;
A(42,3)=0.004353108077991472;
A(43,3)=0.004347796705105098;
A(44,3)=0.004352187510390814;
A(45,3)=0.004348949370254482;
A(2,4)=0.0002732792024532463;
A(3,4)=-0.0005927664137720778;
A(4,4)=0.0034048966888949963;
A(5,4)=0.00741112861756596;
A(6,4)=0.0064912413850990594;
A(7,4)=0.007020510099875221;
A(8,4)=0.0066552367917602825;
A(9,4)=0.006930188138112099;
A(10,4)=0.0067122194045770005;
A(11,4)=0.006891133615984561;
A(12,4)=0.006740535684353818;
A(13,4)=0.006869744900884906;
A(14,4)=0.006757205100351681;
A(15,4)=0.006856427469148003;
A(16,4)=0.006768061688594809;
A(17,4)=0.006847426657413627;
A(18,4)=0.006775631559726032;
A(19,4)=0.006840980957895323;
A(20,4)=0.0067811799474383665;
A(21,4)=0.006836158623623076;
A(22,4)=0.006785407868912011;
A(23,4)=0.006832422289174368;
A(24,4)=0.006788734106622287;
A(25,4)=0.006829440702859485;
A(26,4)=0.006791424257348196;
A(27,4)=0.006826998200378638;
A(28,4)=0.006793655561880977;
A(29,4)=0.006824947392806183;
A(30,4)=0.006795552050583117;
A(31,4)=0.0068231826019624275;
A(32,4)=0.006797204986102929;
A(33,4)=0.006821623810678066;
A(34,4)=0.006798685773187552;
A(35,4)=0.006820205945046987;
A(36,4)=0.006800055250964638;
A(37,4)=0.006818870318309541;
A(38,4)=0.0068013722349097635;
A(39,4)=0.006817555194715707;
A(40,4)=0.006802705213246927;
A(41,4)=0.006816179440045619;
A(42,4)=0.006804158139562476;
A(43,4)=0.00681459626138262;
A(44,4)=0.006805967614829744;
A(45,4)=0.00681233092896343;
A(2,5)=-0.00023028493195483823;
A(3,5)=0.0004175494770042469;
A(4,5)=-0.0008155572631213717;
A(5,5)=0.004617870434203687;
A(6,5)=0.010055811246953449;
A(7,5)=0.00879739728866616;
A(8,5)=0.009528456769666883;
A(9,5)=0.009019108609687961;
A(10,5)=0.009405870451669702;
A(11,5)=0.009096849151223175;
A(12,5)=0.009352281002362314;
A(13,5)=0.00913593435954605;
A(14,5)=0.009322585109581998;
A(15,5)=0.00915920907249553;
A(16,5)=0.009303889879269667;
A(17,5)=0.009174528325138025;
A(18,5)=0.009291126965036034;
A(19,5)=0.009185312295605062;
A(20,5)=0.00928190355577953;
A(21,5)=0.00919328566058316;
A(22,5)=0.009274944953432689;
A(23,5)=0.009199411041732148;
A(24,5)=0.009269510434002752;
A(25,5)=0.009204267980407252;
A(26,5)=0.00926513970766955;
A(27,5)=0.009208227134251548;
A(28,5)=0.00926153039507798;
A(29,5)=0.009211538293627784;
A(30,5)=0.009258473555300871;
A(31,5)=0.009214378498376263;
A(32,5)=0.00925581708979883;
A(33,5)=0.009216880449631688;
A(34,5)=0.00925344314165393;
A(35,5)=0.009219151058060857;
A(36,5)=0.009251252212097542;
A(37,5)=0.009221285873843755;
A(38,5)=0.009249148955994026;
A(39,5)=0.009223384566563197;
A(40,5)=0.009247023213335542;
A(41,5)=0.009225577218358785;
A(42,5)=0.00924470874837123;
A(43,5)=0.009228098110820804;
A(44,5)=0.009241828464931844;
A(45,5)=0.009231703192672674;
A(2,6)=0.0002022295146882414;
A(3,6)=-0.00034101683466657655;
A(4,6)=0.0005433670628824035;
A(5,6)=-0.001031398045323268;
A(6,6)=0.005807870475504803;
A(7,6)=0.012649912064662499;
A(8,6)=0.01106028340435004;
A(9,6)=0.01198870629330245;
A(10,6)=0.011338192990443108;
A(11,6)=0.011834857362499849;
A(12,6)=0.011435980729084127;
A(13,6)=0.01176725226017535;
A(14,6)=0.01148545011863628;
A(15,6)=0.01172953615967757;
A(16,6)=0.011515115748629148;
A(17,6)=0.011705622769321291;
A(18,6)=0.011534779848376224;
A(19,6)=0.011689183243300323;
A(20,6)=0.01154871769705082;
A(21,6)=0.011677222366182492;
A(22,6)=0.011559091786873546;
A(23,6)=0.011668138777122207;
A(24,6)=0.011567114035195336;
A(25,6)=0.01166099769180702;
A(26,6)=0.011573517757953821;
A(27,6)=0.011655214955287565;
A(28,6)=0.011578774950431572;
A(29,6)=0.011650404002565737;
A(30,6)=0.011583206442971065;
A(31,6)=0.0116462949372229;
A(32,6)=0.011587042554435538;
A(33,6)=0.01164268809291466;
A(34,6)=0.01159045952716605;
A(35,6)=0.011639424555354615;
A(36,6)=0.011593604384474624;
A(37,6)=0.01163636395709395;
A(38,6)=0.011596616399575236;
A(39,6)=0.011633361490566006;
A(40,6)=0.011599654836279746;
A(41,6)=0.01163022988815339;
