tLegendre(2)=0.0011467154501998513;
tLegendre(3)=0.006032117778074251;
tLegendre(4)=0.014781191980385083;
tLegendre(5)=0.027327425896086336;
tLegendre(6)=0.04357286932034119;
tLegendre(7)=0.06339043748738883;
tLegendre(8)=0.0866250504538873;
tLegendre(9)=0.11309487385654372;
tLegendre(10)=0.1425927492216856;
tLegendre(11)=0.1748878176670548;
tLegendre(12)=0.20972732762511775;
tLegendre(13)=0.2468386133792557;
tLegendre(14)=0.2859312292410929;
tLegendre(15)=0.326699222784593;
tLegendre(16)=0.36882352939535196;
tLegendre(17)=0.4119744694170052;
tLegendre(18)=0.4558143283621704;
tLegendre(19)=0.5;
tLegendre(20)=0.5441856716378296;
tLegendre(21)=0.5880255305829948;
tLegendre(22)=0.631176470604648;
tLegendre(23)=0.6733007772154069;
tLegendre(24)=0.7140687707589072;
tLegendre(25)=0.7531613866207443;
tLegendre(26)=0.7902726723748823;
tLegendre(27)=0.8251121823329451;
tLegendre(28)=0.8574072507783144;
tLegendre(29)=0.8869051261434563;
tLegendre(30)=0.9133749495461128;
tLegendre(31)=0.9366095625126112;
tLegendre(32)=0.9564271306796588;
tLegendre(33)=0.9726725741039136;
tLegendre(34)=0.9852188080196149;
tLegendre(35)=0.9939678822219258;
tLegendre(36)=0.9988532845498002;
A(2,2)=0.0014708583551107713;
A(3,2)=0.0031826983586388867;
A(4,2)=0.002823665138720673;
A(5,2)=0.0030150647250900284;
A(6,2)=0.0028905035109880925;
A(7,2)=0.0029800739105658135;
A(8,2)=0.00291160566691146;
A(9,2)=0.0029661651344474083;
A(10,2)=0.0029213558880654892;
A(11,2)=0.002959011833277418;
A(12,2)=0.0029267916258859253;
A(13,2)=0.0029547637515746675;
A(14,2)=0.002930188794834647;
A(15,2)=0.0029519941298542882;
A(16,2)=0.0029324843769994043;
A(17,2)=0.0029500638839974527;
A(18,2)=0.0029341282703253145;
A(19,2)=0.002948647643372356;
A(20,2)=0.0029353613733978834;
A(21,2)=0.0029475632888620006;
A(22,2)=0.00293632401426389;
A(23,2)=0.0029467007405332476;
A(24,2)=0.002937104068669832;
A(25,2)=0.002945988579835693;
A(26,2)=0.0029377607154334826;
A(27,2)=0.002945376670869363;
A(28,2)=0.0029383375797889513;
A(29,2)=0.00294482575834926;
A(30,2)=0.0029388715423263106;
A(31,2)=0.0029442992029813835;
A(32,2)=0.002939401705445294;
A(33,2)=0.0029437513184251557;
A(34,2)=0.00293998791348961;
A(35,2)=0.0029430909020274126;
A(36,2)=0.002940806296216493;
A(2,3)=-0.0005591291483336987;
A(3,3)=0.003412707087090373;
A(4,3)=0.00741953926648083;
A(5,3)=0.006516839008650482;
A(6,3)=0.007025789752297144;
A(7,3)=0.006680784057925523;
A(8,3)=0.006936542078387885;
A(9,3)=0.006736400666927956;
A(10,3)=0.006898871486627403;
A(11,3)=0.0067634176574878175;
A(12,3)=0.006878663666365407;
A(13,3)=0.006779029915573683;
A(14,3)=0.006866285742939751;
A(15,3)=0.00678905452628954;
A(16,3)=0.006858020273674024;
A(17,3)=0.006795975413615804;
A(18,3)=0.0068521463082863885;
A(19,3)=0.006801021538880646;
A(20,3)=0.006847763213893544;
A(21,3)=0.006804868060328652;
A(22,3)=0.006844354426855162;
A(23,3)=0.0068079177590498014;
A(24,3)=0.006841600089923503;
A(25,3)=0.0068104293872013845;
A(26,3)=0.006839286694710183;
A(27,3)=0.006812583124220688;
A(28,3)=0.006837258039100993;
A(29,3)=0.006814519022738989;
A(30,3)=0.006835383002099941;
A(31,3)=0.0068163669064266585;
A(32,3)=0.006833523468975445;
A(33,3)=0.006818287698870763;
A(34,3)=0.006831469116846814;
A(35,3)=0.006820601411752632;
A(36,3)=0.006828602594125209;
A(2,4)=0.00042784733126843784;
A(3,4)=-0.0009280401954174164;
A(4,4)=0.0053307449778708955;
A(5,4)=0.011602943752388328;
A(6,4)=0.010162770463840358;
A(7,4)=0.010991373235820737;
A(8,4)=0.010419542477201347;
A(9,4)=0.010849939328417933;
A(10,4)=0.010508786509869599;
A(11,4)=0.010788756349728833;
A(12,4)=0.01055316580771763;
A(13,4)=0.010755213722879542;
A(14,4)=0.010579330145702953;
A(15,4)=0.010734285740931934;
A(16,4)=0.010596418384284248;
A(17,4)=0.010720088293038343;
A(18,4)=0.010608392087935162;
A(19,4)=0.010709855812501253;
A(20,4)=0.010617241151550971;
A(21,4)=0.010702118928942765;
A(22,4)=0.010624075661568547;
A(23,4)=0.010696021353462742;
A(24,4)=0.010629569282557778;
A(25,4)=0.010691022614271859;
A(26,4)=0.010634164649638103;
A(27,4)=0.010686751762490752;
A(28,4)=0.010638181228470014;
A(29,4)=0.010682924191351272;
A(30,4)=0.010641883810193495;
A(31,4)=0.010679279318167182;
A(32,4)=0.010645548044517892;
A(33,4)=0.010675497580603993;
A(34,4)=0.010649589897176672;
A(35,4)=0.01067094794741372;
A(36,4)=0.01065522437995437;
A(2,5)=-0.00035941071275951987;
A(3,5)=0.0006516816037236943;
A(4,5)=-0.0012728716387999759;
A(5,5)=0.007207315027223563;
A(6,5)=0.015694542031074368;
A(7,5)=0.013730508146539281;
A(8,5)=0.014871447832892307;
A(9,5)=0.014076580895493204;
A(10,5)=0.014680073392566714;
A(11,5)=0.014197974241604768;
A(12,5)=0.014596360670812058;
A(13,5)=0.014259064135022804;
A(14,5)=0.014549908783936822;
A(15,5)=0.014295512491084229;
A(16,5)=0.014520587273214433;
A(17,5)=0.014319588137929355;
A(18,5)=0.014500475202329848;
A(19,5)=0.01433664135053426;
A(20,5)=0.01448582368420013;
A(21,5)=0.014349380752498095;
A(22,5)=0.014474623295406767;
A(23,5)=0.014359332542549227;
A(24,5)=0.014465689340027617;
A(25,5)=0.014367435973716399;
A(26,5)=0.014458260801272185;
A(27,5)=0.014374322499810592;
A(28,5)=0.014451798981291486;
A(29,5)=0.014380467653197714;
A(30,5)=0.014445865423479773;
A(31,5)=0.014386299152534547;
A(32,5)=0.014440011406625755;
A(33,5)=0.014392333396857696;
A(34,5)=0.01443356875168066;
A(35,5)=0.014399579611710017;
A(36,5)=0.014424599785542893;
A(2,6)=0.00031432573905446624;
A(3,6)=-0.0005300473463839342;
A(4,6)=0.0008445732590232193;
A(5,6)=-0.0016031549056919846;
A(6,6)=0.009027528965865846;
A(7,6)=0.01966251751456829;
A(8,6)=0.017191714458436473;
A(9,6)=0.01863471325608969;
A(10,6)=0.017623752882693352;
A(11,6)=0.018395493295592872;
A(12,6)=0.017775852017038976;
A(13,6)=0.018290288212802937;
A(14,6)=0.01785289076118194;
A(15,6)=0.018231492424694976;
A(16,6)=0.01789920231867255;
A(17,6)=0.0181940891086816;
A(18,6)=0.017930037829504922;
A(19,6)=0.018168223583149293;
A(20,6)=0.0179520629396685;
A(21,6)=0.018149216287906306;
A(22,6)=0.017968667275986522;
A(23,6)=0.018134544314842696;
A(24,6)=0.017981775284770206;
A(25,6)=0.018122705254952753;
A(26,6)=0.01799258746315853;
A(27,6)=0.018112715729753426;
A(28,6)=0.01800193254857309;
A(29,6)=0.018103852813857742;
A(30,6)=0.01801046935052716;
A(31,6)=0.018095481158192324;
A(32,6)=0.018018857190709205;
A(33,6)=0.018086849367393923;
A(34,6)=0.018028060567209014;
A(35,6)=0.018076509199532787;
A(36,6)=0.018040849376162023;
A(2,7)=-0.0002810465035509542;
A(3,7)=0.0004567324394905017;
A(4,7)=-0.0006669212190331275;
A(5,7)=0.0010229681933314058;
A(6,7)=-0.001918992639934536;
A(7,7)=0.010777105581542554;
A(8,7)=0.023476083149240313;
A(9,7)=0.020519033655335788;
A(10,7)=0.02225163223847771;
A(11,7)=0.021033415716918004;
A(12,7)=0.021966731144162897;
A(13,7)=0.02121475295692565;
A(14,7)=0.021841095742862575;
A(15,7)=0.02130694359867229;
A(16,7)=0.021770566746997705;
A(17,7)=0.021362645129012644;
A(18,7)=0.02172544962604731;
A(19,7)=0.021399955513171313;
A(20,7)=0.02169404833478744;
A(21,7)=0.02142679091141964;
A(22,7)=0.021670798756560455;
A(23,7)=0.02144718933812919;
A(24,7)=0.02165268681701988;
A(25,7)=0.0214634595515752;
A(26,7)=0.021637898938462578;
A(27,7)=0.021477063928525185;
A(28,7)=0.0216252209616834;
A(29,7)=0.0214890463534531;
A(30,7)=0.021613715123647955;
A(31,7)=0.021500298491314362;
A(32,7)=0.021602468596670765;
A(33,7)=0.021511847936283045;
A(34,7)=0.021590175711733117;
A(35,7)=0.02152564048376161;
A(36,7)=0.021573133309490077;
A(2,8)=0.0002547165167984244;
A(3,8)=-0.000405159722565487;
A(4,8)=0.0005647228355108006;
A(5,8)=-0.0007886270107343933;
A(6,8)=0.0011899175640556802;
A(7,8)=-0.002218832274102408;
A(8,8)=0.012442342600338382;
A(9,8)=0.02710555857337725;
A(10,8)=0.023686251052473118;
A(11,8)=0.02569394815795058;
A(12,8)=0.024278883563995362;
A(13,8)=0.02536572501614277;
A(14,8)=0.02448789638430665;
A(15,8)=0.025220777304333804;
A(16,8)=0.024594401396959648;
A(17,8)=0.02513916028007288;
A(18,8)=0.024658987767709452;
A(19,8)=0.02508672772391752;
