tLegendre(2)=0.06943184420297371;
tLegendre(3)=0.33000947820757187;
tLegendre(4)=0.6699905217924281;
tLegendre(5)=0.9305681557970263;
A(2,2)=0.08696371128436346;
A(3,2)=0.18811811749986806;
A(4,2)=0.16719192197418878;
A(5,2)=0.1774825722545226;
A(2,3)=-0.026604180084998794;
A(3,3)=0.16303628871563652;
A(4,3)=0.35395300603374397;
A(5,3)=0.31344511474186837;
A(2,4)=0.012627462689404725;
A(3,4)=-0.027880428602470895;
A(4,4)=0.16303628871563652;
A(5,4)=0.35267675751627187;
A(2,5)=-0.0035551496857956833;
A(3,5)=0.006735500594538156;
A(4,5)=-0.014190694931141144;
A(5,5)=0.08696371128436346;
