tLegendre(2)=0.002221515104750951;
tLegendre(3)=0.011668039270241244;
tLegendre(4)=0.02851271438551283;
tLegendre(5)=0.05250400106086232;
tLegendre(6)=0.083278685619583;
tLegendre(7)=0.12037036848132118;
tLegendre(8)=0.16321681576326583;
tLegendre(9)=0.21116853487938853;
tLegendre(10)=0.26349863427714254;
tLegendre(11)=0.31941384709530607;
tLegendre(12)=0.3780665581395058;
tLegendre(13)=0.4385676536946448;
tLegendre(14)=0.5;
tLegendre(15)=0.5614323463053552;
tLegendre(16)=0.6219334418604943;
tLegendre(17)=0.6805861529046939;
tLegendre(18)=0.7365013657228575;
tLegendre(19)=0.7888314651206115;
tLegendre(20)=0.8367831842367341;
tLegendre(21)=0.8796296315186788;
tLegendre(22)=0.916721314380417;
tLegendre(23)=0.9474959989391377;
tLegendre(24)=0.9714872856144872;
tLegendre(25)=0.9883319607297587;
tLegendre(26)=0.997778484895249;
A(2,2)=-224.57050520254563;
A(3,2)=-30.515617968876533;
A(4,2)=5.676207777411812;
A(5,2)=-1.9123597360113056;
A(6,2)=0.8602448870476609;
A(7,2)=-0.46175347434482966;
A(8,2)=0.27995338481659676;
A(9,2)=-0.18585420081467866;
A(10,2)=0.13253924352972773;
A(11,2)=-0.1002660142412455;
A(12,2)=0.07978247455242385;
A(13,2)=-0.06638451838569945;
A(14,2)=0.05753163297204917;
A(15,2)=-0.05179911876449089;
A(16,2)=0.048386752436013335;
A(17,2)=-0.046882766442135945;
A(18,2)=0.047161135768038154;
A(19,2)=-0.0493684085384899;
A(20,2)=0.05400581050624438;
A(21,2)=-0.062178184263287445;
A(22,2)=0.07624825784452209;
A(23,2)=-0.10172516365719267;
A(24,2)=0.15396634687353314;
A(25,2)=-0.29232681171443775;
A(26,2)=1.0044628588260869;
A(2,3)=367.22627805542373;
A(3,3)=-42.34619833824197;
A(4,3)=-30.73348667359325;
A(5,3)=8.168632054838803;
A(6,3)=-3.3778607094231634;
A(7,3)=1.7410314806623202;
A(8,3)=-1.031697263451202;
A(9,3)=0.6752589900814798;
A(10,3)=-0.4770272247845493;
A(11,3)=0.35850075647469604;
A(12,3)=-0.2839019729352535;
A(13,3)=0.23538456120851933;
A(14,3)=-0.2034386495498392;
A(15,3)=0.18277937860916135;
A(16,3)=-0.17045249811970958;
A(17,3)=0.16493364831721874;
A(18,3)=-0.165734721994515;
A(19,3)=0.1733412802312245;
A(20,3)=-0.1894916836044509;
A(21,3)=0.21804441448561132;
A(22,3)=-0.2672669060839457;
A(23,3)=0.3564479379212617;
A(24,3)=-0.5393678029983282;
A(25,3)=1.0238936629353619;
A(26,3)=-3.5178736065967944;
A(2,4)=-254.8712926105904;
A(3,4)=114.6734526211146;
A(4,4)=-17.021361718885235;
A(5,4)=-26.857408853970014;
A(6,4)=8.53167030266981;
A(7,4)=-3.979748718949137;
A(8,4)=2.2420713118893563;
A(9,4)=-1.4246440399625915;
A(10,4)=0.9874959983553127;
A(11,4)=-0.7325922793302637;
A(12,4)=0.5748222438284636;
A(13,4)=-0.4733552703283373;
A(14,4)=0.40700913376743725;
A(15,4)=-0.3642231492709193;
A(16,4)=0.33859842688761776;
A(17,4)=-0.3268219671017227;
A(18,4)=0.32775617960048287;
A(19,4)=-0.3422505702765965;
A(20,4)=0.3736573493133898;
A(21,4)=-0.42951840558500964;
A(22,4)=0.5260534635414094;
A(23,4)=-0.7011485475338536;
A(24,4)=1.0604739836162334;
A(25,4)=-2.0125008548290446;
A(26,4)=6.913348380647364;
A(2,5)=206.8220920642049;
A(3,5)=-73.41166737157815;
A(4,5)=64.68875741913072;
A(5,5)=-8.99537704922623;
A(6,5)=-23.563163533881315;
A(7,5)=8.35985504075957;
A(8,5)=-4.2336475262264575;
A(9,5)=2.5453198868692337;
A(10,5)=-1.7068215807043707;
A(11,5)=1.23915463071038;
A(12,5)=-0.9578456825692443;
A(13,5)=0.78028399414379;
A(14,5)=-0.6655295355856666;
A(15,5)=0.5919090411953984;
A(16,5)=-0.5476335913824135;
A(17,5)=0.526591259956727;
A(18,5)=-0.5265081592299885;
A(19,5)=0.548467920838493;
A(20,5)=-0.59764308952886;
A(21,5)=0.6859332765010951;
A(22,5)=-0.8390816913576634;
A(23,5)=1.1173284256961662;
A(24,5)=-1.6887864556408536;
A(25,5)=3.203405084020152;
A(26,5)=-11.001597014919493;
A(2,6)=-176.9273695417908;
A(3,6)=57.73020183015497;
A(4,6)=-39.079081512831245;
A(5,6)=44.81043732841334;
A(6,6)=-5.458515187563977;
A(7,6)=-21.093546542292977;
A(8,6)=8.085956436700888;
A(9,6)=-4.354707083614118;
A(10,6)=2.755684320427489;
A(11,6)=-1.931533440212481;
A(12,6)=1.4587913405636244;
A(13,6)=-1.1692373598646062;
A(14,6)=0.9855611344336039;
A(15,6)=-0.8687942165397432;
A(16,6)=0.798348089853134;
A(17,6)=-0.7635982902966504;
A(18,6)=0.7602756332118885;
A(19,6)=-0.7893425533492707;
A(20,6)=0.8578266475640026;
A(21,6)=-0.9824753053978051;
A(22,6)=1.1998426352234997;
A(23,6)=-1.595694800909793;
A(24,6)=2.4095734425425266;
A(25,6)=-4.567794162649806;
A(26,6)=15.68205042040324;
A(2,7)=155.1425072354215;
A(3,7)=-48.60888688150355;
A(4,7)=29.779242640071406;
A(5,7)=-25.971201701743702;
A(6,7)=34.458575402300546;
A(7,7)=-3.5854251676242526;
A(8,7)=-19.28166006511257;
A(9,7)=7.839562043302595;
A(10,7)=-4.434868778070817;
A(11,7)=2.9287937897102476;
A(12,7)=-2.132890937880471;
A(13,7)=1.6686367060795286;
A(14,7)=-1.382747991175583;
A(15,7)=1.2038119279772481;
A(16,7)=-1.0958499475354164;
A(17,7)=1.0405942143293918;
A(18,7)=-1.0302274679883896;
A(19,7)=1.0648605617805569;
A(20,7)=-1.1531767904194987;
A(21,7)=1.3170731641779092;
A(22,7)=-1.604979007397793;
A(23,7)=2.130959375622052;
A(24,7)=-3.2139548804654257;
A(25,7)=6.087710875189196;
A(26,7)=-20.890973079606145;
A(2,8)=-137.81226745394767;
A(3,8)=42.20295418371251;
A(4,8)=-24.5803996748789;
A(5,8)=19.270346234914804;
A(6,8)=-19.353549701005814;
A(7,8)=28.25048731294226;
A(8,8)=-2.46588349546524;
A(9,8)=-17.9682366597084;
A(10,8)=7.661692952232012;
A(11,8)=-4.51756836436865;
A(12,8)=3.09658189079537;
A(13,8)=-2.334063253037152;
A(14,8)=1.8866593908170146;
A(15,8)=-1.6139156391859795;
A(16,8)=1.4503503549559593;
A(17,8)=-1.363882079391637;
A(18,8)=1.3402218884128918;
A(19,8)=-1.3772181297279902;
A(20,8)=1.4846346949690226;
A(21,8)=-1.6895747657262377;
A(22,8)=2.053188239194969;
A(23,8)=-2.7202995026821433;
A(24,8)=4.0965008288872;
A(25,8)=-7.751410345513086;
A(26,8)=26.585366011665155;
A(2,9)=123.24101200413698;
A(3,9)=-37.208457570644434;
A(4,9)=21.039073098559452;
A(5,9)=-15.606226625326185;
A(6,9)=14.040057979234698;
A(7,9)=-15.47227022356386;
A(8,9)=24.203946127126944;
A(9,9)=-1.7339280447417724;
A(10,9)=-17.04063380744667;
A(11,9)=7.565868187969373;
A(12,9)=-4.626542683921308;
A(13,9)=3.280202124203334;
A(14,9)=-2.5532289288824597;
A(15,9)=2.1295807566960994;
A(16,9)=-1.879812066103645;
A(17,9)=1.7446506750990207;
A(18,9)=-1.6974725518537384;
A(19,9)=1.7311133320990768;
A(20,9)=-1.8551688765312468;
A(21,9)=2.1016238243002645;
A(22,9)=-2.5449278221724274;
A(23,9)=3.3628443770402723;
A(24,9)=-5.054339585249694;
A(25,9)=9.55153765512466;
A(26,9)=-32.73648162187058;
A(2,10)=-110.52302288067294;
A(3,10)=33.05520471165628;
A(4,10)=-18.339224815039387;
A(5,10)=13.16039901121968;
A(6,10)=-11.172871697045935;
A(7,10)=11.006985831096497;
A(8,10)=-12.97868986931332;
A(9,10)=21.429455531687537;
A(10,10)=-1.2186576747658389;
A(11,10)=-16.424818627013632;
A(12,10)=7.558009258584675;
A(13,10)=-4.777962977467083;
A(14,10)=3.496739691479567;
A(15,10)=-2.807581886534151;
A(16,10)=2.4157961530764696;
A(17,10)=-2.2019293026347064;
A(18,10)=2.11415269620862;
A(19,10)=-2.134657253787929;
A(20,10)=2.270297746754395;
A(21,10)=-2.556941300952636;
A(22,10)=3.0825236553035364;
A(23,10)=-4.059626112337971;
A(24,10)=6.086904931486039;
A(25,10)=-11.484449689076905;
A(26,10)=39.3271543488197;
A(2,11)=99.12903741129696;
A(3,11)=-29.45273517165147;
A(4,11)=16.13046317370437;
A(5,11)=-11.32779305246614;
A(6,11)=9.284883276220336;
A(7,11)=-8.61817480631498;
A(8,11)=9.0729750296872;
A(9,11)=-11.280361934781494;
A(10,11)=19.47329545208366;
A(11,11)=-0.8307064792303827;
A(12,11)=-16.075030556522194;
A(13,11)=7.643875299817141;
A(14,11)=-4.986340657480606;
A(15,11)=3.7633356215195293;
A(16,11)=-3.116638189966506;
A(17,11)=2.7687615686894875;
A(18,11)=-2.6106114684447155;
A(19,11)=2.601194017121766;
A(20,11)=-2.739187777955755;
A(21,11)=3.062019208398391;
A(22,11)=-3.670617783633026;
A(23,11)=4.813859923686467;
A(24,11)=-7.196075980368551;
A(25,11)=13.550172425156974;
A(26,11)=-46.35113446721427;
A(2,12)=-88.73089131388394;
A(3,12)=26.237603851744733;
A(4,12)=-14.237648611200465;
A(5,12)=9.84998461453672;
A(6,12)=-7.8883759019347925;
