tLegendre(2)=0.03376524289842399;
tLegendre(3)=0.16939530676686773;
tLegendre(4)=0.38069040695840156;
tLegendre(5)=0.6193095930415985;
tLegendre(6)=0.8306046932331322;
tLegendre(7)=0.966234757101576;
A(2,2)=-14.290654263543217;
A(3,2)=-2.4466509445028177;
A(4,2)=0.6488246362813404;
A(5,2)=-0.3844176676506578;
A(6,2)=0.4164445218259688;
A(7,2)=-1.072421119155361;
A(2,3)=22.218567389788113;
A(3,3)=-2.349704562068192;
A(4,3)=-3.2103008033638982;
A(5,3)=1.5076667947315057;
A(6,3)=-1.5123802239776898;
A(7,3)=3.7818229417186564;
A(2,4)=-12.80563336161772;
A(3,4)=6.977107593694118;
A(4,4)=-0.5060525574186553;
A(5,4)=-4.1907778515820615;
A(6,4)=3.276687789274829;
A(7,4)=-7.587122057936119;
A(2,5)=7.587122057936119;
A(3,5)=-3.276687789274829;
A(4,5)=4.1907778515820615;
A(5,5)=0.5060525574186553;
A(6,5)=-6.977107593694118;
A(7,5)=12.80563336161772;
A(2,6)=-3.7818229417186564;
A(3,6)=1.5123802239776898;
A(4,6)=-1.5076667947315057;
A(5,6)=3.2103008033638982;
A(6,6)=2.349704562068192;
A(7,6)=-22.218567389788113;
A(2,7)=1.072421119155361;
A(3,7)=-0.4164445218259688;
A(4,7)=0.3844176676506578;
A(5,7)=-0.6488246362813404;
A(6,7)=2.4466509445028177;
A(7,7)=14.290654263543217;
