tLegendre(2)=0.0007638338787461432;
tLegendre(3)=0.0040202212033779265;
tLegendre(4)=0.009860889509872335;
tLegendre(5)=0.018256693492960004;
tLegendre(6)=0.02916402157618107;
tLegendre(7)=0.04252604639693063;
tLegendre(8)=0.05827311739069157;
tLegendre(9)=0.07632314189534248;
tLegendre(10)=0.09658201793153068;
tLegendre(11)=0.11894412640252244;
tLegendre(12)=0.14329288236552148;
tLegendre(13)=0.16950134312425094;
tLegendre(14)=0.19743287018019953;
tLegendre(15)=0.22694184166995765;
tLegendre(16)=0.25787441160713265;
tLegendre(17)=0.2900693119853654;
tLegendre(18)=0.3233586935678481;
tLegendre(19)=0.35756900098354316;
tLegendre(20)=0.3925218775697409;
tLegendre(21)=0.42803509524464334;
tLegendre(22)=0.46392350456270687;
tLegendre(23)=0.5;
tLegendre(24)=0.5360764954372931;
tLegendre(25)=0.5719649047553567;
tLegendre(26)=0.6074781224302591;
tLegendre(27)=0.6424309990164568;
tLegendre(28)=0.6766413064321519;
tLegendre(29)=0.7099306880146347;
tLegendre(30)=0.7421255883928674;
tLegendre(31)=0.7730581583300423;
tLegendre(32)=0.8025671298198005;
tLegendre(33)=0.8304986568757491;
tLegendre(34)=0.8567071176344785;
tLegendre(35)=0.8810558735974776;
tLegendre(36)=0.9034179820684693;
tLegendre(37)=0.9236768581046575;
tLegendre(38)=0.9417268826093085;
tLegendre(39)=0.9574739536030694;
tLegendre(40)=0.970835978423819;
tLegendre(41)=0.98174330650704;
tLegendre(42)=0.9901391104901277;
tLegendre(43)=0.995979778796622;
tLegendre(44)=0.9992361661212539;
A(2,2)=-654.092211694866;
A(3,2)=-87.9723087468294;
A(4,2)=16.119547234033806;
A(5,2)=-5.313430747444789;
A(6,2)=2.3222696089565664;
A(7,2)=-1.202460168559318;
A(8,2)=0.6980479838818481;
A(9,2)=-0.44028466755934953;
A(10,2)=0.29587437277074913;
A(11,2)=-0.20908953087743148;
A(12,2)=0.1539699842225783;
A(13,2)=-0.11736342533568703;
A(14,2)=0.09214335525208221;
A(15,2)=-0.07422975286812772;
A(16,2)=0.061176913280199086;
A(17,2)=-0.051460673602822346;
A(18,2)=0.04409909462727114;
A(19,2)=-0.038441269987616995;
A(20,2)=0.03404507136004021;
A(21,2)=-0.03060394473430967;
A(22,2)=0.02790177556400607;
A(23,2)=-0.025784357457805444;
A(24,2)=0.024140989200774683;
A(25,2)=-0.02289243969611777;
A(26,2)=0.02198305002041707;
A(27,2)=-0.0213756360101559;
A(28,2)=0.021048402737785965;
A(29,2)=-0.020993444199382212;
A(30,2)=0.021216675153980825;
A(31,2)=-0.02173929950148932;
A(32,2)=0.02260123520412882;
A(33,2)=-0.023867398979512438;
A(34,2)=0.02563860919671703;
A(35,2)=-0.028070527515674647;
A(36,2)=0.03140753871624715;
A(37,2)=-0.03604630548908403;
A(38,2)=0.04266292864970738;
A(39,2)=-0.052489668572227886;
A(40,2)=0.06798761633274679;
A(41,2)=-0.0947492793971215;
A(42,2)=0.14821516304593388;
A(43,2)=-0.28784899657672625;
A(44,2)=1.0015300050969478;
A(2,3)=1071.9681922840352;
A(3,3)=-123.86924761048624;
A(4,3)=-87.64135857452044;
A(5,3)=22.790371413042816;
A(6,3)=-9.156318344122548;
A(7,3)=4.552455592468063;
A(8,3)=-2.5829634545014675;
A(9,3)=1.6061409220191438;
A(10,3)=-1.0691569529264782;
A(11,3)=0.7505591577834029;
A(12,3)=-0.5500365276944953;
A(13,3)=0.41774754696037875;
A(14,3)=-0.3270642633959556;
A(15,3)=0.2629021588377051;
A(16,3)=-0.2162923318106309;
A(17,3)=0.18168099801618487;
A(18,3)=-0.15550839086739457;
A(19,3)=0.13542457273127131;
A(20,3)=-0.11983874465357806;
A(21,3)=0.10765097186474623;
A(22,3)=-0.09808758049484761;
A(23,3)=0.09059752568117334;
A(24,3)=-0.08478576893263025;
A(25,3)=0.08036982226891937;
A(26,3)=-0.07715128213604502;
A(27,3)=0.07499746887952732;
A(28,3)=-0.07383029326617119;
A(29,3)=0.07362078725033153;
A(30,3)=-0.07438872175038948;
A(31,3)=0.07620765172032151;
A(32,3)=-0.07921684360242195;
A(33,3)=0.08364323830718796;
A(34,3)=-0.08983960146335768;
A(35,3)=0.09835083586395585;
A(36,3)=-0.11003261610534096;
A(37,3)=0.12627395382711165;
A(38,3)=-0.14944252176110953;
A(39,3)=0.18385376582856766;
A(40,3)=-0.2381266946417381;
A(41,3)=0.3318470188215902;
A(42,3)=-0.519089646213505;
A(43,3)=1.0081056151384478;
A(44,3)=-3.507523820923338;
A(2,4)=-749.6274128328458;
A(3,4)=334.47665584317696;
A(4,4)=-50.20038526763095;
A(5,4)=-75.4952895461975;
A(6,4)=23.29980987817289;
A(7,4)=-10.483728376023835;
A(8,4)=5.654763881581201;
A(9,4)=-3.4134440507466497;
A(10,4)=2.229341887227476;
A(11,4)=-1.544776459017447;
A(12,4)=1.12156846283722;
A(13,4)=-0.8459559852942814;
A(14,4)=0.6588375718609437;
A(15,4)=-0.5274156124498591;
A(16,4)=0.4324923750877749;
A(17,4)=-0.3623241225021054;
A(18,4)=0.3094560112916103;
A(19,4)=-0.2690049986621829;
A(20,4)=0.23768637808612386;
A(21,4)=-0.21324073038298594;
A(22,4)=0.19408552278729654;
A(23,4)=-0.1790974097113261;
A(24,4)=0.16747314034021912;
A(25,4)=-0.15863927429741653;
A(26,4)=0.15219324222352912;
A(27,4)=-0.14786538070027375;
A(28,4)=0.14549584470440138;
A(29,4)=-0.14502306913964322;
A(30,4)=0.14648249108464484;
A(31,4)=-0.15001610725324457;
A(32,4)=0.15589566728485674;
A(33,4)=-0.1645656617336342;
A(34,4)=0.17671816930900605;
A(35,4)=-0.1934230792222336;
A(36,4)=0.2163611544332944;
A(37,4)=-0.2482613434226433;
A(38,4)=0.29377584295870224;
A(39,4)=-0.36138445652585854;
A(40,4)=0.46802389821213275;
A(41,4)=-0.6521814178249188;
A(42,4)=1.0201185526696934;
A(43,4)=-1.9810666079609094;
A(44,4)=6.892634613343187;
A(2,5)=615.0399889026406;
A(3,5)=-216.49298217174115;
A(4,5)=187.91245384394313;
A(5,5)=-26.877917454978228;
A(6,5)=-65.05484359717654;
A(7,5)=22.26179433088393;
A(8,5)=-10.793172637527915;
A(9,5)=6.163968844628975;
A(10,5)=-3.8941909956839407;
A(11,5)=2.6403788486436706;
A(12,5)=-1.8882864985193548;
A(13,5)=1.4087325673072766;
A(14,5)=-1.0881378356168405;
A(15,5)=0.8655676401360164;
A(16,5)=-0.706240699103855;
A(17,5)=0.5892867473431078;
A(18,5)=-0.5016562486896107;
A(19,5)=0.4349040120372511;
A(20,5)=-0.3834042360401332;
A(21,5)=0.34331769825968167;
A(22,5)=-0.31197259746071315;
A(23,5)=0.28748211293381976;
A(24,5)=-0.26850234797781747;
A(25,5)=0.25407637962452073;
A(26,5)=-0.24353299104579534;
A(27,5)=0.23642159338408858;
A(28,5)=-0.2324725119895867;
A(29,5)=0.23157668946187812;
A(30,5)=-0.23378236853515255;
A(31,5)=0.2393094338760809;
A(32,5)=-0.24858572328534662;
A(33,5)=0.26231501593345613;
A(34,5)=-0.2815958349786973;
A(35,5)=0.30812844322178473;
A(36,5)=-0.34458553158550814;
A(37,5)=0.3953079386342589;
A(38,5)=-0.4676969289912819;
A(39,5)=0.5752442654519521;
A(40,5)=-0.7448981242212723;
A(41,5)=1.0378971399215347;
A(42,5)=-1.6233199622329963;
A(43,5)=3.1523203122689276;
A(44,5)=-10.967414184698438;
A(2,6)=-533.8815844200982;
A(3,6)=172.74968986381955;
A(4,6)=-115.18397413986867;
A(5,6)=129.20627613501443;
A(6,6)=-16.629391893262856;
A(7,6)=-56.98336282860005;
A(8,6)=20.91031953314035;
A(9,6)=-10.696014657595196;
A(10,6)=6.375960176461493;
A(11,6)=-4.173144199814937;
A(12,6)=2.9154803578350754;
A(13,6)=-2.1396235922789573;
A(14,6)=1.632910719312288;
A(15,6)=-1.287113822499639;
A(16,6)=1.0427681585311368;
A(17,6)=-0.8651977661920911;
A(18,6)=0.7331932601400554;
A(19,6)=-0.6332646996342235;
A(20,6)=0.5565494626631601;
A(21,6)=-0.49706673568908855;
A(22,6)=0.4506918086876322;
A(23,6)=-0.41453276392635285;
A(24,6)=0.38654116407674566;
A(25,6)=-0.36526385400839173;
A(26,6)=0.3496830169089722;
A(27,6)=-0.3391137763699984;
A(28,6)=0.3331414950277162;
A(29,6)=-0.3315889064173696;
A(30,6)=0.33450879170718817;
A(31,6)=-0.34220267837757673;
A(32,6)=0.35527140204521557;
A(33,6)=-0.3747111766225316;
A(34,6)=0.4020823247493751;
A(35,6)=-0.4398038587009014;
A(36,6)=0.49168145569107424;
A(37,6)=-0.5638987184696349;
A(38,6)=0.6670011686790713;
A(39,6)=-0.8202143295214447;
A(40,6)=1.0619409367861208;
A(41,6)=-1.4794519117830172;
A(42,6)=2.3137035396588486;
A(43,6)=-4.492669553594341;
A(44,6)=15.630112967366257;
A(2,7)=476.8286068397344;
A(3,7)=-148.14991685170864;
A(4,7)=89.39531169248347;
A(5,7)=-76.26467786163495;
A(6,7)=98.28955673555528;
A(7,7)=-11.235292806275153;
A(8,7)=-50.765568051867724;
A(9,7)=19.601439053793836;
A(10,7)=-10.443772683897862;
A(11,7)=6.439127559512174;
A(12,7)=-4.336782388287293;
A(13,7)=3.1057820499355544;
A(14,7)=-2.3295673156887933;
