tLegendre(2)=0.0012141231045790404;
tLegendre(3)=0.006386091796845257;
tLegendre(4)=0.01564586873332786;
tLegendre(5)=0.028918801297446454;
tLegendre(6)=0.04609516114083777;
tLegendre(7)=0.06703268083271777;
tLegendre(8)=0.09155788604953317;
tLegendre(9)=0.11946756168506349;
tLegendre(10)=0.15053044339186855;
tLegendre(11)=0.18448913645973572;
tLegendre(12)=0.2210622496651267;
tLegendre(13)=0.2599467274048365;
tLegendre(14)=0.300820361120677;
tLegendre(15)=0.34334445933026836;
tLegendre(16)=0.38716665419177526;
tLegendre(17)=0.4319238213704085;
tLegendre(18)=0.47724508902344875;
tLegendre(19)=0.5227549109765512;
tLegendre(20)=0.5680761786295915;
tLegendre(21)=0.6128333458082248;
tLegendre(22)=0.6566555406697316;
tLegendre(23)=0.699179638879323;
tLegendre(24)=0.7400532725951635;
tLegendre(25)=0.7789377503348733;
tLegendre(26)=0.8155108635402643;
tLegendre(27)=0.8494695566081315;
tLegendre(28)=0.8805324383149365;
tLegendre(29)=0.9084421139504668;
tLegendre(30)=0.9329673191672823;
tLegendre(31)=0.9539048388591622;
tLegendre(32)=0.9710811987025535;
tLegendre(33)=0.9843541312666721;
tLegendre(34)=0.9936139082031548;
tLegendre(35)=0.998785876895421;
A(2,2)=-411.3192464757918;
A(3,2)=-55.49616305074725;
A(4,2)=10.216023016156004;
A(5,2)=-3.3901744954239916;
A(6,2)=1.494847310516461;
A(7,2)=-0.7825802045059443;
A(8,2)=0.4603377838716427;
A(9,2)=-0.29487978844530477;
A(10,2)=0.20172482277046322;
A(11,2)=-0.1454740082602718;
A(12,2)=0.10959696717667618;
A(13,2)=-0.08569770309279987;
A(14,2)=0.0692158361888194;
A(15,2)=-0.05753527329469217;
A(16,2)=0.049086391540349626;
A(17,2)=-0.0428923170409422;
A(18,2)=0.03832738420003353;
A(19,2)=-0.03498292395563196;
A(20,2)=0.03259018089245056;
A(21,2)=-0.03097518252155182;
A(22,2)=0.030032527499215075;
A(23,2)=-0.02971134794338942;
A(24,2)=0.030010307275999185;
A(25,2)=-0.030981041422540368;
A(26,2)=0.032742057634252905;
A(27,2)=-0.03550912503122216;
A(28,2)=0.03965634326995804;
A(29,2)=-0.045841451146065824;
A(30,2)=0.05528105573968625;
A(31,2)=-0.07042190911721981;
A(32,2)=0.09684182067473464;
A(33,2)=-0.14996342767316076;
A(34,2)=0.2892225715373928;
A(35,2)=-1.0024341569415238;
A(2,3)=673.6359683290036;
A(3,3)=-77.79193405996747;
A(4,3)=-55.472962349145575;
A(5,3)=14.522550649788652;
A(6,3)=-5.886419022688465;
A(7,3)=2.9590478978102737;
A(8,3)=-1.7012187362756124;
A(9,3)=1.0743566950352537;
A(10,3)=-0.7280314617381657;
A(11,3)=0.521553034383329;
A(12,3)=-0.3910377152067681;
A(13,3)=0.30466296572523127;
A(14,3)=-0.24538562651542978;
A(15,3)=0.20353105056641277;
A(16,3)=-0.1733410348193529;
A(17,3)=0.15125412983446476;
A(18,3)=-0.13500027918148405;
A(19,3)=0.1231021194921975;
A(20,3)=-0.11459048416061647;
A(21,3)=0.10883864390190448;
A(22,3)=-0.1054662658073411;
A(23,3)=0.10428783286146835;
A(24,3)=-0.10529370436257951;
A(25,3)=0.108661308735056;
A(26,3)=-0.1148032869846388;
A(27,3)=0.12447358698526341;
A(28,3)=-0.1389811153964714;
A(29,3)=0.1606284406138671;
A(30,3)=-0.19367558557736408;
A(31,3)=0.24669086694530576;
A(32,3)=-0.3392081214644736;
A(33,3)=0.5252393090856565;
A(34,3)=-1.0129374227320536;
A(35,3)=3.5107062602154566;
A(2,4)=-469.9811140196037;
A(3,4)=210.2410862348665;
A(4,4)=-31.449370563981212;
A(5,4)=-47.99627645749317;
A(6,4)=14.944513939068994;
A(7,4)=-6.798683366780384;
A(8,4)=3.715895887313861;
A(9,4)=-2.2780851329807983;
A(10,4)=1.5146197180207077;
A(11,4)=-1.0710362943732625;
A(12,4)=0.7955830169104751;
A(13,4)=-0.6155943430823675;
A(14,4)=0.4932248120946354;
A(15,4)=-0.4074276160999347;
A(16,4)=0.34586861612031183;
A(17,4)=-0.30100937375742004;
A(18,4)=0.26808875016706096;
A(19,4)=-0.24402948426684665;
A(20,4)=0.22682239476656946;
A(21,4)=-0.2151709217946793;
A(22,4)=0.20828617946261843;
A(23,4)=-0.2057764247579033;
A(24,4)=0.20760448582746566;
A(25,4)=-0.21410654037306218;
A(26,4)=0.22608473801158566;
A(27,4)=-0.24501443099483752;
A(28,4)=0.2734632072141679;
A(29,4)=-0.31595244094511205;
A(30,4)=0.3808508615237541;
A(31,4)=-0.4849938975353367;
A(32,4)=0.6667655264219914;
A(33,4)=-1.0323025400700334;
A(34,4)=1.990643336845703;
A(35,4)=-6.898964370829105;
A(2,5)=384.3011887279917;
A(3,5)=-135.62203756030254;
A(4,5)=118.26566497593744;
A(5,5)=-16.77489994701627;
A(6,5)=-41.586601919462915;
A(7,5)=14.38861195687612;
A(8,5)=-7.068938975992135;
A(9,5)=4.100162911846476;
A(10,5)=-2.6370375040454785;
A(11,5)=1.8246800148426037;
A(12,5)=-1.3351208019934722;
A(13,5)=1.0218348259011418;
A(14,5)=-0.8120251120688141;
A(15,5)=0.6665498327846785;
A(16,5)=-0.5630361011982965;
A(17,5)=0.4880659836680571;
A(18,5)=-0.43328636042074603;
A(19,5)=0.39335654417002824;
A(20,5)=-0.3648156360548204;
A(21,5)=0.345438345820414;
A(22,5)=-0.3338666619936297;
A(23,5)=0.3294104059304721;
A(24,5)=-0.3319658801259472;
A(25,5)=0.3420376447977545;
A(26,5)=-0.3608809382891618;
A(27,5)=0.3908283053253938;
A(28,5)=-0.4359543493869108;
A(29,5)=0.5034452882082793;
A(30,5)=-0.6066110523540507;
A(31,5)=0.7722348340689453;
A(32,5)=-1.0613881457742196;
A(33,5)=1.6429497074666695;
A(34,5)=-3.1677697464724632;
A(35,5)=10.977731929172885;
A(2,6)=-332.1065029783516;
A(3,6)=107.73812389714976;
A(4,6)=-72.17117832290968;
A(5,6)=81.50500996993237;
A(6,6)=-10.322964247348848;
A(7,6)=-36.668425254500754;
A(8,6)=13.635140212972061;
A(9,6)=-7.083800613799008;
A(10,6)=4.298922829419568;
A(11,6)=-2.8715193893845896;
A(12,6)=2.0526041982917853;
A(13,6)=-1.5454258740934521;
A(14,6)=1.2134578125083721;
A(15,6)=-0.9870637420871051;
A(16,6)=0.8279228155742412;
A(17,6)=-0.71369054953961;
A(18,6)=0.6307486643734709;
A(19,6)=-0.5705269665634765;
A(20,6)=0.5275331081427814;
A(21,6)=-0.49825629978429803;
A(22,6)=0.4805487130200204;
A(23,6)=-0.473289895096949;
A(24,6)=0.47624163226103594;
A(25,6)=-0.4900618301439308;
A(26,6)=0.5164971058725875;
A(27,6)=-0.5588418321506117;
A(28,6)=0.622881395916652;
A(29,6)=-0.7188413278137782;
A(30,6)=0.8656781802067204;
A(31,6)=-1.1015524779526313;
A(32,6)=1.513492445759592;
A(33,6)=-2.342169254032383;
A(34,6)=4.515140883584234;
A(35,6)=-15.645460111841722;
A(2,7)=294.96767090833515;
A(3,7)=-91.88301668547126;
A(4,7)=55.70213384835178;
A(5,7)=-47.842601362430614;
A(6,7)=62.20958081747278;
A(7,7)=-6.923123787387889;
A(8,7)=-32.921902815506805;
A(9,7)=12.911041564500303;
A(10,7)=-7.003490818532061;
A(11,7)=4.406913782452287;
A(12,7)=-3.0369663934095548;
A(13,7)=2.231409467615186;
A(14,7)=-1.7220964838475614;
A(15,7)=1.3830858771712826;
A(16,7)=-1.1489100174515061;
A(17,7)=0.982932329832534;
A(18,7)=-0.8634921073575035;
A(19,7)=0.7772611327321349;
A(20,7)=-0.7158326582043928;
A(21,7)=0.6738817896736716;
A(22,7)=-0.6481480698385425;
A(23,7)=0.6368850424193456;
A(24,7)=-0.6396093005560289;
A(25,7)=0.6570856764126095;
A(26,7)=-0.6915638760080617;
A(27,7)=0.7473776243884923;
A(28,7)=-0.832193150505093;
A(29,7)=0.9595999175889499;
A(30,7)=-1.1548215716642087;
A(31,7)=1.4686607439429828;
A(32,7)=-2.017001420762496;
A(33,7)=3.1203402953743575;
A(34,7)=-6.013926666865453;
A(35,7)=20.836361772252374;
A(2,8)=-266.15034055283536;
A(3,8)=81.03044990290557;
A(4,8)=-46.69984050002116;
A(5,8)=36.054125041926845;
A(6,8)=-35.48374639304882;
A(7,8)=50.499813160211005;
A(8,8)=-4.910633239876194;
A(9,8)=-30.042024568403523;
A(10,8)=12.281229914074812;
A(11,8)=-6.898458977580466;
A(12,8)=4.473651044861478;
A(13,8)=-3.166155459043056;
A(14,8)=2.3828141228910305;
A(15,8)=-1.879829233239249;
A(16,8)=1.541000894306899;
A(17,8)=-1.3050984436992334;
A(18,8)=1.1374553487024361;
A(19,8)=-1.0174049137352341;
A(20,8)=0.9322014692665296;
A(21,8)=-0.8738822584954046;
A(22,8)=0.8375822428574358;
A(23,8)=-0.8206315502505284;
A(24,8)=0.8221265106278667;
A(25,8)=-0.8428488550582885;
A(26,8)=0.8855304676169359;
A(27,8)=-0.9555935915439704;
A(28,8)=1.0627252282488375;
A(29,8)=-1.2241636768647142;
A(30,8)=1.4719567340430428;
A(31,8)=-1.8706946151327295;
A(32,8)=2.5677516009795016;
A(33,8)=-3.9707594198488434;
A(34,8)=7.650864954990202;
A(35,8)=-26.503837532839896;
A(2,9)=242.50876371211478;
A(3,9)=-72.78947975766836;
A(4,9)=40.72431963746903;
