tLegendre(2)=0.0006406357078939454;
tLegendre(3)=0.0033723945061156827;
tLegendre(4)=0.008274498464188146;
tLegendre(5)=0.015326606336717752;
tLegendre(6)=0.02449801537114578;
tLegendre(7)=0.03574865349381968;
tLegendre(8)=0.04902933528073732;
tLegendre(9)=0.06428199210155185;
tLegendre(10)=0.08143993005004894;
tLegendre(11)=0.10042812291612903;
tLegendre(12)=0.12116354077728068;
tLegendre(13)=0.14355551329546784;
tLegendre(14)=0.16750612630483364;
tLegendre(15)=0.1929106500218132;
tLegendre(16)=0.2196579970326679;
tLegendre(17)=0.24763120806821104;
tLegendre(18)=0.27670796344757215;
tLegendre(19)=0.3067611179576664;
tLegendre(20)=0.33765925683113207;
tLegendre(21)=0.3692672703925127;
tLegendre(22)=0.4014469448604441;
tLegendre(23)=0.43405756672274254;
tLegendre(24)=0.4669565380418222;
tLegendre(25)=0.5;
tLegendre(26)=0.5330434619581779;
tLegendre(27)=0.5659424332772575;
tLegendre(28)=0.5985530551395559;
tLegendre(29)=0.6307327296074873;
tLegendre(30)=0.6623407431688679;
tLegendre(31)=0.6932388820423335;
tLegendre(32)=0.7232920365524278;
tLegendre(33)=0.752368791931789;
tLegendre(34)=0.7803420029673321;
tLegendre(35)=0.8070893499781868;
tLegendre(36)=0.8324938736951664;
tLegendre(37)=0.8564444867045321;
tLegendre(38)=0.8788364592227194;
tLegendre(39)=0.899571877083871;
tLegendre(40)=0.9185600699499511;
tLegendre(41)=0.9357180078984482;
tLegendre(42)=0.9509706647192627;
tLegendre(43)=0.9642513465061803;
tLegendre(44)=0.9755019846288542;
tLegendre(45)=0.9846733936632822;
tLegendre(46)=0.9917255015358118;
tLegendre(47)=0.9966276054938843;
tLegendre(48)=0.999359364292106;
A(2,2)=0.0008218634606320037;
A(3,2)=0.0017783790020794597;
A(4,2)=0.0015777635894672782;
A(5,2)=0.0016847118729789686;
A(6,2)=0.0016151095415060227;
A(7,2)=0.001665161629522318;
A(8,2)=0.0016268988106430775;
A(9,2)=0.0016573923137931624;
A(10,2)=0.0016323438582022819;
A(11,2)=0.001653399021000659;
A(12,2)=0.0016353766693793272;
A(13,2)=0.001651030687342985;
A(14,2)=0.0016372685853655129;
A(15,2)=0.0016494904941242057;
A(16,2)=0.0016385427005004955;
A(17,2)=0.0016484218668751211;
A(18,2)=0.0016394498005850415;
A(19,2)=0.0016476436953139803;
A(20,2)=0.0016401236821965133;
A(21,2)=0.0016470551650232103;
A(22,2)=0.0016406416390070614;
A(23,2)=0.001646596093219496;
A(24,2)=0.0016410511855046946;
A(25,2)=0.0016462284915255516;
A(26,2)=0.0016413830472483163;
A(27,2)=0.001645927239768756;
A(28,2)=0.0016416579713848165;
A(29,2)=0.0016456750344054662;
A(30,2)=0.0016418905283918082;
A(31,2)=0.001645459487500301;
A(32,2)=0.0016420913561307757;
A(33,2)=0.001645271366394103;
A(34,2)=0.0016422685619248568;
A(35,2)=0.0016451034570020015;
A(36,2)=0.001642428664654102;
A(37,2)=0.0016449497600729073;
A(38,2)=0.001642577307867123;
A(39,2)=0.0016448048240366654;
A(40,2)=0.001642719928743228;
A(41,2)=0.0016446630146910795;
A(42,2)=0.0016428626358043527;
A(43,2)=0.001644517348846149;
A(44,2)=0.001643013922830768;
A(45,2)=0.0016443567037746523;
A(46,2)=0.0016431897639700422;
A(47,2)=0.0016441550147660554;
A(48,2)=0.0016434428953844412;
A(2,3)=-0.0003128730099510447;
A(3,3)=0.0019096540739622083;
A(4,3)=0.004151764375850032;
A(5,3)=0.0036466362886230907;
A(6,3)=0.003931436551997967;
A(7,3)=0.0037383705597068178;
A(8,3)=0.0038815025173653895;
A(9,3)=0.003769483681005467;
A(10,3)=0.003860433635314449;
A(11,3)=0.003784588699198771;
A(12,3)=0.00384914152620056;
A(13,3)=0.003793306259667069;
A(14,3)=0.0038422371610981254;
A(15,3)=0.003798890026103434;
A(16,3)=0.003837641966747727;
A(17,3)=0.003802728101382204;
A(18,3)=0.003834395052865315;
A(19,3)=0.0038055057427659605;
A(20,3)=0.0038319952843035394;
A(21,3)=0.003807597431254798;
A(22,3)=0.0038301575191088304;
A(23,3)=0.003809223905226371;
A(24,3)=0.0038287083374662825;
A(25,3)=0.003810523232926404;
A(26,3)=0.003827536474387754;
A(27,3)=0.0038115860912891135;
A(28,3)=0.0038265672486113263;
A(29,3)=0.0038124746103504695;
A(30,3)=0.0038257484609616676;
A(31,3)=0.003813233079710658;
A(32,3)=0.0038250421500222458;
A(33,3)=0.0038138943888719823;
A(34,3)=0.003824419482492752;
A(35,3)=0.003814484154168586;
A(36,3)=0.003823857345682172;
A(37,3)=0.003815023614506646;
A(38,3)=0.0038233357889479297;
A(39,3)=0.0038155320144529653;
A(40,3)=0.0038228356450195245;
A(41,3)=0.003816029189751855;
A(42,3)=0.00382233543428699;
A(43,3)=0.003816539669379836;
A(44,3)=0.0038218053485117166;
A(45,3)=0.00381710245984896;
A(46,3)=0.003821189397390298;
A(47,3)=0.0038178088855201826;
A(48,3)=0.0038203028514723686;
A(2,4)=0.00024003663025687054;
A(3,4)=-0.0005206601983467028;
A(4,4)=0.0029907121160780803;
A(5,4)=0.006509611073160519;
A(6,4)=0.0057016213186641615;
A(7,4)=0.006166510068378221;
A(8,4)=0.0058456660627071635;
A(9,4)=0.006087177348917577;
A(10,4)=0.00589571440721603;
A(11,4)=0.006052876861977052;
A(12,4)=0.005920582223377861;
A(13,4)=0.00603409465053739;
A(14,4)=0.005935218401249831;
A(15,4)=0.006022403596839807;
A(16,4)=0.0059447469809439085;
A(17,4)=0.006014506125908966;
A(18,4)=0.005951386389315522;
A(19,4)=0.006008855452627842;
A(20,4)=0.005956247449995655;
A(21,4)=0.006004633738938707;
A(22,4)=0.005959945261525052;
A(23,4)=0.006001369720733768;
A(24,4)=0.0059628468239756776;
A(25,4)=0.005998773406671013;
A(26,4)=0.005965184310776335;
A(27,4)=0.005996656661052514;
A(28,4)=0.005967111891712401;
A(29,4)=0.005994891798013801;
A(30,4)=0.005968736412104254;
A(31,4)=0.005993388493187506;
A(32,4)=0.005970135030916369;
A(33,4)=0.005992080105110988;
A(34,4)=0.005971365999163555;
A(35,4)=0.00599091502708765;
A(36,4)=0.005972475753427635;
A(37,4)=0.005989850700237513;
A(38,4)=0.005973504167145503;
A(39,4)=0.005988848760493872;
A(40,4)=0.005974489355460873;
A(41,4)=0.005987869856678878;
A(42,4)=0.005975473837715279;
A(43,4)=0.0059868655270027046;
A(44,4)=0.005976516410176607;
A(45,4)=0.005985758931046643;
A(46,4)=0.005977727264085539;
A(47,4)=0.0059843704597728215;
A(48,4)=0.005979469548800282;
A(2,5)=-0.00020240720538031352;
A(3,5)=0.0003670016992861037;
A(4,5)=-0.0007168267117024598;
A(5,5)=0.004058833286608265;
A(6,5)=0.008838460347538477;
A(7,5)=0.0077323868810516986;
A(8,5)=0.008374949636795808;
A(9,5)=0.007927254651137463;
A(10,5)=0.008267207724624739;
A(11,5)=0.007995578826180027;
A(12,5)=0.008220111986929996;
A(13,5)=0.008029925030074894;
A(14,5)=0.008194019716525152;
A(15,5)=0.008050372054900959;
A(16,5)=0.00817759933582119;
A(17,5)=0.008063823443583931;
A(18,5)=0.008166396701231872;
A(19,5)=0.008073284621200433;
A(20,5)=0.008158309471526579;
A(21,5)=0.008080270574307874;
A(22,5)=0.0081522182865726;
A(23,5)=0.008085626223244683;
A(24,5)=0.008147473429674475;
A(25,5)=0.008089859414814694;
A(26,5)=0.008143672107203797;
A(27,5)=0.008093293875777882;
A(28,5)=0.008140550949685483;
A(29,5)=0.00809614633343444;
A(30,5)=0.008137929649337863;
A(31,5)=0.008098568417124058;
A(32,5)=0.008135679300965173;
A(33,5)=0.008100670963045137;
A(34,5)=0.008133703431358448;
A(35,5)=0.008102539096466008;
A(36,5)=0.008131925741375192;
A(37,5)=0.00810424247923973;
A(38,5)=0.008130281208876773;
A(39,5)=0.00810584344211409;
A(40,5)=0.008128708129380553;
A(41,5)=0.008107405472617723;
A(42,5)=0.008127138121268425;
A(43,5)=0.008109006290165175;
A(44,5)=0.008125477114971276;
A(45,5)=0.008110768601853809;
A(46,5)=0.008123549392913394;
A(47,5)=0.00811297854081181;
A(48,5)=0.008120776800571768;
A(2,6)=0.00017790413130562032;
A(3,6)=-0.0002999969064938196;
A(4,6)=0.0004780061248483021;
A(5,6)=-0.0009073307982151562;
A(6,6)=0.005109234536917107;
A(7,6)=0.01112823985660532;
A(8,6)=0.009729824871670418;
A(9,6)=0.01054657582240867;
A(10,6)=0.009974298635606315;
A(11,6)=0.010411240686179222;
A(12,6)=0.010060314732767077;
A(13,6)=0.010351778183121444;
A(14,6)=0.010103821263824088;
A(15,6)=0.010318613129359099;
A(16,6)=0.010129902042712663;
A(17,6)=0.010297595074449665;
A(18,6)=0.010147179280878998;
A(19,6)=0.01028315748251614;
A(20,6)=0.010159412845970125;
A(21,6)=0.010272666718103484;
A(22,6)=0.010168503645391767;
A(23,6)=0.01026471571037739;
A(24,6)=0.010175515912223383;
A(25,6)=0.010258484307972566;
