tLegendre(2)=0.015919880246186954;
tLegendre(3)=0.0819844463366821;
tLegendre(4)=0.1933142836497048;
tLegendre(5)=0.33787328829809554;
tLegendre(6)=0.5;
tLegendre(7)=0.6621267117019045;
tLegendre(8)=0.8066857163502952;
tLegendre(9)=0.9180155536633179;
tLegendre(10)=0.984080119753813;
A(2,2)=-30.89918271698348;
A(3,2)=-4.632184720294017;
A(4,2)=0.9977960813066551;
A(5,2)=-0.41927865062212005;
A(6,2)=0.2565430873811174;
A(7,2)=-0.20889316534631425;
A(8,2)=0.2238379966360341;
A(9,2)=-0.3392359398399864;
A(10,2)=1.03288687057482;
A(2,3)=49.46260173252976;
A(3,3)=-5.554064691888912;
A(4,3)=-5.195360368945865;
A(5,3)=1.7238122801503575;
A(6,3)=-0.9708020087846582;
A(7,3)=0.7603382040245699;
A(8,3)=-0.7981200649012301;
A(9,3)=1.1961277412244684;
A(10,3)=-3.622371126987491;
A(2,4)=-31.847722292891607;
A(3,4)=15.52963233729482;
A(4,4)=-1.9666416744892945;
A(5,4)=-5.27556427017989;
A(6,4)=2.2877170379119804;
A(7,4)=-1.6267280349720254;
A(8,4)=1.6303335086819042;
A(9,4)=-2.385688439057948;
A(10,4)=7.144476200113207;
A(2,5)=23.00971278093854;
A(3,5)=-8.85946163907006;
A(4,5)=9.070699576125762;
A(5,5)=-0.7247022457150457;
A(6,5)=-5.674494956341537;
A(7,5)=3.084007531833057;
A(8,5)=-2.7969636121577377;
A(9,5)=3.9077266294259982;
A(10,5)=-11.463907664718603;
A(2,6)=-16.634325224611285;
A(3,6)=5.8950087057107;
A(4,6)=-4.647405785738288;
A(5,6)=6.704457421905985;
A(6,6)=0.;
A(7,6)=-6.704457421905985;
A(8,6)=4.647405785738288;
A(9,6)=-5.8950087057107;
A(10,6)=16.634325224611285;
A(2,7)=11.463907664718603;
A(3,7)=-3.9077266294259982;
A(4,7)=2.7969636121577377;
A(5,7)=-3.084007531833057;
A(6,7)=5.674494956341537;
A(7,7)=0.7247022457150457;
A(8,7)=-9.070699576125762;
A(9,7)=8.85946163907006;
A(10,7)=-23.00971278093854;
A(2,8)=-7.144476200113207;
A(3,8)=2.385688439057948;
A(4,8)=-1.6303335086819042;
A(5,8)=1.6267280349720254;
A(6,8)=-2.2877170379119804;
A(7,8)=5.27556427017989;
A(8,8)=1.9666416744892945;
A(9,8)=-15.52963233729482;
A(10,8)=31.847722292891607;
A(2,9)=3.622371126987491;
A(3,9)=-1.1961277412244684;
A(4,9)=0.7981200649012301;
A(5,9)=-0.7603382040245699;
A(6,9)=0.9708020087846582;
A(7,9)=-1.7238122801503575;
A(8,9)=5.195360368945865;
A(9,9)=5.554064691888912;
A(10,9)=-49.46260173252976;
A(2,10)=-1.03288687057482;
A(3,10)=0.3392359398399864;
A(4,10)=-0.2238379966360341;
A(5,10)=0.20889316534631425;
A(6,10)=-0.2565430873811174;
A(7,10)=0.41927865062212005;
A(8,10)=-0.9977960813066551;
A(9,10)=4.632184720294017;
A(10,10)=30.89918271698348;
