tLegendre(2)=0.0005244444480248609;
tLegendre(3)=0.0027612045353919853;
tLegendre(4)=0.006776902174225079;
tLegendre(5)=0.012558057889127748;
tLegendre(6)=0.020084086533456724;
tLegendre(7)=0.02932807317932047;
tLegendre(8)=0.04025693554178773;
tLegendre(9)=0.05283155473275234;
tLegendre(10)=0.06700691857696621;
tLegendre(11)=0.08273228383663274;
tLegendre(12)=0.09995135828476584;
tLegendre(13)=0.11860250240312752;
tLegendre(14)=0.1386189501250084;
tLegendre(15)=0.15992904788641615;
tLegendre(16)=0.18245651115237704;
tLegendre(17)=0.20612069751021048;
tLegendre(18)=0.2308368953570863;
tLegendre(19)=0.25651662715095197;
tLegendre(20)=0.2830679661406192;
tLegendre(21)=0.3103958654419532;
tLegendre(22)=0.3384024982825961;
tLegendre(23)=0.3669876081974991;
tLegendre(24)=0.396048867921817;
tLegendre(25)=0.42548224569652543;
tLegendre(26)=0.4551823776755497;
tLegendre(27)=0.4850429451013306;
tLegendre(28)=0.5149570548986694;
tLegendre(29)=0.5448176223244503;
tLegendre(30)=0.5745177543034746;
tLegendre(31)=0.6039511320781831;
tLegendre(32)=0.6330123918025009;
tLegendre(33)=0.661597501717404;
tLegendre(34)=0.6896041345580468;
tLegendre(35)=0.7169320338593809;
tLegendre(36)=0.7434833728490481;
tLegendre(37)=0.7691631046429137;
tLegendre(38)=0.7938793024897896;
tLegendre(39)=0.817543488847623;
tLegendre(40)=0.8400709521135838;
tLegendre(41)=0.8613810498749916;
tLegendre(42)=0.8813974975968725;
tLegendre(43)=0.9000486417152341;
tLegendre(44)=0.9172677161633672;
tLegendre(45)=0.9329930814230338;
tLegendre(46)=0.9471684452672476;
tLegendre(47)=0.9597430644582122;
tLegendre(48)=0.9706719268206795;
tLegendre(49)=0.9799159134665433;
tLegendre(50)=0.9874419421108722;
tLegendre(51)=0.9932230978257749;
tLegendre(52)=0.997238795464608;
tLegendre(53)=0.9994755555519751;
A(2,2)=0.0006728292375117778;
A(3,2)=0.0014558931671105194;
A(4,2)=0.0012916566964696057;
A(5,2)=0.001379211423502933;
A(6,2)=0.001322230330453462;
A(7,2)=0.001363206529130145;
A(8,2)=0.0013318815445079386;
A(9,2)=0.0013568463665365798;
A(10,2)=0.0013363388436604836;
A(11,2)=0.0013535776434230162;
A(12,2)=0.0013388211704471074;
A(13,2)=0.0013516393933133686;
A(14,2)=0.001340369292942766;
A(15,2)=0.0013503793246481175;
A(16,2)=0.0013414114117171068;
A(17,2)=0.0013495055640211754;
A(18,2)=0.0013421527908283697;
A(19,2)=0.0013488698928636603;
A(20,2)=0.0013427029094193667;
A(21,2)=0.001348389839587398;
A(22,2)=0.001343124976268034;
A(23,2)=0.0013480162118393972;
A(24,2)=0.0013434578029634422;
A(25,2)=0.0013477180079754464;
A(26,2)=0.0013437264322033126;
A(27,2)=0.0013474747896208032;
A(28,2)=0.0013439477041955119;
A(29,2)=0.001347272557187347;
A(30,2)=0.0013441333554882584;
A(31,2)=0.0013471013915850917;
A(32,2)=0.001344291835337263;
A(33,2)=0.001346954039217679;
A(34,2)=0.0013444294203010367;
A(35,2)=0.00134682502424228;
A(36,2)=0.0013445509294977842;
A(37,2)=0.001346710064971735;
A(38,2)=0.0013446602077639366;
A(39,2)=0.0013466056667050636;
A(40,2)=0.0013447604766379576;
A(41,2)=0.0013465088100739098;
A(42,2)=0.0013448546221082134;
A(43,2)=0.0013464166716208364;
A(44,2)=0.0013449454834335835;
A(45,2)=0.001346326302756343;
A(46,2)=0.001345036239313395;
A(47,2)=0.0013462341262042061;
A(48,2)=0.0013451311192157409;
A(49,2)=0.0013461348468680194;
A(50,2)=0.0013452372218579003;
A(51,2)=0.0013460180840339667;
A(52,2)=0.0013453717092311692;
A(53,2)=0.0013458487977105616;
A(2,3)=-0.00025622242593497285;
A(3,3)=0.0015638809907433193;
A(4,3)=0.0034000218326143954;
A(5,3)=0.0029863548563142705;
A(6,3)=0.0032195882403656885;
A(7,3)=0.003061478613888683;
A(8,3)=0.0031786963273777035;
A(9,3)=0.003086957212279884;
A(10,3)=0.0031614435488336143;
A(11,3)=0.0030993257052344563;
A(12,3)=0.0031521978770857055;
A(13,3)=0.00310646266366977;
A(14,3)=0.0031465461637212064;
A(15,3)=0.0031110325036458756;
A(16,3)=0.003142786324872616;
A(17,3)=0.003114171846937323;
A(18,3)=0.0031401316120566324;
A(19,3)=0.0031164417001825367;
A(20,3)=0.003138171821616159;
A(21,3)=0.0031181485236204272;
A(22,3)=0.0031366736815004828;
A(23,3)=0.00311947281767457;
A(24,3)=0.003135495476056849;
A(25,3)=0.003120527307902339;
A(26,3)=0.0031345464758892926;
A(27,3)=0.003121385809480373;
A(28,3)=0.0031337660287547907;
A(29,3)=0.0031220986208008034;
A(30,3)=0.0031331120586101054;
A(31,3)=0.0031227012329446188;
A(32,3)=0.003132554386785208;
A(33,3)=0.0031232195123821185;
A(34,3)=0.0031320706639850573;
A(35,3)=0.0031236729305457738;
A(36,3)=0.003131643776013903;
A(37,3)=0.0031240766745490476;
A(38,3)=0.0031312601011500053;
A(39,3)=0.003124443111680268;
A(40,3)=0.003130908251329258;
A(41,3)=0.0031247829038122767;
A(42,3)=0.0031305780464872825;
A(43,3)=0.0031251060000762826;
A(44,3)=0.003130259491896466;
A(45,3)=0.003125422770119232;
A(46,3)=0.0031299414185657214;
A(47,3)=0.0031257457734547443;
A(48,3)=0.0031296089872757623;
A(49,3)=0.0031260935777645154;
A(50,3)=0.003129237316580062;
A(51,3)=0.0031265025564468363;
A(52,3)=0.003128766285405155;
A(53,3)=0.003127095441528941;
A(2,4)=0.000196691698388097;
A(3,4)=-0.00042664113303081494;
A(4,4)=0.002450658644865688;
A(5,4)=0.005334126073535186;
A(6,4)=0.004672039594451708;
A(7,4)=0.005052982255277345;
A(8,4)=0.004790071710400876;
A(9,4)=0.0049879771132106815;
A(10,4)=0.004831080067975333;
A(11,4)=0.004959873452678518;
A(12,4)=0.004851453790833617;
A(13,4)=0.004944487058466283;
A(14,4)=0.00486344212720644;
A(15,4)=0.004934912790819731;
A(16,4)=0.004871243577915293;
A(17,4)=0.004928448820960714;
A(18,4)=0.004876675664624785;
A(19,4)=0.004923828018577683;
A(20,4)=0.0048806482431514794;
A(21,4)=0.004920380650311187;
A(22,4)=0.0048836648674616566;
A(23,4)=0.0049177210811583265;
A(24,4)=0.004886025669362762;
A(25,4)=0.004915612359702171;
A(26,4)=0.004887920132359246;
A(27,4)=0.004913901194089118;
A(28,4)=0.004889473590906295;
A(29,4)=0.004912484099344375;
A(30,4)=0.004890772276475595;
A(31,4)=0.00491128859316553;
A(32,4)=0.0048918776275438825;
A(33,4)=0.004910262167396406;
A(34,4)=0.004892834892552712;
A(35,4)=0.004909365496854546;
A(36,4)=0.004893678556424109;
A(37,4)=0.0049085680463543824;
A(38,4)=0.004894435949812706;
A(39,4)=0.004907845052248724;
A(40,4)=0.004895129830658561;
A(41,4)=0.004907175249085732;
A(42,4)=0.004895780464725031;
A(43,4)=0.004906538867848886;
A(44,4)=0.004896407675623613;
A(45,4)=0.004905915376801412;
A(46,4)=0.004897033542426244;
A(47,4)=0.004905279983571066;
A(48,4)=0.00489768732166475;
A(49,4)=0.004904596117524661;
A(50,4)=0.004898417981063785;
A(51,4)=0.0049037922358013694;
A(52,4)=0.00489934372468415;
A(53,4)=0.004902627100424791;
A(2,5)=-0.00016600102302764914;
A(3,5)=0.00030099031546150957;
A(4,5)=-0.0005878928440103832;
A(5,5)=0.0033287787455852404;
A(6,5)=0.007248704123293516;
A(7,5)=0.00634157571415541;
A(8,5)=0.006868566440219049;
A(9,5)=0.00650139003314789;
A(10,5)=0.0067802076023383475;
A(11,5)=0.006557420267882511;
A(12,5)=0.006741588425026168;
A(13,5)=0.006585582121655697;
A(14,5)=0.006720197002120097;
A(15,5)=0.00660234248095231;
A(16,5)=0.006706740350377471;
A(17,5)=0.006613362717499384;
A(18,5)=0.006697565973749479;
A(19,5)=0.0066211071350211655;
A(20,5)=0.0066909502763398765;
A(21,5)=0.006626817552059502;
A(22,5)=0.006685975985061799;
A(23,5)=0.006631186072927829;
A(24,5)=0.00668211119481173;
A(25,5)=0.0066346281269978645;
A(26,5)=0.006679026777965552;
A(27,5)=0.00663740782759235;
A(28,5)=0.006676508321174146;
A(29,5)=0.006639701099638779;
A(30,5)=0.006674410049160319;
A(31,5)=0.0066416298613094895;
A(32,5)=0.006672629088102821;
A(33,5)=0.006643281670267122;
A(34,5)=0.006671090272392126;
A(35,5)=0.006644721622414789;
A(36,5)=0.006669736706821681;
A(37,5)=0.006645999938848578;
A(38,5)=0.006668523575465347;
A(39,5)=0.006647157108428732;
A(40,5)=0.006667413774231019;
A(41,5)=0.006648227705360112;
A(42,5)=0.006666374444673685;
A(43,5)=0.006649243696290489;
A(44,5)=0.006665373615803443;
A(45,5)=0.006650238111561995;
A(46,5)=0.006664375850349905;
A(47,5)=0.006651250660647862;
A(48,5)=0.006663334372398869;
A(49,5)=0.006652339727697173;
A(50,5)=0.006662171095502852;
