tLegendre(2)=0.0008001905049687925;
tLegendre(3)=0.00421135582956954;
tLegendre(4)=0.010328745968125903;
tLegendre(5)=0.019120317330897755;
tLegendre(6)=0.03053822132250591;
tLegendre(7)=0.044520137547936274;
tLegendre(8)=0.06098971509391363;
tLegendre(9)=0.07985700836909156;
tLegendre(10)=0.1010189733722563;
tLegendre(11)=0.12436003215525976;
tLegendre(12)=0.1497527047219144;
tLegendre(13)=0.17705830556537608;
tLegendre(14)=0.20612770125744534;
tLegendre(15)=0.23680212503440384;
tLegendre(16)=0.268914043964789;
tLegendre(17)=0.3022880739785125;
tLegendre(18)=0.3367419377672942;
tLegendre(19)=0.37208746032856044;
tLegendre(20)=0.4081315967175727;
tLegendre(21)=0.44467748639574006;
tLegendre(22)=0.4815255284173241;
tLegendre(23)=0.5184744715826759;
tLegendre(24)=0.5553225136042599;
tLegendre(25)=0.5918684032824273;
tLegendre(26)=0.6279125396714396;
tLegendre(27)=0.6632580622327058;
tLegendre(28)=0.6977119260214876;
tLegendre(29)=0.731085956035211;
tLegendre(30)=0.7631978749655961;
tLegendre(31)=0.7938722987425547;
tLegendre(32)=0.822941694434624;
tLegendre(33)=0.8502472952780856;
tLegendre(34)=0.8756399678447403;
tLegendre(35)=0.8989810266277437;
tLegendre(36)=0.9201429916309084;
tLegendre(37)=0.9390102849060864;
tLegendre(38)=0.9554798624520637;
tLegendre(39)=0.9694617786774941;
tLegendre(40)=0.9808796826691022;
tLegendre(41)=0.9896712540318741;
tLegendre(42)=0.9957886441704304;
tLegendre(43)=0.9991998094950312;
A(2,2)=0.0010264996511622712;
A(3,2)=0.0022211784442005243;
A(4,2)=0.0019706118236621907;
A(5,2)=0.0021041889010455133;
A(6,2)=0.0020172568658108616;
A(7,2)=0.002079770397084951;
A(8,2)=0.0020319821376029498;
A(9,2)=0.0020700658394395446;
A(10,2)=0.002038783894983559;
A(11,2)=0.002065077101129953;
A(12,2)=0.0020425732314734157;
A(13,2)=0.002062117436498058;
A(14,2)=0.002044938135186948;
A(15,2)=0.0020601915222092353;
A(16,2)=0.0020465320614578356;
A(17,2)=0.0020588538715263396;
A(18,2)=0.0020476683834222344;
A(19,2)=0.0020578781172699632;
A(20,2)=0.002048514395120056;
A(21,2)=0.002057138134874513;
A(22,2)=0.002049166873290569;
A(23,2)=0.002056558484223885;
A(24,2)=0.0020496854767094877;
A(25,2)=0.0020560913552951946;
A(26,2)=0.002050109003452083;
A(27,2)=0.0020557048793228114;
A(28,2)=0.0020504639480765944;
A(29,2)=0.0020553767546848054;
A(30,2)=0.0020507693333475948;
A(31,2)=0.0020550905146402903;
A(32,2)=0.0020510396575798037;
A(33,2)=0.0020548331333796613;
A(34,2)=0.0020512869152396573;
A(35,2)=0.0020545932256455946;
A(36,2)=0.0020515223267379944;
A(37,2)=0.0020543592117294013;
A(38,2)=0.002051758529948381;
A(39,2)=0.002054116341900638;
A(40,2)=0.0020520141839751125;
A(41,2)=0.002053838532666334;
A(42,2)=0.002052331017787546;
A(43,2)=0.0020534424851532686;
A(2,3)=-0.0003905976356817215;
A(3,3)=0.0023840550754371257;
A(4,3)=0.005183155763996497;
A(5,3)=0.004552543337098422;
A(6,3)=0.0049080925342509605;
A(7,3)=0.004667067952685101;
A(8,3)=0.00484575174282748;
A(9,3)=0.004705912887313936;
A(10,3)=0.0048194456013345875;
A(11,3)=0.004724774338493023;
A(12,3)=0.004805343464340091;
A(13,3)=0.004735663240864618;
A(14,3)=0.0047967172153278;
A(15,3)=0.00474264190574081;
A(16,3)=0.004790971513250345;
A(17,3)=0.004747443721509626;
A(18,3)=0.004786906257392987;
A(19,3)=0.004750924745867104;
A(20,3)=0.0047838951778783655;
A(21,3)=0.00475355321813362;
A(22,3)=0.0047815814654170695;
A(23,3)=0.004755605666316309;
A(24,3)=0.00477974752111412;
A(25,3)=0.004757255728184822;
A(26,3)=0.004778252961480163;
A(27,3)=0.00475861833601098;
A(28,3)=0.00477700251654216;
A(29,3)=0.004759773469170447;
A(30,3)=0.004775928132922777;
A(31,3)=0.004760779901900898;
A(32,3)=0.004774978175049114;
A(33,3)=0.0047616839278118855;
A(34,3)=0.0047741101022960196;
A(35,3)=0.00476252584555034;
A(36,3)=0.004773284277280652;
A(37,3)=0.004763346485461298;
A(38,3)=0.004772456214856544;
A(39,3)=0.004764197688860577;
A(40,3)=0.004771560413419172;
A(41,3)=0.004765170935184;
A(42,3)=0.004770450617597777;
A(43,3)=0.004766558053763981;
A(2,4)=0.0002994210739171098;
A(3,4)=-0.0006494706076071176;
A(4,4)=0.0037306109243393734;
A(5,4)=0.008120080803603592;
A(6,4)=0.00711219787667716;
A(7,4)=0.007692094198863887;
A(8,4)=0.007291882975570642;
A(9,4)=0.007593129634547337;
A(10,4)=0.0073543195440042486;
A(11,4)=0.007550335488583231;
A(12,4)=0.007385348972134883;
A(13,4)=0.007526895490686132;
A(14,4)=0.007403619136007287;
A(15,4)=0.007512296951292621;
A(16,4)=0.007415522546972144;
A(17,4)=0.0075024255987635215;
A(18,4)=0.007423827455073924;
A(19,4)=0.007495350863402427;
A(20,4)=0.007429920758377368;
A(21,4)=0.007490051145343973;
A(22,4)=0.0074345713618525645;
A(23,4)=0.007485936719543188;
A(24,4)=0.007438239215607206;
A(25,4)=0.0074826433573112324;
A(26,4)=0.007441216834204397;
A(27,4)=0.0074799329825895045;
A(28,4)=0.007443700528262678;
A(29,4)=0.007477641576432046;
A(30,4)=0.007445829248006832;
A(31,4)=0.007475649626358298;
A(32,4)=0.007447707580743504;
A(33,4)=0.007473863718253411;
A(34,4)=0.00744942105172297;
A(35,4)=0.00747220312672282;
A(36,4)=0.007451048782348533;
A(37,4)=0.007470586622768247;
A(38,4)=0.007452678999014804;
A(39,4)=0.007468911668482913;
A(40,4)=0.0074544409716841365;
A(41,4)=0.007466998029970725;
A(42,4)=0.007456622512750641;
A(43,4)=0.007464271866160565;
A(2,5)=-0.00025218141210460465;
A(3,5)=0.0004572521664242822;
A(4,5)=-0.000893105263113315;
A(5,5)=0.005056967392263161;
A(6,5)=0.01101198196637634;
A(7,5)=0.009633912612914956;
A(8,5)=0.010434480478513582;
A(9,5)=0.00987670929971779;
A(10,5)=0.010300233263393488;
A(11,5)=0.009961847592558712;
A(12,5)=0.01024154131178591;
A(13,5)=0.010004657462841016;
A(14,5)=0.01020901210014792;
A(15,5)=0.010030156533951241;
A(16,5)=0.010188526180418347;
A(17,5)=0.010046947437625625;
A(18,5)=0.010174532497959929;
A(19,5)=0.010058776445069613;
A(20,5)=0.010164409715746196;
A(21,5)=0.01006753337174005;
A(22,5)=0.010156760614041669;
A(23,5)=0.010074273888674662;
A(24,5)=0.010150772277391156;
A(25,5)=0.010079634693144785;
A(26,5)=0.010145938246790878;
A(27,5)=0.010084024519971575;
A(28,5)=0.010141924026667363;
A(29,5)=0.010087720937495475;
A(30,5)=0.010138495947240787;
A(31,5)=0.010090923748235281;
A(32,5)=0.010135480134136399;
A(33,5)=0.010093787413395684;
A(34,5)=0.010132735917008428;
A(35,5)=0.010096444019473;
A(36,5)=0.010130134490570658;
A(37,5)=0.010099025160320031;
A(38,5)=0.01012753356655638;
A(39,5)=0.01010169555397375;
A(40,5)=0.010124726156613965;
A(41,5)=0.010104743079856995;
A(42,5)=0.010121253350848123;
A(43,5)=0.010109081678765452;
A(2,6)=0.0002213051207136562;
A(3,6)=-0.00037318417091333403;
A(4,6)=0.0005946226029595171;
A(5,6)=-0.0011286911396562935;
A(6,6)=0.006355739881528262;
A(7,6)=0.013843205019425797;
A(8,6)=0.012103628325008903;
A(9,6)=0.01311962130538842;
A(10,6)=0.012407760063362416;
A(11,6)=0.012951251601623184;
A(12,6)=0.012514781894883822;
A(13,6)=0.012877257730272387;
A(14,6)=0.012568931336354982;
A(15,6)=0.012835968010435076;
A(16,6)=0.012601413691133174;
A(17,6)=0.012809777718488973;
A(18,6)=0.012622956956548846;
A(19,6)=0.01279175974510844;
A(20,6)=0.012638241131216995;
A(21,6)=0.012778634702155603;
A(22,6)=0.012649634569560092;
A(23,6)=0.012768648011346051;
A(24,6)=0.012658466013781051;
A(25,6)=0.01276077379142739;
A(26,6)=0.012665541374550825;
A(27,6)=0.01275436874886936;
A(28,6)=0.012671381963550412;
A(29,6)=0.01274900411620761;
A(30,6)=0.01267634580429849;
A(31,6)=0.01274437608568401;
A(32,6)=0.012680695369676412;
A(33,6)=0.012740253118747092;
A(34,6)=0.012684640082209563;
A(35,6)=0.012736439898816964;
A(36,6)=0.012688369146027846;
A(37,6)=0.012732744356588848;
A(38,6)=0.012692089011380449;
A(39,6)=0.012728928744099723;
A(40,6)=0.012696097151362959;
A(41,6)=0.012724580698909211;
A(42,6)=0.012701049387050753;
A(43,6)=0.012718396095638806;
A(2,7)=-0.0001987245295384438;
A(3,7)=0.0003229465534536223;
A(4,7)=-0.00047155908743164664;
A(5,7)=0.0007232947226470768;
A(6,7)=-0.001356810030683842;
A(7,7)=0.007619810174900867;
A(8,7)=0.016598471369134418;
A(9,7)=0.0145076723825978;
A(10,7)=0.015732791061500568;
