tLegendre(2)=0.0006144963737869407;
tLegendre(3)=0.003234913866824621;
tLegendre(4)=0.007937708138586571;
tLegendre(5)=0.014704203726876374;
tLegendre(6)=0.02350614841978457;
tLegendre(7)=0.034306654646722834;
tLegendre(8)=0.04706043164221516;
tLegendre(9)=0.06171398986287606;
tLegendre(10)=0.07820586918780323;
tLegendre(11)=0.09646689798527869;
tLegendre(12)=0.11642048374212983;
tLegendre(13)=0.13798293453809268;
tLegendre(14)=0.16106381018366805;
tLegendre(15)=0.1855663016117432;
tLegendre(16)=0.21138763695801366;
tLegendre(17)=0.23841951263888347;
tLegendre(18)=0.2665485476245208;
tLegendre(19)=0.2956567590046416;
tLegendre(20)=0.32562205685391965;
tLegendre(21)=0.3563187563222722;
tLegendre(22)=0.38761810480265546;
tLegendre(23)=0.41938882196555416;
tLegendre(24)=0.4514976503952686;
tLegendre(25)=0.4838099145185653;
tLegendre(26)=0.5161900854814346;
tLegendre(27)=0.5485023496047313;
tLegendre(28)=0.5806111780344458;
tLegendre(29)=0.6123818951973445;
tLegendre(30)=0.6436812436777278;
tLegendre(31)=0.6743779431460803;
tLegendre(32)=0.7043432409953584;
tLegendre(33)=0.7334514523754792;
tLegendre(34)=0.7615804873611165;
tLegendre(35)=0.7886123630419863;
tLegendre(36)=0.8144336983882569;
tLegendre(37)=0.838936189816332;
tLegendre(38)=0.8620170654619074;
tLegendre(39)=0.8835795162578701;
tLegendre(40)=0.9035331020147214;
tLegendre(41)=0.9217941308121967;
tLegendre(42)=0.938286010137124;
tLegendre(43)=0.9529395683577848;
tLegendre(44)=0.9656933453532772;
tLegendre(45)=0.9764938515802154;
tLegendre(46)=0.9852957962731236;
tLegendre(47)=0.9920622918614135;
tLegendre(48)=0.9967650861331754;
tLegendre(49)=0.999385503626213;
A(2,2)=-813.1741442421825;
A(3,2)=-109.25321637592656;
A(4,2)=19.988248747621192;
A(5,2)=-6.574031323359702;
A(6,2)=2.8648531776106014;
A(7,2)=-1.4780446854597353;
A(8,2)=0.8543156937727556;
A(9,2)=-0.5361247675298618;
A(10,2)=0.35819084012137536;
A(11,2)=-0.25146711450740916;
A(12,2)=0.1838161448318837;
A(13,2)=-0.13897102949667642;
A(14,2)=0.10812627233142602;
A(15,2)=-0.08624567020666016;
A(16,2)=0.07031331779345168;
A(17,2)=-0.05845135747624645;
A(18,2)=0.049450759537194584;
A(19,2)=-0.04251022778103653;
A(20,2)=0.0370851231854171;
A(21,2)=-0.032797012901551695;
A(22,2)=0.029377867979070247;
A(23,2)=-0.026634714757117994;
A(24,2)=0.02442671599851363;
A(25,2)=-0.022650008050347312;
A(26,2)=0.021227498628886936;
A(27,2)=-0.020101914446266047;
A(28,2)=0.019231031939363846;
A(29,2)=-0.018584417766802537;
A(30,2)=0.01814125400135719;
A(31,2)=-0.01788898681627509;
A(32,2)=0.01782265380706402;
A(33,2)=-0.017944838498458113;
A(34,2)=0.01826629071467558;
A(35,2)=-0.018807359059085996;
A(36,2)=0.01960053579369291;
A(37,2)=-0.020694664513756438;
A(38,2)=0.022161802108685374;
A(39,2)=-0.02410855432222354;
A(40,2)=0.026695348507894796;
A(41,2)=-0.030170574745029877;
A(42,2)=0.034934357354592604;
A(43,2)=-0.04166591070537152;
A(44,2)=0.05160046303951219;
A(45,2)=-0.06720218206774144;
A(46,2)=0.09406716415316364;
A(47,2)=-0.1476408329843806;
A(48,2)=0.2873953419344553;
A(49,2)=-1.0012305050293309;
A(2,3)=1332.9835463483066;
A(3,3)=-154.06199802186643;
A(4,3)=-108.72155027517512;
A(5,3)=28.20931184698945;
A(6,3)=-11.300420008230542;
A(7,3)=5.598170095821648;
A(8,3)=-3.162527567788001;
A(9,3)=1.9565829186897599;
A(10,3)=-1.2948818552208443;
A(11,3)=0.9030557227492451;
A(12,3)=-0.6569296805979482;
A(13,3)=0.49486201533780355;
A(14,3)=-0.3839528133485532;
A(15,3)=0.3055833709034339;
A(16,3)=-0.2486944191808628;
A(17,3)=0.20644388035238492;
A(18,3)=-0.1744491462986668;
A(19,3)=0.149817700710163;
A(20,3)=-0.13059025051458106;
A(21,3)=0.1154092959377775;
A(22,3)=-0.10331566614433589;
A(23,3)=0.0936201643653806;
A(24,3)=-0.08582063687689594;
A(25,3)=0.07954726855405954;
A(26,3)=-0.0745258664941054;
A(27,3)=0.07055289022530718;
A(28,3)=-0.06747834938047911;
A(29,3)=0.0651941266120678;
A(30,3)=-0.0636261865640168;
A(31,3)=0.06272972515348464;
A(32,3)=-0.062486732478844814;
A(33,3)=0.06290577684209146;
A(34,3)=-0.06402413736774852;
A(35,3)=0.06591279215420001;
A(36,3)=-0.06868531012588222;
A(37,3)=0.07251257179151475;
A(38,3)=-0.07764678964078453;
A(39,3)=0.08446119856307453;
A(40,3)=-0.0935175455308211;
A(41,3)=0.10568565196758697;
A(42,3)=-0.12236674728367887;
A(43,3)=0.145939484956557;
A(44,3)=-0.18072976906701513;
A(45,3)=0.2353674399045297;
A(46,3)=-0.32945083153394394;
A(47,3)=0.5170721353691831;
A(48,3)=-1.0065119589865006;
A(49,3)=3.506471249117269;
A(2,4)=-932.8720235801195;
A(3,4)=415.88418204840764;
A(4,4)=-62.48647362669599;
A(5,4)=-93.51765337199134;
A(6,4)=28.777831284326258;
A(7,4)=-12.901710094102434;
A(8,4)=6.9288423240277295;
A(9,4)=-4.161370387109157;
A(10,4)=2.702047536623545;
A(11,4)=-1.8600360822401634;
A(12,4)=1.3405330957868025;
A(13,4)=-1.0028603983798154;
A(14,4)=0.7740045779971163;
A(15,4)=-0.6134888315352929;
A(16,4)=0.49764423484166614;
A(17,4)=-0.4120051354550807;
A(18,4)=0.34739523233925934;
A(19,4)=-0.2978054934939812;
A(20,4)=0.2591916655781095;
A(21,4)=-0.22876653662789875;
A(22,4)=0.20456944946261796;
A(23,4)=-0.1851968166929266;
A(24,4)=0.16962913049924003;
A(25,4)=-0.1571174744914346;
A(26,4)=0.14710770196093625;
A(27,4)=-0.1391890655763625;
A(28,4)=0.13305913493665117;
A(29,4)=-0.12849988697098116;
A(30,4)=0.12536175574666472;
A(31,4)=-0.12355366790046558;
A(32,4)=0.12303795689171802;
A(33,4)=-0.12382973221708213;
A(34,4)=0.1260009247100307;
A(35,4)=-0.12968998483556932;
A(36,4)=0.13511928090723568;
A(37,4)=-0.14262397177243927;
A(38,4)=0.15269916833387553;
A(39,4)=-0.16607789814388635;
A(40,4)=0.18386370516451223;
A(41,4)=-0.20776558193968617;
A(42,4)=0.2405368245586903;
A(43,4)=-0.2868514802503128;
A(44,4)=0.3552101288844813;
A(45,4)=-0.46257096277395676;
A(46,4)=0.6474462089699196;
A(47,4)=-1.016131510725114;
A(48,4)=1.9779162597825626;
A(49,4)=-6.890548760335238;
A(2,5)=766.2390572775709;
A(3,5)=-269.48490950358075;
A(4,5)=233.54942017618725;
A(5,5)=-33.49641960449884;
A(6,5)=-80.43908620019727;
A(7,5)=27.42661937145038;
A(8,5)=-13.239587959266279;
A(9,5)=7.522833739008108;
A(10,5)=-4.72507878154436;
A(11,5)=3.182696755326912;
A(12,5)=-2.2593861209762016;
A(13,5)=1.6718193166572028;
A(14,5)=-1.279717532944387;
A(15,5)=1.0078975738062157;
A(16,5)=-0.8134883453257999;
A(17,5)=0.670789363050302;
A(18,5)=-0.5637427539877449;
A(19,5)=0.4819599312393596;
A(20,5)=-0.418517659295113;
A(21,5)=0.3686831183222567;
A(22,5)=-0.32914932938257263;
A(23,5)=0.2975621299081209;
A(24,5)=-0.27221950298338204;
A(25,5)=0.2518759528125994;
A(26,5)=-0.23561271049564167;
A(27,5)=0.22275029592492437;
A(28,5)=-0.21278906677461856;
A(29,5)=0.2053688170199952;
A(30,5)=-0.20024183796116743;
A(31,5)=0.19725601361418052;
A(32,5)=-0.1963460113271963;
A(33,5)=0.19753178084791095;
A(34,5)=-0.20092464154769837;
A(35,5)=0.20674246514443156;
A(36,5)=-0.21533717971289126;
A(37,5)=0.22724057990788638;
A(38,5)=-0.24323927183301247;
A(39,5)=0.2644986547889687;
A(40,5)=-0.29277385357775565;
A(41,5)=0.33078349026130377;
A(42,5)=-0.3829079381522236;
A(43,5)=0.456583861218785;
A(44,5)=-0.5653365917582427;
A(45,5)=0.7361488964478597;
A(46,5)=-1.0302994665105256;
A(47,5)=1.6169213110888758;
A(48,5)=-3.147259600069942;
A(49,5)=10.964038903401317;
A(2,6)=-666.1060198073806;
A(3,6)=215.3500698807896;
A(4,6)=-143.36783521871638;
A(5,6)=160.46325625029525;
A(6,6)=-20.758994507000626;
A(7,6)=-70.30606304497908;
A(8,6)=25.687195952013877;
A(9,6)=-13.072885957202937;
A(10,6)=7.747530535973317;
A(11,6)=-5.0375040071961745;
A(12,6)=3.493433151520183;
A(13,6)=-2.5428122880455497;
A(14,6)=1.923113003870787;
A(15,6)=-1.5008598004320504;
A(16,6)=1.2027887568723103;
A(17,6)=-0.9862174554503251;
A(18,6)=0.8250596857102473;
A(19,6)=-0.7027305650650308;
A(20,6)=0.6083311984053088;
A(21,6)=-0.5344955346379809;
A(22,6)=0.4761248442632124;
A(23,6)=-0.4296176329463633;
A(24,6)=0.39238684687922515;
A(25,6)=-0.3625493530598045;
A(26,6)=0.33872188650068025;
A(27,6)=-0.3198846688265887;
A(28,6)=0.30528925084530495;
A(29,6)=-0.2943961429483926;
A(30,6)=0.2868332736275296;
