tLegendre(2)=0.0020571494271915355;
tLegendre(3)=0.010807277021764504;
tLegendre(4)=0.026420466669142877;
tLegendre(5)=0.04868106900784646;
tLegendre(6)=0.07727702860575099;
tLegendre(7)=0.11180702558966057;
tLegendre(8)=0.15178636979002136;
tLegendre(9)=0.19665385349119097;
tLegendre(10)=0.24577964258774715;
tLegendre(11)=0.29847412243825683;
tLegendre(12)=0.35399758025702155;
tLegendre(13)=0.4115705898215549;
tLegendre(14)=0.4703849532853434;
tLegendre(15)=0.5296150467146566;
tLegendre(16)=0.5884294101784451;
tLegendre(17)=0.6460024197429785;
tLegendre(18)=0.7015258775617431;
tLegendre(19)=0.7542203574122529;
tLegendre(20)=0.803346146508809;
tLegendre(21)=0.8482136302099786;
tLegendre(22)=0.8881929744103394;
tLegendre(23)=0.922722971394249;
tLegendre(24)=0.9513189309921536;
tLegendre(25)=0.9735795333308571;
tLegendre(26)=0.9891927229782355;
tLegendre(27)=0.9979428505728085;
A(2,2)=0.0026378431543357516;
A(3,2)=0.005707862850985397;
A(4,2)=0.005063975301380092;
A(5,2)=0.005407221787932737;
A(6,2)=0.005183853595680705;
A(7,2)=0.005344454437403997;
A(8,2)=0.005221718350450402;
A(9,2)=0.005319484067117187;
A(10,2)=0.005239237996440324;
A(11,2)=0.005306613348008814;
A(12,2)=0.005249038194431315;
A(13,2)=0.005298931701914029;
A(14,2)=0.00525520717895946;
A(15,2)=0.005293872381111566;
A(16,2)=0.005259435121741802;
A(17,2)=0.005290277131014426;
A(18,2)=0.005262544072793173;
A(19,2)=0.005287543084483715;
A(20,2)=0.005264991106227279;
A(21,2)=0.005285310523595478;
A(22,2)=0.005267072797115946;
A(23,2)=0.00528331901743644;
A(24,2)=0.005269039275950754;
A(25,2)=0.0052812954208236425;
A(26,2)=0.005271248732446795;
A(27,2)=0.005278618585842492;
A(2,3)=-0.0010001374075827624;
A(3,3)=0.0061044627731579775;
A(4,3)=0.013271656779006503;
A(5,3)=0.011656983577769961;
A(6,3)=0.012567305366266315;
A(7,3)=0.011950289529602786;
A(8,3)=0.01240759513518383;
A(9,3)=0.012049864215871694;
A(10,3)=0.012340095992168086;
A(11,3)=0.012098336109598262;
A(12,3)=0.012303769885883666;
A(13,3)=0.012126481701594985;
A(14,3)=0.012281363028712005;
A(15,3)=0.012144734178145922;
A(16,3)=0.012266191681136523;
A(17,3)=0.012157579002318987;
A(18,3)=0.012255124350463243;
A(19,3)=0.012167282140227631;
A(20,3)=0.012246462403480264;
A(21,3)=0.012175167139687611;
A(22,3)=0.012239124619006858;
A(23,3)=0.012182175119656283;
A(24,3)=0.012232214775108413;
A(25,3)=0.012189277046330022;
A(26,3)=0.012224467980718745;
A(27,3)=0.012198656164369473;
A(2,4)=0.0007617070022929426;
A(3,4)=-0.001652226080060868;
A(4,4)=0.009490595823590691;
A(5,4)=0.020657286132459138;
A(6,4)=0.01809335771997487;
A(7,4)=0.019568382544768528;
A(8,4)=0.018550632532250824;
A(9,4)=0.01931640720520732;
A(10,4)=0.01870974108165526;
A(11,4)=0.019207199865398383;
A(12,4)=0.01878909855081484;
A(13,4)=0.019147057784747408;
A(14,4)=0.018836195842743434;
A(15,4)=0.019109175397405448;
A(16,4)=0.01886737020770161;
A(17,4)=0.019082993990443445;
A(18,4)=0.01888977876108851;
A(19,4)=0.01906345721852421;
A(20,4)=0.018907136117661125;
A(21,4)=0.019047721682425772;
A(22,4)=0.01892172734883671;
A(23,4)=0.019033829428186197;
A(24,4)=0.018935388694074;
A(25,4)=0.01901981939045924;
A(26,4)=0.018950644164325677;
A(27,4)=0.01900137245902292;
A(2,5)=-0.0006354746301136387;
A(3,5)=0.0011522593555030056;
A(4,5)=-0.0022506568937077052;
A(5,5)=0.012743956324286952;
A(6,5)=0.02775099452022539;
A(7,5)=0.024278387898805927;
A(8,5)=0.026295404687265333;
A(9,5)=0.024890577402370932;
A(10,5)=0.025956674141888538;
A(11,5)=0.025105657996008588;
A(12,5)=0.02580811532651346;
A(13,5)=0.02521433769771339;
A(14,5)=0.02572517474040233;
A(15,5)=0.02527975990590706;
A(16,5)=0.02567215204369489;
A(17,5)=0.025323749585666206;
A(18,5)=0.02563487646612927;
A(19,5)=0.025355977456392675;
A(20,5)=0.0256064464086012;
A(21,5)=0.025381594089295367;
A(22,5)=0.025582818110422734;
A(23,5)=0.025403987493228388;
A(24,5)=0.025560883342249735;
A(25,5)=0.0254264085191416;
A(26,5)=0.02553653231021923;
A(27,5)=0.0254557994827323;
A(2,6)=0.0005506987144781145;
A(3,6)=-0.0009286706371129593;
A(4,6)=0.0014798029040335636;
A(5,6)=-0.002809063832900983;
A(6,6)=0.01581851158239371;
A(7,6)=0.03445359079547015;
A(8,6)=0.03012448734846099;
A(9,6)=0.03265226197848328;
A(10,6)=0.03088199430817602;
A(11,6)=0.03223249419831748;
A(12,6)=0.03114925229298923;
A(13,6)=0.03204723391064127;
A(14,6)=0.03128536053840455;
A(15,6)=0.031942852608593926;
A(16,6)=0.03136815136276593;
A(17,6)=0.03187532878115702;
A(18,6)=0.0314245823864417;
A(19,6)=0.03182709609683767;
A(20,6)=0.03146672096843076;
A(21,6)=0.03178944129938876;
A(22,6)=0.031501204858055805;
A(23,6)=0.031756961792634104;
A(24,6)=0.03153285056656866;
A(25,6)=0.0317247575245656;
A(26,6)=0.03156770470881933;
A(27,6)=0.03168279468528314;
A(2,7)=-0.0004867508154266063;
A(3,7)=0.0007910610533958327;
A(4,7)=-0.0011551923017157509;
A(5,7)=0.0017720620908122516;
A(6,7)=-0.0033244745825066297;
A(7,7)=0.018671037441414937;
A(8,7)=0.040671478672767505;
A(9,7)=0.03554909864825535;
A(10,7)=0.038549565879715766;
A(11,7)=0.03644100420432804;
A(12,7)=0.03805503570927541;
A(13,7)=0.036756339160405584;
A(14,7)=0.03783593697611699;
A(15,7)=0.03691780993704842;
A(16,7)=0.03771161991028123;
A(17,7)=0.03701688924010457;
A(18,7)=0.037630330558333536;
A(19,7)=0.03708532638115997;
A(20,7)=0.037571292180587676;
A(21,7)=0.03713751751234846;
A(22,7)=0.037523937069948846;
A(23,7)=0.03718176468695544;
A(24,7)=0.03748111988474951;
A(25,7)=0.03722508958902344;
A(26,7)=0.037434441408412955;
A(27,7)=0.037281107195463195;
A(2,8)=0.0004349911085162831;
A(3,8)=-0.0006919541279068259;
A(4,8)=0.0009645676010423047;
A(5,8)=-0.0013471853016840543;
A(6,8)=0.0020329814298683984;
A(7,8)=-0.0037913281966041493;
A(8,8)=0.02126147357837131;
A(9,8)=0.04631767833475083;
A(10,8)=0.04047575416428596;
A(11,8)=0.04390461820653273;
A(12,8)=0.04148958724918351;
A(13,8)=0.04334232532063673;
A(14,8)=0.041848505300762236;
A(15,8)=0.04309248914258051;
A(16,8)=0.042033119026809417;
A(17,8)=0.0429498399272767;
A(18,8)=0.04214735257570915;
A(19,8)=0.042855529815766444;
A(20,8)=0.04222740494793966;
A(21,8)=0.04278572151880828;
A(22,8)=0.04229000931697885;
A(23,8)=0.04272781056154601;
A(24,8)=0.04234556980378645;
A(25,8)=0.04267199223387051;
A(26,8)=0.042405368674041;
A(27,8)=0.04260051999915455;
A(2,9)=-0.00039107265186103137;
A(3,9)=0.000613722000923479;
A(4,9)=-0.0008319270003456805;
A(5,9)=0.0011039982835641656;
A(6,9)=-0.0015116704629400278;
A(7,9)=0.0022618334082551775;
A(8,9)=-0.004203801353318704;
A(9,9)=0.023553450088978536;
A(10,9)=0.051313114158874476;
A(11,9)=0.04483508919919939;
A(12,9)=0.04864235213308596;
A(13,9)=0.04595683957372997;
A(14,9)=0.048020051321715634;
A(15,9)=0.04635442969194172;
A(16,9)=0.04774282249161779;
A(17,9)=0.04655982634024786;
A(18,9)=0.04758351207496447;
A(19,9)=0.046688075793254485;
A(20,9)=0.04747686321967209;
A(21,9)=0.046779498662790776;
A(22,9)=0.047396057017752895;
A(23,9)=0.046853323584417496;
A(24,9)=0.04732597492441875;
A(25,9)=0.04692311158862188;
A(26,9)=0.04725173233183707;
A(27,9)=0.04701140211297641;
A(2,10)=0.00035254978707770684;
A(3,10)=-0.0005482524081773098;
A(4,10)=0.000729775493318862;
A(5,10)=-0.0009385116274662531;
A(6,10)=0.001217839164362485;
A(7,10)=-0.0016500893236105387;
A(8,10)=0.0024567299937885783;
A(9,10)=-0.004556473347369069;
A(10,10)=0.025514790273606355;
A(11,10)=0.055587775510681545;
A(12,10)=0.04856577556722275;
A(13,10)=0.05269634288569493;
A(14,10)=0.049780020976225796;
A(15,10)=0.05202249651002514;
A(16,10)=0.050210980577181256;
A(17,10)=0.051721439507789665;
A(18,10)=0.05043469133419525;
A(19,10)=0.05154716095277938;
A(20,10)=0.050575879866557046;
A(21,10)=0.051428695724359395;
A(22,10)=0.05067872247659263;
A(23,10)=0.051336162552269964;
A(24,10)=0.05076543190509938;
A(25,10)=0.05125074567093796;
A(26,10)=0.050855523826399504;
A(27,10)=0.05114426634559784;
A(2,11)=-0.0003179408974244521;
A(3,11)=0.0004912733597350155;
A(4,11)=-0.0006457847289114354;
A(5,11)=0.0008134025388048323;
A(6,11)=-0.0010208267486485826;
