tLegendre(2)=0.009219682876640375;
tLegendre(3)=0.04794137181476257;
tLegendre(4)=0.11504866290284765;
tLegendre(5)=0.2063410228566913;
tLegendre(6)=0.3160842505009099;
tLegendre(7)=0.43738329574426554;
tLegendre(8)=0.5626167042557345;
tLegendre(9)=0.6839157494990901;
tLegendre(10)=0.7936589771433087;
tLegendre(11)=0.8849513370971523;
tLegendre(12)=0.9520586281852375;
tLegendre(13)=0.9907803171233597;
A(2,2)=-53.72714749722355;
A(3,2)=-7.673510492976718;
A(4,2)=1.5365008890717935;
A(5,2)=-0.57734278232825;
A(6,2)=0.3011051627011028;
A(7,2)=-0.19580741978341573;
A(8,2)=0.15149632007745054;
A(9,2)=-0.13694833886354066;
A(10,2)=0.14508016581034147;
A(11,2)=-0.18568053480328323;
A(12,2)=0.3151453255626901;
A(13,2)=-1.0187857633139819;
A(2,3)=86.91551843864079;
A(3,3)=-9.904227615072951;
A(4,3)=-8.154913055482316;
A(5,3)=2.41804723296873;
A(6,3)=-1.1597123883073535;
A(7,3)=0.7245157247712356;
A(8,3)=-0.54822288924144;
A(9,3)=0.48896406704465284;
A(10,3)=-0.5136231666897542;
A(11,3)=0.6538203210372112;
A(12,3)=-1.1060512261589175;
A(13,3)=3.5695552094266945;
A(2,4)=-58.11094837680547;
A(3,4)=27.22959919230925;
A(4,4)=-3.78098423901671;
A(5,4)=-7.666471460023466;
A(6,4)=2.8265363638539456;
A(7,4)=-1.5995377878221497;
A(8,4)=1.1519732820849697;
A(9,4)=-0.9988878108147197;
A(10,4)=1.0313581409202246;
A(11,4)=-1.2988654715954713;
A(12,4)=2.183133672242109;
A(13,4)=-7.022496406786689;
A(2,5)=44.57578229974531;
A(3,5)=-16.482640222798402;
A(4,5)=15.650766382673506;
A(5,5)=-1.7931795183857129;
A(6,5)=-7.398093818398287;
A(7,5)=3.1884533638722035;
A(8,5)=-2.0676895748042043;
A(9,5)=1.7000286002439615;
A(10,5)=-1.7026552529194252;
A(11,5)=2.1054725638229255;
A(12,5)=-3.5011168314722116;
A(13,5)=11.201425020146639;
A(2,6)=-35.268607085583234;
A(3,6)=11.992705487985603;
A(4,6)=-8.753858769250979;
A(5,6)=11.223406876327758;
A(6,6)=-0.8507725314124268;
A(7,6)=-7.480257898851579;
A(8,6)=3.6804409621749836;
A(9,6)=-2.718636122038443;
A(10,6)=2.5790579506415128;
A(11,6)=-3.093582284671494;
A(12,6)=5.056427877633447;
A(13,6)=-16.040831419407056;
A(2,7)=27.85809035527713;
A(3,7)=-9.100531979015926;
A(4,7)=6.017159934828668;
A(5,7)=-5.875394525581313;
A(6,7)=9.085914873778586;
A(7,7)=-0.2544575786939293;
A(8,7)=-7.9850896967993945;
A(9,7)=4.470457266643657;
A(10,7)=-3.810152014785153;
A(11,7)=4.333506549034075;
A(12,7)=-6.88614444737626;
A(13,7)=21.55382149398537;
A(2,8)=-21.55382149398537;
A(3,8)=6.88614444737626;
A(4,8)=-4.333506549034075;
A(5,8)=3.810152014785153;
A(6,8)=-4.470457266643657;
A(7,8)=7.9850896967993945;
A(8,8)=0.2544575786939293;
A(9,8)=-9.085914873778586;
A(10,8)=5.875394525581313;
A(11,8)=-6.017159934828668;
A(12,8)=9.100531979015926;
A(13,8)=-27.85809035527713;
A(2,9)=16.040831419407056;
A(3,9)=-5.056427877633447;
A(4,9)=3.093582284671494;
A(5,9)=-2.5790579506415128;
A(6,9)=2.718636122038443;
A(7,9)=-3.6804409621749836;
A(8,9)=7.480257898851579;
A(9,9)=0.8507725314124268;
A(10,9)=-11.223406876327758;
A(11,9)=8.753858769250979;
A(12,9)=-11.992705487985603;
A(13,9)=35.268607085583234;
A(2,10)=-11.201425020146639;
A(3,10)=3.5011168314722116;
A(4,10)=-2.1054725638229255;
A(5,10)=1.7026552529194252;
A(6,10)=-1.7000286002439615;
A(7,10)=2.0676895748042043;
A(8,10)=-3.1884533638722035;
A(9,10)=7.398093818398287;
A(10,10)=1.7931795183857129;
A(11,10)=-15.650766382673506;
A(12,10)=16.482640222798402;
A(13,10)=-44.57578229974531;
A(2,11)=7.022496406786689;
A(3,11)=-2.183133672242109;
A(4,11)=1.2988654715954713;
A(5,11)=-1.0313581409202246;
A(6,11)=0.9988878108147197;
A(7,11)=-1.1519732820849697;
A(8,11)=1.5995377878221497;
A(9,11)=-2.8265363638539456;
A(10,11)=7.666471460023466;
A(11,11)=3.78098423901671;
A(12,11)=-27.22959919230925;
A(13,11)=58.11094837680547;
A(2,12)=-3.5695552094266945;
A(3,12)=1.1060512261589175;
A(4,12)=-0.6538203210372112;
A(5,12)=0.5136231666897542;
A(6,12)=-0.48896406704465284;
A(7,12)=0.54822288924144;
A(8,12)=-0.7245157247712356;
A(9,12)=1.1597123883073535;
A(10,12)=-2.41804723296873;
A(11,12)=8.154913055482316;
A(12,12)=9.904227615072951;
A(13,12)=-86.91551843864079;
A(2,13)=1.0187857633139819;
A(3,13)=-0.3151453255626901;
A(4,13)=0.18568053480328323;
A(5,13)=-0.14508016581034147;
A(6,13)=0.13694833886354066;
A(7,13)=-0.15149632007745054;
A(8,13)=0.19580741978341573;
A(9,13)=-0.3011051627011028;
A(10,13)=0.57734278232825;
A(11,13)=-1.5365008890717935;
A(12,13)=7.673510492976718;
A(13,13)=53.72714749722355;
