tLegendre(2)=0.0037965780782077984;
tLegendre(3)=0.019895923932584984;
tLegendre(4)=0.04842204819259105;
tLegendre(5)=0.08864267173142859;
tLegendre(6)=0.1395169113323853;
tLegendre(7)=0.19972734766915948;
tLegendre(8)=0.2677146293120195;
tLegendre(9)=0.34171795001818506;
tLegendre(10)=0.4198206771798873;
tLegendre(11)=0.5;
tLegendre(12)=0.5801793228201126;
tLegendre(13)=0.6582820499818149;
tLegendre(14)=0.7322853706879805;
tLegendre(15)=0.8002726523308406;
tLegendre(16)=0.8604830886676147;
tLegendre(17)=0.9113573282685714;
tLegendre(18)=0.951577951807409;
tLegendre(19)=0.980104076067415;
tLegendre(20)=0.9962034219217922;
A(2,2)=0.0048654470574316195;
A(3,2)=0.01052802901806856;
A(4,2)=0.00934041799598806;
A(5,2)=0.00997346182060637;
A(6,2)=0.009561598155981699;
A(7,2)=0.009857589341980541;
A(8,2)=0.009631577762601106;
A(9,2)=0.009811344932940416;
A(10,2)=0.009664138738325074;
A(11,2)=0.00978728531690563;
A(12,2)=0.009682627007617838;
A(13,2)=0.009772587440398167;
A(14,2)=0.009694686526078801;
A(15,2)=0.009762374060925493;
A(16,2)=0.009703639191395804;
A(17,2)=0.009754203296071209;
A(18,2)=0.009711487585600309;
A(19,2)=0.009746107840005966;
A(20,2)=0.009720891352857775;
A(2,3)=-0.0018355448067476673;
A(3,3)=0.0112035566914249;
A(4,3)=0.0243575044936361;
A(5,3)=0.021394263834721577;
A(6,3)=0.023064579361664672;
A(7,3)=0.02193290760198699;
A(8,3)=0.02277098709192443;
A(9,3)=0.02211630067251814;
A(10,3)=0.022646256151760313;
A(11,3)=0.022206366589728903;
A(12,3)=0.022578160555973167;
A(13,3)=0.02225985684063277;
A(14,3)=0.022534673777107755;
A(15,3)=0.022296418876832598;
A(16,3)=0.022502814372696908;
A(17,3)=0.022325353869512014;
A(18,3)=0.022475132394031653;
A(19,3)=0.0223538165733818;
A(20,3)=0.02244214568925707;
A(2,4)=0.001385291256870515;
A(3,4)=-0.0030049355332595084;
A(4,4)=0.017261135684410307;
A(5,4)=0.03757053549121056;
A(6,4)=0.03290791847067433;
A(7,4)=0.03558945231487215;
A(8,4)=0.03374048712592461;
A(9,4)=0.03512994806679737;
A(10,4)=0.03403148961588884;
A(11,4)=0.03492920694108327;
A(12,4)=0.03417856489793699;
A(13,4)=0.034816285065070326;
A(14,4)=0.03426879184377899;
A(15,4)=0.034741452524265685;
A(16,4)=0.03433328439469405;
A(17,4)=0.034683408395833955;
A(18,4)=0.034388403752373495;
A(19,4)=0.034627067141579815;
A(20,4)=0.034453422868196346;
A(2,5)=-0.0011403127185121498;
A(3,5)=0.002067772529982939;
A(4,5)=-0.004039214967765352;
A(5,5)=0.0228725054056125;
A(6,5)=0.04980636691910274;
A(7,5)=0.043575102380955195;
A(8,5)=0.04719257945556346;
A(9,5)=0.0446756892410636;
A(10,5)=0.04658216213684547;
A(11,5)=0.04506496083422292;
A(12,5)=0.046311304707468234;
A(13,5)=0.045265490936331074;
A(14,5)=0.04615535152778948;
A(15,5)=0.04539215184680713;
A(16,5)=0.046048010319375825;
A(17,5)=0.04548744283156728;
A(18,5)=0.045958531380716594;
A(19,5)=0.04557809552152864;
A(20,5)=0.0458545874579106;
A(2,6)=0.0009705059994581079;
A(3,6)=-0.0016367854387261717;
A(4,6)=0.0026085760066538646;
A(5,6)=-0.004952582470675807;
A(6,6)=0.027891661386833497;
A(7,6)=0.06074886852016771;
A(8,6)=0.05311811418918137;
A(9,6)=0.057570261156700185;
A(10,6)=0.05445709788524415;
A(11,6)=0.05682570535841874;
A(12,6)=0.054934107224194395;
A(13,6)=0.05649153457922445;
A(14,6)=0.055183879414158886;
A(15,6)=0.056294685816557416;
A(16,6)=0.05534679239455791;
A(17,6)=0.05615281267133453;
A(18,6)=0.05547794537641838;
A(19,6)=0.05602157386452311;
A(20,6)=0.05562708120172005;
A(2,7)=-0.000838181586071199;
A(3,7)=0.0013624216627537219;
A(4,7)=-0.001990074379559971;
A(5,7)=0.0030537134409878894;
A(6,7)=-0.005730509220706696;
A(7,7)=0.032188490634834054;
A(8,7)=0.0701155712104143;
A(9,7)=0.06128890220122184;
A(10,7)=0.06645333175655337;
A(11,7)=0.06283203534984261;
A(12,7)=0.06559350012193237;
A(13,7)=0.06338519984848105;
A(14,7)=0.06520329206616325;
A(15,7)=0.06368000217299685;
A(16,7)=0.06496712196759186;
A(17,7)=0.06388040263649421;
A(18,7)=0.06478570933358964;
A(19,7)=0.06405894931174626;
A(20,7)=0.06458524413576223;
A(2,8)=0.0007277428621066575;
A(3,8)=-0.0011579097399160752;
A(4,8)=0.0016147209941606054;
A(5,8)=-0.0022563443190658406;
A(6,8)=0.0034067225466326984;
A(7,8)=-0.006356009325355131;
A(8,8)=0.03565167554340165;
A(9,8)=0.0776644466298552;
A(10,8)=0.06787531393613333;
A(11,8)=0.07361172270663072;
A(12,8)=0.06958395305460129;
A(13,8)=0.07265745000177332;
A(14,8)=0.07020085279381215;
A(15,8)=0.07221856530883253;
A(16,8)=0.07053713067908252;
A(17,8)=0.07194295456835344;
A(18,8)=0.07077980675293648;
A(19,8)=0.07170927055626551;
A(20,8)=0.07103803914479379;
A(2,9)=-0.0006315017363018383;
A(3,9)=0.0009913438197223727;
A(4,9)=-0.0013445286234758465;
A(5,9)=0.001785506452750949;
A(6,9)=-0.0024468200406341854;
A(7,9)=0.0036639929953910084;
A(8,9)=-0.006814261703715841;
A(9,9)=0.03819151051646492;
A(10,9)=0.08320029974368597;
A(11,9)=0.07270648886921574;
A(12,9)=0.07885998336068582;
A(13,9)=0.07453840137260903;
A(14,9)=0.07783358631950252;
A(15,9)=0.07520627649380225;
A(16,9)=0.07735276171078706;
A(17,9)=0.07558233968997684;
A(18,9)=0.0770335475902552;
A(19,9)=0.07588104206896347;
A(20,9)=0.07671029436708346;
A(2,10)=0.000545274918899326;
A(3,10)=-0.0008483076050489686;
A(4,10)=0.001129980799769834;
A(5,10)=-0.0014545955462638774;
A(6,10)=0.001889708483736817;
A(7,10)=-0.002563610694931266;
A(8,10)=0.0038213568692592;
A(9,10)=-0.007094082540123125;
A(10,10)=0.039742210848488585;
A(11,10)=0.08657991482783978;
A(12,10)=0.07565722713069038;
A(13,10)=0.08206195680261283;
A(14,10)=0.0775677465874143;
A(15,10)=0.08098642280899969;
A(16,10)=0.07827439326034603;
A(17,10)=0.08046838786192509;
A(18,10)=0.07869306849255367;
A(19,10)=0.08009117480284665;
A(20,10)=0.07909016367082862;
A(2,11)=-0.0004666608183196981;
A(3,11)=0.0007214486706203634;
A(4,11)=-0.0009492246905551923;
A(5,11)=0.0011971259048087516;
A(6,11)=-0.0015047539781763858;
A(7,11)=0.001932526271473795;
A(8,11)=-0.0026069849145326906;
A(9,11)=0.0038760044900754825;
A(10,11)=-0.007188583109741362;
A(11,11)=0.040263612462195925;
A(12,11)=0.08771580803413322;
A(13,11)=0.07665122043431637;
A(14,11)=0.08313420983892454;
A(15,11)=0.07859469865291806;
A(16,11)=0.08203197890256823;
A(17,11)=0.0793300990195831;
A(18,11)=0.08147644961494704;
A(19,11)=0.07980577625377148;
A(20,11)=0.08099388574271155;
A(2,12)=0.00039425802614855644;
A(3,12)=-0.0006067531058694765;
A(4,12)=0.0007913532044235015;
A(5,12)=-0.00098396616494791;
A(6,12)=0.0012100284366311374;
A(7,12)=-0.0015020011120225163;
A(8,12)=0.0019166751095628634;
A(9,12)=-0.0025775351056356575;
A(10,12)=0.0038271945662867856;
A(11,12)=-0.007095493130862601;
A(12,12)=0.039742210848488585;
A(13,12)=0.0865785042371003;
A(14,12)=0.07566306482771798;
A(15,12)=0.08204803239190844;
A(16,12)=0.07759471321324035;
A(17,12)=0.08093901724324105;
A(18,12)=0.07835444089720733;
A(19,12)=0.08033272930202615;
A(20,12)=0.07893914677807785;
A(2,13)=-0.0003272733341536261;
A(3,13)=0.0005019789639663654;
A(4,13)=-0.0006505265573253718;
A(5,13)=0.0008006813429529916;
A(6,13)=-0.0009697406778572254;
A(7,13)=0.001176744539127582;
A(8,13)=-0.0014505652865726868;
A(9,13)=0.0018446196603208033;
A(10,13)=-0.002476962327755992;
A(11,13)=0.0036765321637140962;
A(12,13)=-0.006817278710756128;
A(13,13)=0.03819151051646492;
A(14,13)=0.08319728273664567;
A(15,13)=0.07271902803753882;
A(16,13)=0.07882984107356401;
A(17,13)=0.07459751458017888;
A(18,13)=0.07772754965640567;
A(19,13)=0.07539167721320746;
A(20,13)=0.07701452276923167;
A(2,14)=0.00026531194200952074;
A(3,14)=-0.00040591946946220904;
A(4,14)=0.0005235443338668279;
A(5,14)=-0.0006396034815501325;
A(6,14)=0.0007662204077207963;
A(7,14)=-0.00091521422202922;
A(8,14)=0.0011024982929911532;
A(9,14)=-0.00135409891497001;
A(10,14)=0.0017193980322020193;
A(11,14)=-0.0023083716198274073;
A(12,14)=0.003428037150669973;
A(13,14)=-0.006361095543051894;
A(14,14)=0.03565167554340165;
A(15,14)=0.07765936041215844;
A(16,14)=0.0678966285401706;
A(17,14)=0.07355969540586915;
A(18,14)=0.0696886300926427;
A(19,14)=0.07246126082671939;
A(20,14)=0.07057560822469665;
