tLegendre(2)=0.0011467154501998513;
tLegendre(3)=0.006032117778074251;
tLegendre(4)=0.014781191980385083;
tLegendre(5)=0.027327425896086336;
tLegendre(6)=0.04357286932034119;
tLegendre(7)=0.06339043748738883;
tLegendre(8)=0.0866250504538873;
tLegendre(9)=0.11309487385654372;
tLegendre(10)=0.1425927492216856;
tLegendre(11)=0.1748878176670548;
tLegendre(12)=0.20972732762511775;
tLegendre(13)=0.2468386133792557;
tLegendre(14)=0.2859312292410929;
tLegendre(15)=0.326699222784593;
tLegendre(16)=0.36882352939535196;
tLegendre(17)=0.4119744694170052;
tLegendre(18)=0.4558143283621704;
tLegendre(19)=0.5;
tLegendre(20)=0.5441856716378296;
tLegendre(21)=0.5880255305829948;
tLegendre(22)=0.631176470604648;
tLegendre(23)=0.6733007772154069;
tLegendre(24)=0.7140687707589072;
tLegendre(25)=0.7531613866207443;
tLegendre(26)=0.7902726723748823;
tLegendre(27)=0.8251121823329451;
tLegendre(28)=0.8574072507783144;
tLegendre(29)=0.8869051261434563;
tLegendre(30)=0.9133749495461128;
tLegendre(31)=0.9366095625126112;
tLegendre(32)=0.9564271306796588;
tLegendre(33)=0.9726725741039136;
tLegendre(34)=0.9852188080196149;
tLegendre(35)=0.9939678822219258;
tLegendre(36)=0.9988532845498002;
A(2,2)=-435.5273873347495;
A(3,2)=-58.73448765650222;
A(4,2)=10.804647711574459;
A(5,2)=-3.5818981356091686;
A(6,2)=1.577291553100458;
A(7,2)=-0.8243778555745096;
A(8,2)=0.48396134896455634;
A(9,2)=-0.3092892903953171;
A(10,2)=0.21101245395688883;
A(11,2)=-0.1517045536803507;
A(12,2)=0.1138945305547908;
A(13,2)=-0.08871163620715426;
A(14,2)=0.07133901453193833;
A(15,2)=-0.059013836891453314;
A(16,2)=0.05007813593513652;
A(17,2)=-0.04349916522635936;
A(18,2)=0.038613993350202165;
A(19,2)=-0.03498742913514025;
A(20,2)=0.032330152342641555;
A(21,2)=-0.03045034833184859;
A(22,2)=0.029224920439558433;
A(23,2)=-0.02858288547268587;
A(24,2)=0.02849714974661884;
A(25,2)=-0.028983118420019185;
A(26,2)=0.030104434783863727;
A(27,2)=-0.03198837503160913;
A(28,2)=0.03485723498532257;
A(29,2)=-0.03909007925474984;
A(30,2)=0.045348530959061856;
A(31,2)=-0.05485236132800717;
A(32,2)=0.07005106884122649;
A(33,2)=-0.09652510748915598;
A(34,2)=0.1497001253797776;
A(35,2)=-0.28901640328299033;
A(36,2)=1.0022987028164698;
A(2,3)=713.3557155425511;
A(3,3)=-82.3865938568444;
A(4,3)=-58.68045332346469;
A(5,3)=15.346777987721783;
A(6,3)=-6.212253334121426;
A(7,3)=3.1176828341235456;
A(8,3)=-1.7888595897333748;
A(9,3)=1.1270674229150701;
A(10,3)=-0.7616927576112943;
A(11,3)=0.5439912878919408;
A(12,3)=-0.4064456414866675;
A(13,3)=0.31543487457155744;
A(14,3)=-0.25295800965235116;
A(15,3)=0.2087983035643943;
A(16,3)=-0.176873952652765;
A(17,3)=0.1534202954876891;
A(18,3)=-0.13603258237734103;
A(19,3)=0.12313815327487324;
A(20,3)=-0.11369438178808094;
A(21,3)=0.10701116914580588;
A(22,3)=-0.10264565403348626;
A(23,3)=0.10034151400235926;
A(24,3)=-0.0999986679235707;
A(25,3)=0.10166750240375112;
A(26,3)=-0.10556841233058559;
A(27,3)=0.11214536115028113;
A(28,3)=-0.12217557209930234;
A(29,3)=0.13698563066141;
A(30,3)=-0.15889191541959657;
A(31,3)=0.19216568138819784;
A(32,3)=-0.2453849775809183;
A(33,3)=0.3380929938619255;
A(34,3)=-0.5243123149739577;
A(35,3)=1.01221155867653;
A(36,3)=-3.5102290220564787;
A(2,4)=-497.8659802641822;
A(3,4)=222.62930986528988;
A(4,4)=-33.31926977846316;
A(5,4)=-50.73786612206311;
A(6,4)=15.777187751524032;
A(7,4)=-7.16562228449625;
A(8,4)=3.9086609882889567;
A(9,4)=-2.3906653947197816;
A(10,4)=1.5851839121950788;
A(11,4)=-1.1174878371484054;
A(12,4)=0.8272048956886503;
A(13,4)=-0.6375685451692463;
A(14,4)=0.5086098031612376;
A(15,4)=-0.41810497602102226;
A(16,4)=0.3530287859858293;
A(17,4)=-0.3054145539255451;
A(18,4)=0.2702205889990956;
A(19,4)=-0.24417329364315693;
A(20,4)=0.22511376170885147;
A(21,4)=-0.2116176287867806;
A(22,4)=0.20277108034336475;
A(23,4)=-0.19804191661721599;
A(24,4)=0.1972143811266087;
A(25,4)=-0.20037443261742346;
A(26,4)=0.20794605985725648;
A(27,4)=-0.2207952169938389;
A(28,4)=0.24044452722070017;
A(29,4)=-0.2694973820600073;
A(30,4)=0.31250304656494454;
A(31,4)=-0.37785286716271504;
A(32,4)=0.48240180348598993;
A(33,4)=-0.6645525250887439;
A(34,4)=1.0304629411228172;
A(35,4)=-1.989202233886777;
A(36,4)=6.898012934566408;
A(2,5)=407.3089133534341;
A(3,5)=-143.68615824056442;
A(4,5)=125.21058396203837;
A(5,5)=-17.78258970371094;
A(6,5)=-43.92577288866983;
A(7,5)=15.172782138933323;
A(8,5)=-7.439346347462643;
A(9,5)=4.304916079616357;
A(10,5)=-2.761248741593236;
A(11,5)=1.9047445141156272;
A(12,5)=-1.3888570516576666;
A(13,5)=1.0588150533306775;
A(14,5)=-0.8377489818872931;
A(15,5)=0.6843359480903674;
A(16,5)=-0.5749551749883162;
A(17,5)=0.4954315282595943;
A(18,5)=-0.4369246299335902;
A(19,5)=0.3937583762991933;
A(20,5)=-0.36222016932845824;
A(21,5)=0.33987322414530896;
A(22,5)=-0.3251556886042789;
A(23,5)=0.31715067198482677;
A(24,5)=-0.31546822480556586;
A(25,5)=0.32021338523431325;
A(26,5)=-0.332038754952871;
A(27,5)=0.35230661460846047;
A(28,5)=-0.3834284600608207;
A(29,5)=0.42953844163986243;
A(30,5)=-0.49786896852897106;
A(31,5)=0.6017672580533965;
A(32,5)=-0.7680485255301857;
A(33,5)=1.057814705978855;
A(34,5)=-1.6399785032273115;
A(35,5)=3.16543859922498;
A(36,5)=-10.97617384812793;
A(2,6)=-352.2254211041283;
A(3,6)=114.22072614464176;
A(4,6)=-76.4603836700466;
A(5,6)=86.26158785371726;
A(6,6)=-10.95225141829491;
A(7,6)=-38.69241800046649;
A(8,6)=14.35905746793402;
A(9,6)=-7.442415456065595;
A(10,6)=4.504336493137416;
A(11,6)=-2.9994483096742166;
A(12,6)=2.136580043012612;
A(13,6)=-1.6023655169685975;
A(14,6)=1.2526790949139528;
A(15,6)=-1.014025696917106;
A(16,6)=0.8459614472999436;
A(17,6)=-0.7248924055213812;
A(18,6)=0.6364164989368593;
A(19,6)=-0.5714362354243158;
A(20,6)=0.5240722268098065;
A(21,6)=-0.4904953930662602;
A(22,6)=0.4682570333655757;
A(23,6)=-0.45590705809250415;
A(24,6)=0.4527950883800806;
A(25,6)=-0.4590068907824252;
A(26,6)=0.475428409408093;
A(27,6)=-0.503970041296125;
A(28,6)=0.5480462226069548;
A(29,6)=-0.6135323734040695;
A(30,6)=0.7107234589000203;
A(31,6)=-0.8586317192982984;
A(32,6)=1.0954651167546887;
A(33,6)=-1.5082964055944788;
A(34,6)=2.337845474019808;
A(35,6)=-4.5117365337199375;
A(36,6)=15.643123918906703;
A(2,7)=313.099643792658;
A(3,7)=-97.49340252018864;
A(4,7)=59.06202427959156;
A(5,7)=-50.67698806179533;
A(6,7)=65.80719925370971;
A(7,7)=-7.3537846331868915;
A(8,7)=-34.698397529148174;
A(9,7)=13.575780595775456;
A(10,7)=-7.344109313695536;
A(11,7)=4.6069622603077125;
A(12,7)=-3.163742388695079;
A(13,7)=2.3154539871555726;
A(14,7)=-1.7791475802318772;
A(15,7)=1.4219609669037174;
A(16,7)=-1.1748338143042496;
A(17,7)=0.9991054709757518;
A(18,7)=-0.8718894558163833;
A(19,7)=0.7790579302561794;
A(20,7)=-0.7116340353679593;
A(21,7)=0.6638370516556336;
A(22,7)=-0.6319865291699884;
A(23,7)=0.6138850098891935;
A(24,7)=-0.6084925391026841;
A(25,7)=0.6158070455691498;
A(26,7)=-0.6369287900263603;
A(27,7)=0.6743462768219264;
A(28,7)=-0.7325668997653123;
A(29,7)=0.819386140987392;
A(30,7)=-0.9484923851080304;
A(31,7)=1.1451879274530499;
A(32,7)=-1.4603416265361664;
A(33,7)=2.009898505963468;
A(34,7)=-3.1144197012397297;
A(35,7)=6.009234140525623;
A(36,7)=-20.83298899509675;
A(2,8)=-282.79857264969365;
A(3,8)=86.06564494256322;
A(4,8)=-49.56700731121881;
A(5,8)=38.22879682472848;
A(6,8)=-37.5736814175783;
A(7,8)=53.385055256980124;
A(8,8)=-5.224582097998828;
A(9,8)=-31.62015971510126;
A(10,8)=12.891239563807195;
A(11,8)=-7.218665492775185;
A(12,8)=4.664917711416574;
A(13,8)=-3.288557299225784;
A(14,8)=2.46408667155717;
A(15,8)=-1.9344732272035003;
A(16,8)=1.577222620624435;
A(17,8)=-1.3277732952921653;
A(18,8)=1.149536920936772;
A(19,8)=-1.020643279453091;
A(20,8)=0.9275201713631466;
A(21,8)=-0.861567324440566;
A(22,8)=0.8173513244517145;
A(23,8)=-0.7916077617194012;
A(24,8)=0.7827119513919127;
A(25,8)=-0.7904617546031213;
A(26,8)=0.8161215574409527;
A(27,8)=-0.8627630252098768;
A(28,8)=0.9360530281407691;
A(29,8)=-1.045858904960653;
A(30,8)=1.2095556359885908;
A(31,8)=-1.4592984689647752;
A(32,8)=1.859766692928412;
