tLegendre(2)=0.0008392057126142792;
tLegendre(3)=0.004416445150491846;
tLegendre(4)=0.010830663219458308;
tLegendre(5)=0.020046554134826887;
tLegendre(6)=0.03201150625107309;
tLegendre(7)=0.046657027620949414;
tLegendre(8)=0.06389924415377929;
tLegendre(9)=0.08363939979931934;
tLegendre(10)=0.10576442747629532;
tLegendre(11)=0.1301475984650369;
tLegendre(12)=0.15664924898252436;
tLegendre(13)=0.18511758046390184;
tLegendre(14)=0.21538952919489207;
tLegendre(15)=0.247291700400297;
tLegendre(16)=0.28064136147429647;
tLegendre(17)=0.31524748867975927;
tLegendre(18)=0.3509118613290876;
tLegendre(19)=0.38743019718328864;
tLegendre(20)=0.4245933225680039;
tLegendre(21)=0.4621883705054185;
tLegendre(22)=0.5;
tLegendre(23)=0.5378116294945815;
tLegendre(24)=0.575406677431996;
tLegendre(25)=0.6125698028167114;
tLegendre(26)=0.6490881386709124;
tLegendre(27)=0.6847525113202407;
tLegendre(28)=0.7193586385257036;
tLegendre(29)=0.752708299599703;
tLegendre(30)=0.7846104708051079;
tLegendre(31)=0.8148824195360982;
tLegendre(32)=0.8433507510174757;
tLegendre(33)=0.8698524015349631;
tLegendre(34)=0.8942355725237047;
tLegendre(35)=0.9163606002006807;
tLegendre(36)=0.9361007558462207;
tLegendre(37)=0.9533429723790506;
tLegendre(38)=0.9679884937489269;
tLegendre(39)=0.9799534458651731;
tLegendre(40)=0.9891693367805416;
tLegendre(41)=0.9955835548495081;
tLegendre(42)=0.9991607942873857;
A(2,2)=0.0010765350895412219;
A(3,2)=0.002329446994382644;
A(4,2)=0.002066666854056344;
A(5,2)=0.0022067548873763733;
A(6,2)=0.002115585638906271;
A(7,2)=0.0021811460064881483;
A(8,2)=0.002131028847647391;
A(9,2)=0.0021709681902205725;
A(10,2)=0.0021381624262740433;
A(11,2)=0.002165735941713307;
A(12,2)=0.0021421368787768536;
A(13,2)=0.002162631525682031;
A(14,2)=0.0021446176280983434;
A(15,2)=0.002160611069308213;
A(16,2)=0.002146290019149735;
A(17,2)=0.002159207328668103;
A(18,2)=0.0021474827481999677;
A(19,2)=0.002158182847747955;
A(20,2)=0.0021483713266183826;
A(21,2)=0.002157405281962782;
A(22,2)=0.002149057331920876;
A(23,2)=0.002156795416901801;
A(24,2)=0.002149603444303742;
A(25,2)=0.0021563029787509272;
A(26,2)=0.0021500505108116284;
A(27,2)=0.002155894357234523;
A(28,2)=0.0021504265435049576;
A(29,2)=0.002155545889491755;
A(30,2)=0.002150751828422726;
A(31,2)=0.0021552398892877678;
A(32,2)=0.002151042094960967;
A(33,2)=0.0021549620252847967;
A(34,2)=0.0021513107967935795;
A(35,2)=0.002154699189461281;
A(36,2)=0.0021515713065657213;
A(37,2)=0.002154436949116272;
A(38,2)=0.002151840297589911;
A(39,2)=0.0021541543952852123;
A(40,2)=0.0021521467962899426;
A(41,2)=0.00215380532688478;
A(42,2)=0.0021525827091887677;
A(2,3)=-0.0004095912365685554;
A(3,3)=0.0024999846934764865;
A(4,3)=0.005435197390094078;
A(5,3)=0.004773920370470429;
A(6,3)=0.005146758342145479;
A(7,3)=0.004894014418863183;
A(8,3)=0.0050813855082212055;
A(9,3)=0.0049347490369800705;
A(10,3)=0.005053799211859561;
A(11,3)=0.004954528847680534;
A(12,3)=0.005039009904792828;
A(13,3)=0.004965948938342225;
A(14,3)=0.005029962196007787;
A(15,3)=0.0049732692762784496;
A(16,3)=0.0050239344088102095;
A(17,3)=0.0049783076880456625;
A(18,3)=0.00501966791670195;
A(19,3)=0.004981962050789541;
A(20,3)=0.005016505776441511;
A(21,3)=0.0049847236257182445;
A(22,3)=0.005014073535850805;
A(23,3)=0.004986882727334494;
A(24,3)=0.005012142617750278;
A(25,3)=0.0049886219037887074;
A(26,3)=0.005010565259655104;
A(27,3)=0.004990062334890106;
A(28,3)=0.005009240767208955;
A(29,3)=0.004991288849444988;
A(30,3)=0.005008096600789429;
A(31,3)=0.004992364539861646;
A(32,3)=0.005007076776996059;
A(33,3)=0.004993340300153549;
A(34,3)=0.005006133622691085;
A(35,3)=0.004994262479938905;
A(36,3)=0.005005219948813807;
A(37,3)=0.004995181913002942;
A(38,3)=0.005004277127236105;
A(39,3)=0.004996172020724296;
A(40,3)=0.0050032033388313;
A(41,3)=0.004997394748266207;
A(42,3)=0.005001676584675683;
A(2,4)=0.00031391793713852367;
A(3,4)=-0.0006809156992309111;
A(4,4)=0.003911234601954647;
A(5,4)=0.008513227692154386;
A(6,4)=0.007456547206900091;
A(7,4)=0.00806451859130031;
A(8,4)=0.007644933184173253;
A(9,4)=0.007960761020042869;
A(10,4)=0.00771039458232958;
A(11,4)=0.00791589263600097;
A(12,4)=0.007742929115579545;
A(13,4)=0.007891314461055298;
A(14,4)=0.007762087734435554;
A(15,4)=0.0078760045862696;
A(16,4)=0.007774572712254892;
A(17,4)=0.007865649249718465;
A(18,4)=0.007783286658550606;
A(19,4)=0.007858224033740095;
A(20,4)=0.007789684051311701;
A(21,4)=0.00785265738000121;
A(22,4)=0.007794571597032373;
A(23,4)=0.007848330343930872;
A(24,4)=0.007798432294816398;
A(25,4)=0.007844860145117238;
A(26,4)=0.007801573907253974;
A(27,4)=0.00784199588644691;
A(28,4)=0.007804203805359376;
A(29,4)=0.00783956372048809;
A(30,4)=0.007806469980367572;
A(31,4)=0.007837435477982995;
A(32,4)=0.0078084856948046535;
A(33,4)=0.007835508602895709;
A(34,4)=0.007810346639349732;
A(35,4)=0.00783369041605569;
A(36,4)=0.007812146826039565;
A(37,4)=0.00783187998857246;
A(38,4)=0.007814002310054755;
A(39,4)=0.007829932342051713;
A(40,4)=0.007816113762566692;
A(41,4)=0.00782752873268184;
A(42,4)=0.007819114397582991;
A(2,5)=-0.0002643139349408235;
A(3,5)=0.00047925088655565584;
A(4,5)=-0.0009360736424815685;
A(5,5)=0.005300265842194889;
A(6,5)=0.01154178480087442;
A(7,5)=0.01009741612735896;
A(8,5)=0.010936497118797711;
A(9,5)=0.010351896400886913;
A(10,5)=0.010795788183389953;
A(11,5)=0.010441134390366771;
A(12,5)=0.010734268153954014;
A(13,5)=0.010486009063551549;
A(14,5)=0.010700167830819415;
A(15,5)=0.01051274204373027;
A(16,5)=0.01067868804934801;
A(17,5)=0.010530350309447264;
A(18,5)=0.0106640101618881;
A(19,5)=0.010542760967604406;
A(20,5)=0.010653386030865701;
A(21,5)=0.010551955543189105;
A(22,5)=0.010645350302829005;
A(23,5)=0.01055904155707869;
A(24,5)=0.01063904971230424;
A(25,5)=0.010564687796984256;
A(26,5)=0.010633951707517695;
A(27,5)=0.010569324721331855;
A(28,5)=0.010629703224548731;
A(29,5)=0.01057324625609367;
A(30,5)=0.010626055668941075;
A(31,5)=0.010576666386237565;
A(32,5)=0.01062282105066739;
A(33,5)=0.010579754360010006;
A(34,5)=0.010619842336759883;
A(35,5)=0.010582661432690467;
A(36,5)=0.010616966909086778;
A(37,5)=0.010585550642684509;
A(38,5)=0.010614008113906316;
A(39,5)=0.010588654316381724;
A(40,5)=0.010610645272603603;
A(41,5)=0.010592480814892584;
A(42,5)=0.010605869767802865;
A(2,6)=0.00023186295636283368;
A(3,6)=-0.0003909879753891211;
A(4,6)=0.0006229913583508137;
A(5,6)=-0.001182540833116089;
A(6,6)=0.006658974801777611;
A(7,6)=0.014503668973625174;
A(8,6)=0.012681099615605117;
A(9,6)=0.013745559707047099;
A(10,6)=0.01299974556115726;
A(11,6)=0.013569152086278981;
A(12,6)=0.013111879452185136;
A(13,6)=0.013491620744151814;
A(14,6)=0.013168620895052437;
A(15,6)=0.01344835110534793;
A(16,6)=0.013202664588378009;
A(17,6)=0.013420897864660471;
A(18,6)=0.01322525110866848;
A(19,6)=0.01340200257043045;
A(20,6)=0.013241284710692925;
A(21,6)=0.013388228254246546;
A(22,6)=0.013253248039845903;
A(23,6)=0.01337773511845371;
A(24,6)=0.013262534996980753;
A(25,6)=0.013369446260979152;
A(26,6)=0.013269992401498579;
A(27,6)=0.013362684763642467;
A(28,6)=0.013276169964318282;
A(29,6)=0.013356997121287443;
A(30,6)=0.013281448040693212;
A(31,6)=0.013352058514699987;
A(32,6)=0.013286109828190765;
A(33,6)=0.013347615864887809;
A(34,6)=0.013290388430745372;
A(35,6)=0.013343446252038349;
A(36,6)=0.013294507217439907;
A(37,6)=0.013339312606005191;
A(38,6)=0.01329873602694665;
A(39,6)=0.013334880679701285;
A(40,6)=0.01330353450485505;
A(41,6)=0.013329423727405993;
A(42,6)=0.013310342095033192;
A(2,7)=-0.000208105200746364;
A(3,7)=0.00033819138116526504;
A(4,7)=-0.0004938200071413233;
A(5,7)=0.000757440728113151;
A(6,7)=-0.001420865937883066;
A(7,7)=0.00797955293292482;
A(8,7)=0.017382108645090433;
A(9,7)=0.015192605387854366;
A(10,7)=0.016475553230221318;
A(11,7)=0.015573400831994164;
A(12,7)=0.01626468377566538;
A(13,7)=0.015707573780490286;
A(14,7)=0.016171771421194376;
A(15,7)=0.015775702828652247;
A(16,7)=0.016119703844370142;
A(17,7)=0.01581676607381895;
