tLegendre(2)=0.00046929021759072926;
tLegendre(3)=0.0024710110762940626;
tLegendre(4)=0.0060655294005554005;
tLegendre(5)=0.011242132248005396;
tLegendre(6)=0.0179843357034324;
tLegendre(7)=0.02627056597939463;
tLegendre(8)=0.03607428763960415;
tLegendre(9)=0.047364099627999985;
tLegendre(10)=0.060103838790052246;
tLegendre(11)=0.07425269669142276;
tLegendre(12)=0.08976535072033955;
tLegendre(13)=0.10659210943618881;
tLegendre(14)=0.12467907182598904;
tLegendre(15)=0.1439683000066811;
tLegendre(16)=0.1643980048400868;
tLegendre(17)=0.18590274387503594;
tLegendre(18)=0.20841363098698396;
tLegendre(19)=0.23185855704582836;
tLegendre(20)=0.25616242090626296;
tLegendre(21)=0.2812473699814127;
tLegendre(22)=0.3070330496295103;
tLegendre(23)=0.33343686055498806;
tLegendre(24)=0.36037422339959674;
tLegendre(25)=0.38775884967607727;
tLegendre(26)=0.4155030181765634;
tLegendre(27)=0.4435178559703354;
tLegendre(28)=0.4717136230908316;
tLegendre(29)=0.5;
tLegendre(30)=0.5282863769091684;
tLegendre(31)=0.5564821440296647;
tLegendre(32)=0.5844969818234366;
tLegendre(33)=0.6122411503239228;
tLegendre(34)=0.6396257766004033;
tLegendre(35)=0.6665631394450119;
tLegendre(36)=0.6929669503704897;
tLegendre(37)=0.7187526300185872;
tLegendre(38)=0.743837579093737;
tLegendre(39)=0.7681414429541716;
tLegendre(40)=0.791586369013016;
tLegendre(41)=0.8140972561249641;
tLegendre(42)=0.8356019951599132;
tLegendre(43)=0.856031699993319;
tLegendre(44)=0.875320928174011;
tLegendre(45)=0.8934078905638112;
tLegendre(46)=0.9102346492796605;
tLegendre(47)=0.9257473033085772;
tLegendre(48)=0.9398961612099478;
tLegendre(49)=0.952635900372;
tLegendre(50)=0.9639257123603958;
tLegendre(51)=0.9737294340206054;
tLegendre(52)=0.9820156642965676;
tLegendre(53)=0.9887578677519946;
tLegendre(54)=0.9939344705994446;
tLegendre(55)=0.9975289889237059;
tLegendre(56)=0.9995307097824093;
A(2,2)=0.0006020809049949472;
A(3,2)=0.0013028052726098954;
A(4,2)=0.0011558383322165153;
A(5,2)=0.0012341866792531877;
A(6,2)=0.0011831970910716075;
A(7,2)=0.001219864768003263;
A(8,2)=0.0011918333940231546;
A(9,2)=0.0012141734837819204;
A(10,2)=0.0011958218765272133;
A(11,2)=0.0012112486256712401;
A(12,2)=0.0011980429980597669;
A(13,2)=0.0012095144037326156;
A(14,2)=0.0011994280788440957;
A(15,2)=0.0012083871264344402;
A(16,2)=0.001200360281885617;
A(17,2)=0.0012076056240264404;
A(18,2)=0.001201023273487413;
A(19,2)=0.0012070372786169123;
A(20,2)=0.0012015150041154933;
A(21,2)=0.0012066083091143293;
A(22,2)=0.0012018920156322888;
A(23,2)=0.0012062747184283845;
A(24,2)=0.0012021890134172205;
A(25,2)=0.0012060087927508432;
A(26,2)=0.0012024283756574654;
A(27,2)=0.001205792277817141;
A(28,2)=0.001202625132481083;
A(29,2)=0.0012056126904232273;
A(30,2)=0.0012027897362062042;
A(31,2)=0.0012054612113797697;
A(32,2)=0.0012029296827896561;
A(33,2)=0.0012053314240488603;
A(34,2)=0.001203050503424624;
A(35,2)=0.0012052185270810891;
A(36,2)=0.00120315639573695;
A(37,2)=0.0012051188232788373;
A(38,2)=0.0012032506420774493;
A(39,2)=0.0012050293732781764;
A(40,2)=0.001203335900150835;
A(41,2)=0.0012049477476096312;
A(42,2)=0.001203414418977962;
A(43,2)=0.0012048718334682555;
A(44,2)=0.0012034882179131766;
A(45,2)=0.0012047996613368866;
A(46,2)=0.0012035592639608322;
A(47,2)=0.0012047292117745012;
A(48,2)=0.0012036296974098771;
A(49,2)=0.001204658132393365;
A(50,2)=0.0012037022129763567;
A(51,2)=0.0012045831871409073;
A(52,2)=0.0012037809154475585;
A(53,2)=0.0012044988149916508;
A(54,2)=0.0012038740024138009;
A(55,2)=0.0012043913836991213;
A(56,2)=0.0012040094209719938;
A(2,3)=-0.00022931655369233707;
A(3,3)=0.0013996580666401919;
A(4,3)=0.0030429860456249905;
A(5,3)=0.002672758064453862;
A(6,3)=0.0028814999018542346;
A(7,3)=0.002739992880006925;
A(8,3)=0.002844902322360305;
A(9,3)=0.002762795614194518;
A(10,3)=0.0028294617046642;
A(11,3)=0.002773864747265506;
A(12,3)=0.0028211875716699477;
A(13,3)=0.0027802514875623365;
A(14,3)=0.00281613023592671;
A(15,3)=0.00278434042192752;
A(16,3)=0.002812766391292366;
A(17,3)=0.002787148770126115;
A(18,3)=0.0028103919550649475;
A(19,3)=0.0027891785736309876;
A(20,3)=0.0028086398581060905;
A(21,3)=0.002790704046363448;
A(22,3)=0.002807301395905141;
A(23,3)=0.0027918866551052473;
A(24,3)=0.0028062498223898956;
A(25,3)=0.002792827190108692;
A(26,3)=0.0028054040450789628;
A(27,3)=0.0027935915926708935;
A(28,3)=0.0028047099185001733;
A(29,3)=0.002794224724164594;
A(30,3)=0.0028041299605410094;
A(31,3)=0.002794758149483631;
A(32,3)=0.0028036373887215813;
A(33,3)=0.0027952147588569355;
A(34,3)=0.0028032124996883656;
A(35,3)=0.0027956116333000933;
A(36,3)=0.0028028403783742833;
A(37,3)=0.002795961894812206;
A(38,3)=0.0028025093876350208;
A(39,3)=0.0027962759538860686;
A(40,3)=0.0028022101237776694;
A(41,3)=0.00279656239847785;
A(42,3)=0.0028019346441072145;
A(43,3)=0.002796828683402433;
A(44,3)=0.0028016758299477464;
A(45,3)=0.002797081745518925;
A(46,3)=0.0028014267592424524;
A(47,3)=0.002797328685562231;
A(48,3)=0.002801179912140126;
A(49,3)=0.0027975777627787146;
A(50,3)=0.002800925833325958;
A(51,3)=0.0027978403260104285;
A(52,3)=0.002800650133394946;
A(53,3)=0.002798135863147959;
A(54,3)=0.002800324091905956;
A(55,3)=0.00279851212693175;
A(56,3)=0.00279984982350597;
A(2,4)=0.00017608703765186623;
A(3,4)=-0.000381947801329535;
A(4,4)=0.002193936526764632;
A(5,4)=0.004775342457609734;
A(6,4)=0.004182613398380775;
A(7,4)=0.00452365063578895;
A(8,4)=0.004288280364678427;
A(9,4)=0.0044654558891778625;
A(10,4)=0.004324991967876994;
A(11,4)=0.004440297325031619;
A(12,4)=0.004343230146342658;
A(13,4)=0.00442652424693415;
A(14,4)=0.004353960889498899;
A(15,4)=0.004417954949294351;
A(16,4)=0.004360942795975791;
A(17,4)=0.004412170726271636;
A(18,4)=0.004365802893577527;
A(19,4)=0.0044080372932877275;
A(20,4)=0.0043693556090216;
A(21,4)=0.004404955203296964;
A(22,4)=0.004372051605123307;
A(23,4)=0.0044025793747161455;
A(24,4)=0.00437415940012351;
A(25,4)=0.004400697870750845;
A(26,4)=0.004375848413010251;
A(27,4)=0.0043991736985627035;
A(28,4)=0.0043772305781934985;
A(29,4)=0.004397914518766884;
A(30,4)=0.004378382748979527;
A(31,4)=0.00439685583359572;
A(32,4)=0.004379359481444476;
A(33,4)=0.0043959511464274695;
A(34,4)=0.0043802006962336245;
A(35,4)=0.0043951659311674395;
A(36,4)=0.004380936475626391;
A(37,4)=0.0043944737759190585;
A(38,4)=0.004381590197801101;
A(39,4)=0.004393853805015385;
A(40,4)=0.004382180686381795;
A(41,4)=0.004393288857033141;
A(42,4)=0.004382723786893594;
A(43,4)=0.00439276408413659;
A(44,4)=0.004383233654787224;
A(45,4)=0.004392265714297176;
A(46,4)=0.004383724011470892;
A(47,4)=0.004391779692781064;
A(48,4)=0.004384209720548202;
A(49,4)=0.004391289715208999;
A(50,4)=0.004384709426691859;
A(51,4)=0.004390773424250774;
A(52,4)=0.004385251455477608;
A(53,4)=0.004390192480677496;
A(54,4)=0.0043858922849350866;
A(55,4)=0.004389453008876085;
A(56,4)=0.004386824304850087;
A(2,5)=-0.00014867245771572071;
A(3,5)=0.000269570359204365;
A(4,5)=-0.0005265233133815362;
A(5,5)=0.002981290179962153;
A(6,5)=0.006492017899800736;
A(7,5)=0.005679583090202888;
A(8,5)=0.0061515632980323675;
A(9,5)=0.005822713453168525;
A(10,5)=0.006072429515147632;
A(11,5)=0.005872893084922429;
A(12,5)=0.00603784374617724;
A(13,5)=0.005898112801982745;
A(14,5)=0.00601868809035996;
A(15,5)=0.005913120404455543;
A(16,5)=0.006006639782008451;
A(17,5)=0.0059229861368109826;
A(18,5)=0.005998427759774998;
A(19,5)=0.005929916888340783;
A(20,5)=0.0059925085364878365;
A(21,5)=0.0059350246427636475;
A(22,5)=0.005988060815858914;
A(23,5)=0.005938929008835639;
A(24,5)=0.005984608492592789;
A(25,5)=0.005942001743707927;
A(26,5)=0.005981857138081722;
A(27,5)=0.005944479007386875;
A(28,5)=0.005979615151518123;
A(29,5)=0.005946517875229172;
A(30,5)=0.0059777525235780535;
A(31,5)=0.005948226915537926;
A(32,5)=0.005976177829518455;
A(33,5)=0.005949683732791617;
A(34,5)=0.0059748246855740005;
A(35,5)=0.005950945546022504;
A(36,5)=0.005973643393508419;
A(37,5)=0.00595205586197859;
A(38,5)=0.005972595550133208;
