tLegendre(2)=0.0012141231045790404;
tLegendre(3)=0.006386091796845257;
tLegendre(4)=0.01564586873332786;
tLegendre(5)=0.028918801297446454;
tLegendre(6)=0.04609516114083777;
tLegendre(7)=0.06703268083271777;
tLegendre(8)=0.09155788604953317;
tLegendre(9)=0.11946756168506349;
tLegendre(10)=0.15053044339186855;
tLegendre(11)=0.18448913645973572;
tLegendre(12)=0.2210622496651267;
tLegendre(13)=0.2599467274048365;
tLegendre(14)=0.300820361120677;
tLegendre(15)=0.34334445933026836;
tLegendre(16)=0.38716665419177526;
tLegendre(17)=0.4319238213704085;
tLegendre(18)=0.47724508902344875;
tLegendre(19)=0.5227549109765512;
tLegendre(20)=0.5680761786295915;
tLegendre(21)=0.6128333458082248;
tLegendre(22)=0.6566555406697316;
tLegendre(23)=0.699179638879323;
tLegendre(24)=0.7400532725951635;
tLegendre(25)=0.7789377503348733;
tLegendre(26)=0.8155108635402643;
tLegendre(27)=0.8494695566081315;
tLegendre(28)=0.8805324383149365;
tLegendre(29)=0.9084421139504668;
tLegendre(30)=0.9329673191672823;
tLegendre(31)=0.9539048388591622;
tLegendre(32)=0.9710811987025535;
tLegendre(33)=0.9843541312666721;
tLegendre(34)=0.9936139082031548;
tLegendre(35)=0.998785876895421;
A(2,2)=0.0015572851389771712;
A(3,2)=0.0033697118395507493;
A(4,2)=0.002989582165539818;
A(5,2)=0.0031922279510344133;
A(6,2)=0.003060348243412497;
A(7,2)=0.003155180631404687;
A(8,2)=0.003082690980610398;
A(9,2)=0.0031404537636410134;
A(10,2)=0.0030930151539613686;
A(11,2)=0.0031328788604232344;
A(12,2)=0.003098771846411759;
A(13,2)=0.0031283792975988537;
A(14,2)=0.003102370852371369;
A(15,2)=0.0031254443086365415;
A(16,2)=0.0031048044100670568;
A(17,2)=0.0031233970231127396;
A(18,2)=0.0031065491296800108;
A(19,2)=0.0031218926228699243;
A(20,2)=0.003107860459147789;
A(21,2)=0.0031207378110771344;
A(22,2)=0.0031088875531744002;
A(23,2)=0.003119815323776956;
A(24,2)=0.003109724343068104;
A(25,2)=0.0031190484192149745;
A(26,2)=0.003110434930642679;
A(27,2)=0.00311838212539465;
A(28,2)=0.00311106803255199;
A(29,2)=0.0031177714031977734;
A(30,2)=0.0031116676510938267;
A(31,2)=0.003117170070163913;
A(32,2)=0.0031122869094572236;
A(33,2)=0.0031165094605569666;
A(34,2)=0.0031130293910759783;
A(35,2)=0.003115590932163119;
A(2,3)=-0.0005918693045867453;
A(3,3)=0.003612540687148759;
A(4,3)=0.007853995675955789;
A(5,3)=0.0068984380121907395;
A(6,3)=0.0074371887829969485;
A(7,3)=0.007071984574423171;
A(8,3)=0.007342712974842759;
A(9,3)=0.007130860688645722;
A(10,3)=0.007302832968186304;
A(11,3)=0.00715946411600003;
A(12,3)=0.00728143646325034;
A(13,3)=0.007175997054827183;
A(14,3)=0.0072683260066595005;
A(15,3)=0.007186617813098292;
A(16,3)=0.007259565780367303;
A(17,3)=0.007193956581393865;
A(18,3)=0.007253333095411186;
A(19,3)=0.007199315434684384;
A(20,3)=0.007248673201804444;
A(21,3)=0.00720341073351809;
A(22,3)=0.007245037253859838;
A(23,3)=0.007206671350499649;
A(24,3)=0.007242083540896442;
A(25,3)=0.007209375135484247;
A(26,3)=0.0072395809882189344;
A(27,3)=0.007211719440225917;
A(28,3)=0.007237355389910986;
A(29,3)=0.007213864701929243;
A(30,3)=0.0072352505860295594;
A(31,3)=0.007215974242108303;
A(32,3)=0.007233079296505731;
A(33,3)=0.007218289516990855;
A(34,3)=0.007230477962094458;
A(35,3)=0.0072215068737753844;
A(2,4)=0.0004527425564892741;
A(3,4)=-0.0009820406664069353;
A(4,4)=0.005640930496373742;
A(5,4)=0.01227809537062682;
A(6,4)=0.010754123975933581;
A(7,4)=0.011630935793891985;
A(8,4)=0.011025841173151543;
A(9,4)=0.011481266695021706;
A(10,4)=0.01112028504829771;
A(11,4)=0.011416515021077728;
A(12,4)=0.011167257157881732;
A(13,4)=0.011381008005963639;
A(14,4)=0.011194958987956579;
A(15,4)=0.011358844454338728;
A(16,4)=0.011213062537630419;
A(17,4)=0.011343796266397402;
A(18,4)=0.011225761783385742;
A(19,4)=0.01133293469484012;
A(20,4)=0.011235165116199623;
A(21,4)=0.01132470159504852;
A(22,4)=0.011242451211284518;
A(23,4)=0.01131818592875189;
A(24,4)=0.01124833907089896;
A(25,4)=0.011312808018962285;
A(26,4)=0.011253307041788264;
A(27,4)=0.011308162311880223;
A(28,4)=0.011257710597160719;
A(29,4)=0.011303923677013612;
A(30,4)=0.011261864084409347;
A(31,4)=0.011299765431156085;
A(32,4)=0.011266139991363189;
A(33,4)=0.01129520956026995;
A(34,4)=0.011271255604925982;
A(35,4)=0.011288885264672642;
A(2,5)=-0.00038013103864454863;
A(3,5)=0.0006892522430578127;
A(4,5)=-0.0013462566876400925;
A(5,5)=0.007622845159611533;
A(6,5)=0.016599392490650004;
A(7,5)=0.014522130502315222;
A(8,5)=0.01572883741277751;
A(9,5)=0.014888164041298396;
A(10,5)=0.015526418803021233;
A(11,5)=0.015016569520940182;
A(12,5)=0.015437863388789655;
A(13,5)=0.01508120120408211;
A(14,5)=0.015388709798593692;
A(15,5)=0.015119778909424505;
A(16,5)=0.015357664810125808;
A(17,5)=0.015145281353687076;
A(18,5)=0.015336347806024029;
A(19,5)=0.015163370859693912;
A(20,5)=0.015320789460464425;
A(21,5)=0.015176917416794193;
A(22,5)=0.015308858148015846;
A(23,5)=0.015187543045419456;
A(24,5)=0.015299291104113943;
A(25,5)=0.015196253494709898;
A(26,5)=0.015291267586389884;
A(27,5)=0.015203737359077327;
A(28,5)=0.015284190093223671;
A(29,5)=0.015210535764522007;
A(30,5)=0.015277540478213938;
A(31,5)=0.015217182255110252;
A(32,5)=0.015270715407665055;
A(33,5)=0.015224445817206321;
A(34,5)=0.015262566785918296;
A(35,5)=0.015234513326609304;
A(2,6)=0.00033222406022116654;
A(3,6)=-0.0005602301821702751;
A(4,6)=0.000892668521842353;
A(5,6)=-0.001694452655679176;
A(6,6)=0.00954164844909688;
A(7,6)=0.02078229814213409;
A(8,6)=0.01817079417920455;
A(9,6)=0.019695948941771808;
A(10,6)=0.018627451907468923;
A(11,6)=0.019443086962294454;
A(12,6)=0.018788235761515653;
A(13,6)=0.01933186297698945;
A(14,6)=0.01886969478766538;
A(15,6)=0.019269679629314525;
A(16,6)=0.01891869003613908;
A(17,6)=0.019230091780195666;
A(18,6)=0.0189513454705135;
A(19,6)=0.01920267843242425;
A(20,6)=0.01897471245963338;
A(21,6)=0.01918248612325083;
A(22,6)=0.018992382709364812;
A(23,6)=0.019166837113199872;
A(24,6)=0.01900640417909674;
A(25,6)=0.0191541258333347;
A(26,6)=0.01901806833882038;
A(27,6)=0.019143283319700184;
A(28,6)=0.019028290719348754;
A(29,6)=0.019133490979072097;
A(30,6)=0.01903784533226453;
A(31,6)=0.01912396139123816;
A(32,6)=0.019047612856338887;
A(33,6)=0.01911358230183119;
A(34,6)=0.01905924262136912;
A(35,6)=0.01909922609618297;
A(2,7)=-0.00029680036249186026;
A(3,7)=0.000482335428175417;
A(4,7)=-0.0007043095017618267;
A(5,7)=0.0010803217974630155;
A(6,7)=-0.0020265908721632518;
A(7,7)=0.011381402880838318;
A(8,7)=0.024792435564442338;
A(9,7)=0.021669597545015632;
A(10,7)=0.023499308320868037;
A(11,7)=0.02221284572015634;
A(12,7)=0.02319840302055538;
A(13,7)=0.022404386458332155;
A(14,7)=0.023065680238433535;
A(15,7)=0.02250179737254621;
A(16,7)=0.022991136190349256;
A(17,7)=0.02256069334370929;
A(18,7)=0.02294340565130026;
A(19,7)=0.022600193880653707;
A(20,7)=0.022910128638019712;
A(21,7)=0.022628668852317575;
A(22,7)=0.022885417023850278;
A(23,7)=0.022650397529495672;
A(24,7)=0.022866069203081308;
A(25,7)=0.022667841568814198;
A(26,7)=0.02285013977985479;
A(27,7)=0.02268258479088393;
A(28,7)=0.022836293694236738;
A(29,7)=0.02269580233249077;
A(30,7)=0.022823436921303442;
A(31,7)=0.022708590540253915;
A(32,7)=0.02281036011752457;
A(33,7)=0.02272245907236468;
A(34,7)=0.02279484412628652;
A(35,7)=0.02274159194226398;
A(2,8)=0.0002687207756672599;
A(3,8)=-0.0004274367925217433;
A(4,8)=0.0005957766548882395;
A(5,8)=-0.0008319992145209893;
A(6,8)=0.001255368996779517;
A(7,8)=-0.0023408936182705456;
A(8,8)=0.013126853643169527;
A(9,8)=0.02859675163749821;
A(10,8)=0.024989363838171835;
A(11,8)=0.02710745354428892;
A(12,8)=0.025614635346503503;
A(13,8)=0.026761129776637135;
A(14,8)=0.025835199570651734;
A(15,8)=0.02660814482624231;
A(16,8)=0.02594763875473899;
A(17,8)=0.026521949220770964;
A(18,8)=0.026015882498457966;
A(19,8)=0.026466509660564543;
A(20,8)=0.026061889294240213;
A(21,8)=0.026427629598291546;
A(22,8)=0.026095278598443628;
A(23,8)=0.02639853271096644;
A(24,8)=0.026120987071786003;
A(25,8)=0.026375510744423326;
A(26,8)=0.026141884344104648;
