tLegendre(2)=0.0005244444480248609;
tLegendre(3)=0.0027612045353919853;
tLegendre(4)=0.006776902174225079;
tLegendre(5)=0.012558057889127748;
tLegendre(6)=0.020084086533456724;
tLegendre(7)=0.02932807317932047;
tLegendre(8)=0.04025693554178773;
tLegendre(9)=0.05283155473275234;
tLegendre(10)=0.06700691857696621;
tLegendre(11)=0.08273228383663274;
tLegendre(12)=0.09995135828476584;
tLegendre(13)=0.11860250240312752;
tLegendre(14)=0.1386189501250084;
tLegendre(15)=0.15992904788641615;
tLegendre(16)=0.18245651115237704;
tLegendre(17)=0.20612069751021048;
tLegendre(18)=0.2308368953570863;
tLegendre(19)=0.25651662715095197;
tLegendre(20)=0.2830679661406192;
tLegendre(21)=0.3103958654419532;
tLegendre(22)=0.3384024982825961;
tLegendre(23)=0.3669876081974991;
tLegendre(24)=0.396048867921817;
tLegendre(25)=0.42548224569652543;
tLegendre(26)=0.4551823776755497;
tLegendre(27)=0.4850429451013306;
tLegendre(28)=0.5149570548986694;
tLegendre(29)=0.5448176223244503;
tLegendre(30)=0.5745177543034746;
tLegendre(31)=0.6039511320781831;
tLegendre(32)=0.6330123918025009;
tLegendre(33)=0.661597501717404;
tLegendre(34)=0.6896041345580468;
tLegendre(35)=0.7169320338593809;
tLegendre(36)=0.7434833728490481;
tLegendre(37)=0.7691631046429137;
tLegendre(38)=0.7938793024897896;
tLegendre(39)=0.817543488847623;
tLegendre(40)=0.8400709521135838;
tLegendre(41)=0.8613810498749916;
tLegendre(42)=0.8813974975968725;
tLegendre(43)=0.9000486417152341;
tLegendre(44)=0.9172677161633672;
tLegendre(45)=0.9329930814230338;
tLegendre(46)=0.9471684452672476;
tLegendre(47)=0.9597430644582122;
tLegendre(48)=0.9706719268206795;
tLegendre(49)=0.9799159134665433;
tLegendre(50)=0.9874419421108722;
tLegendre(51)=0.9932230978257749;
tLegendre(52)=0.997238795464608;
tLegendre(53)=0.9994755555519751;
A(2,2)=-952.8895616398028;
A(3,2)=-127.94347301726854;
A(4,2)=23.386060745413282;
A(5,2)=-7.681264418172574;
A(6,2)=3.341493541939423;
A(7,2)=-1.7202035650974115;
A(8,2)=0.9916968056315921;
A(9,2)=-0.6204486758016737;
A(10,2)=0.41308702375514855;
A(11,2)=-0.28886757228695287;
A(12,2)=0.21022789301498235;
A(13,2)=-0.1581659709078052;
A(14,2)=0.12240206307304899;
A(15,2)=-0.09706059244922367;
A(16,2)=0.07862534142419776;
A(17,2)=-0.06490837778959807;
A(18,2)=0.05450190306758785;
A(19,2)=-0.04647336182090748;
A(20,2)=0.04018909399219242;
A(21,2)=-0.035208790921779594;
A(22,2)=0.031220397040829063;
A(23,2)=-0.027998871989340573;
A(24,2)=0.025379439555920386;
A(25,2)=-0.02323986310805976;
A(26,2)=0.02148847955100373;
A(27,2)=-0.020055988035447423;
A(28,2)=0.01888973804274007;
A(29,2)=-0.017949715517249082;
A(30,2)=0.01720570772890072;
A(31,2)=-0.016635306996225858;
A(32,2)=0.01622253080639303;
A(33,2)=-0.0159569156178747;
A(34,2)=0.015832999043503933;
A(35,2)=-0.01585015055398677;
A(36,2)=0.016012752354535944;
A(37,2)=-0.016330777418249513;
A(38,2)=0.01682087042212784;
A(39,2)=-0.017508124148013615;
A(40,2)=0.018428884055375273;
A(41,2)=-0.019635154434962027;
A(42,2)=0.021201614253740935;
A(43,2)=-0.02323707429814819;
A(44,2)=0.025903848678058936;
A(45,2)=-0.02945197970292601;
A(46,2)=0.03428308559826692;
A(47,2)=-0.04107779360773026;
A(48,2)=0.05107275515485432;
A(49,2)=-0.0667337012610647;
A(50,2)=0.0936586563376183;
A(51,2)=-0.14729581398697225;
A(52,2)=0.28712223676951704;
A(53,2)=-1.0010499902191314;
A(2,3)=1562.223100308813;
A(3,3)=-180.57900769783936;
A(4,3)=-127.23579045615033;
A(5,3)=32.96891269985699;
A(6,3)=-13.18389824951983;
A(7,3)=6.517021282763496;
A(8,3)=-3.6720225883744617;
A(9,3)=2.2648968150656756;
A(10,3)=-1.4937125352976315;
A(11,3)=1.0376276313723263;
A(12,3)=-0.751509522192844;
A(13,3)=0.5633538913933023;
A(14,3)=-0.4347536070420829;
A(15,3)=0.3439874223571532;
A(16,3)=-0.2781618225386634;
A(17,3)=0.22930523002163222;
A(18,3)=-0.1923147279766344;
A(19,3)=0.1638241493403097;
A(20,3)=-0.14155410091975817;
A(21,3)=0.12392525744435245;
A(22,3)=-0.10982102159536672;
A(23,3)=0.09843779928601416;
A(24,3)=-0.08918821455304468;
A(25,3)=0.08163717469540559;
A(26,3)=-0.07545881820649548;
A(27,3)=0.07040703682388891;
A(28,3)=-0.06629500852736663;
A(29,3)=0.06298083730103139;
A(30,3)=-0.060357422225758704;
A(31,3)=0.05834532964738906;
A(32,3)=-0.05688786684214847;
A(33,3)=0.05594784307811953;
A(34,3)=-0.0555057100906523;
A(35,3)=0.05555893630983975;
A(36,3)=-0.05612261658798053;
A(37,3)=0.05723147924385819;
A(38,3)=-0.05894365889776577;
A(39,3)=0.06134690818961166;
A(40,3)=-0.06456841266702548;
A(41,3)=0.06879021636907336;
A(42,3)=-0.074273788202456;
A(43,3)=0.08140014334269767;
A(44,3)=-0.09073768260645428;
A(45,3)=0.10316205108356824;
A(46,3)=-0.12007974081535361;
A(47,3)=0.14387437943097692;
A(48,3)=-0.17887687818983863;
A(49,3)=0.23372257388058676;
A(50,3)=-0.32801657494377134;
A(51,3)=0.515860798654702;
A(52,3)=-1.0055530754248811;
A(53,3)=3.5058372288607114;
A(2,4)=-1093.8087630558427;
A(3,4)=487.3811151240411;
A(4,4)=-73.2766116823795;
A(5,4)=-109.34684760111101;
A(6,4)=33.58980777002651;
A(7,4)=-15.026232765583728;
A(8,4)=8.048797282638041;
A(9,4)=-4.8193142081579134;
A(10,4)=3.1183718908639335;
A(11,4)=-2.138186768765314;
A(12,4)=1.534226900327758;
A(13,4)=-1.1421763879300983;
A(14,4)=0.8768056903606049;
A(15,4)=-0.6908963109803746;
A(16,4)=0.5568556156920709;
A(17,4)=-0.4578312055267133;
A(18,4)=0.38313949990127366;
A(19,4)=-0.3257881823309684;
A(20,4)=0.28107284746572125;
A(21,4)=-0.24575134576219845;
A(22,4)=0.2175417033201523;
A(23,4)=-0.19480782946538186;
A(24,4)=0.176357676329201;
A(25,4)=-0.16131064619737356;
A(26,4)=0.14900873100582143;
A(27,4)=-0.1389559162063126;
A(28,4)=0.13077625292725614;
A(29,4)=-0.12418452429001785;
A(30,4)=0.1189655972026112;
A(31,4)=-0.11495991605395733;
A(32,4)=0.11205347980555964;
A(33,4)=-0.1101712394086326;
A(34,4)=0.10927327628905435;
A(35,4)=-0.10935345337023829;
A(36,4)=0.11044052725840184;
A(37,4)=-0.11260202959862714;
A(38,4)=0.11595163487794521;
A(39,4)=-0.1206613326573599;
A(40,4)=0.1269806888684515;
A(41,4)=-0.13526713880695906;
A(42,4)=0.14603424709641324;
A(43,4)=-0.16003053792080363;
A(44,4)=0.17837279585010327;
A(45,4)=-0.20278159067455434;
A(46,4)=0.23602066932361954;
A(47,4)=-0.2827739454521839;
A(48,4)=0.35155191799370034;
A(49,4)=-0.45932365201689124;
A(50,4)=0.6446147534295628;
A(51,4)=-1.0137400340821405;
A(52,4)=1.9760227086713869;
A(53,4)=-6.889294176317954;
A(2,5)=899.032044521636;
A(3,5)=-316.02552459715673;
A(4,5)=273.6304334781249;
A(5,5)=-39.30871478520297;
A(6,5)=-93.95218632617747;
A(7,5)=31.964271978808135;
A(8,5)=-15.389827968517965;
A(9,5)=8.718032390843321;
A(10,5)=-5.456713565372786;
A(11,5)=3.661049685474423;
A(12,5)=-2.5875418605303664;
A(13,5)=1.905309618534585;
A(14,5)=-1.4506277768016156;
A(15,5)=1.135803033452697;
A(16,5)=-0.9108641312293133;
A(17,5)=0.7458742993955574;
A(18,5)=-0.6221407952668815;
A(19,5)=0.5275771089875716;
A(20,5)=-0.4541314935278768;
A(21,5)=0.39629996787247734;
A(22,5)=-0.3502348180350143;
A(23,5)=0.31319308596441814;
A(24,5)=-0.28318588375084724;
A(25,5)=0.2587499513290889;
A(26,5)=-0.23879565296073985;
A(27,5)=0.2225039539019573;
A(28,5)=-0.20925550446837146;
A(29,5)=0.19858123840731037;
A(30,5)=-0.19012771588336275;
A(31,5)=0.1836328301584381;
A(32,5)=-0.1789090325438167;
A(33,5)=0.1758322539163306;
A(34,5)=-0.1743354221105884;
A(35,5)=0.17440602980699385;
A(36,5)=-0.17608769876981892;
A(37,5)=0.1794862063303658;
A(38,5)=-0.18478109895798364;
A(39,5)=0.19224497870050614;
A(40,5)=-0.2022740898058388;
A(41,5)=0.2154364732957293;
A(42,5)=-0.23254872061591086;
A(43,5)=0.2548013773044458;
A(44,5)=-0.28397102372444016;
A(45,5)=0.322795014463589;
A(46,5)=-0.3756706053312854;
A(47,5)=0.4500503692932689;
A(48,5)=-0.5594755980541873;
A(49,5)=0.7309465069326231;
A(50,5)=-1.0257631869648822;
A(51,5)=1.6130891587361473;
A(52,5)=-3.1442228961835785;
A(53,5)=10.96201467757707;
A(2,6)=-782.23558157131;
A(3,6)=252.76437476465628;
A(4,6)=-168.12029143835713;
A(5,6)=187.9149684023207;
A(6,6)=-24.385084029878644;
A(7,6)=-82.00988610132505;
A(8,6)=29.88518451127289;
A(9,6)=-15.163076683249546;
