tLegendre(2)=0.00240639000148932;
tLegendre(3)=0.012635722014345251;
tLegendre(4)=0.030862723998633622;
tLegendre(5)=0.056792236497799485;
tLegendre(6)=0.08999900701304854;
tLegendre(7)=0.12993790421072282;
tLegendre(8)=0.17595317403151223;
tLegendre(9)=0.22728926430558022;
tLegendre(10)=0.2831032461869774;
tLegendre(11)=0.3424786601519183;
tLegendre(12)=0.40444056626319186;
tLegendre(13)=0.4679715535686972;
tLegendre(14)=0.5320284464313028;
tLegendre(15)=0.5955594337368082;
tLegendre(16)=0.6575213398480817;
tLegendre(17)=0.7168967538130225;
tLegendre(18)=0.7727107356944197;
tLegendre(19)=0.8240468259684878;
tLegendre(20)=0.8700620957892772;
tLegendre(21)=0.9100009929869515;
tLegendre(22)=0.9432077635022005;
tLegendre(23)=0.9691372760013663;
tLegendre(24)=0.9873642779856547;
tLegendre(25)=0.9975936099985107;
A(2,2)=0.0030853074499968;
A(3,2)=0.006676102130388507;
A(4,2)=0.005922992769984485;
A(5,2)=0.006324458594281043;
A(6,2)=0.006063212733860048;
A(7,2)=0.0062510344739329805;
A(8,2)=0.006107513521226844;
A(9,2)=0.006221811157220306;
A(10,2)=0.006128027243631442;
A(11,2)=0.006206728991168986;
A(12,2)=0.006139525198242979;
A(13,2)=0.00619770030449501;
A(14,2)=0.006146795175354231;
A(15,2)=0.006191715245825595;
A(16,2)=0.006151823988715389;
A(17,2)=0.006187406047784398;
A(18,2)=0.00615559058333782;
A(19,2)=0.006184043648366175;
A(20,2)=0.006158663395918938;
A(21,2)=0.0061811575697431195;
A(22,2)=0.0061614664300568825;
A(23,2)=0.006178314247149602;
A(24,2)=0.00616453474862836;
A(25,2)=0.006174628537305497;
A(2,3)=-0.0011686236178322664;
A(3,3)=0.007132847157233416;
A(4,3)=0.01550745344518523;
A(5,3)=0.013620782596441589;
A(6,3)=0.014684422428956834;
A(7,3)=0.013963532101769092;
A(8,3)=0.014497762320935692;
A(9,3)=0.014079940719751131;
A(10,3)=0.014418815320893676;
A(11,3)=0.014136675928467431;
A(12,3)=0.014376247008317142;
A(13,3)=0.014169715826351428;
A(14,3)=0.014349875789987622;
A(15,3)=0.014191278130029716;
A(16,3)=0.014331857215105204;
A(17,3)=0.014206649550563338;
A(18,3)=0.014318471170334785;
A(19,3)=0.014218561579947319;
A(20,3)=0.014307614370101265;
A(21,3)=0.014228735013936993;
A(22,3)=0.01429775318380722;
A(23,3)=0.014238721484208846;
A(24,3)=0.014286990491957186;
A(25,3)=0.014251637760595305;
A(2,4)=0.0008884101413725486;
A(3,4)=-0.0019270675763954621;
A(4,4)=0.011069359704354952;
A(5,4)=0.024093617987456416;
A(6,4)=0.021103233043701385;
A(7,4)=0.02282351524906731;
A(8,4)=0.02163665974199725;
A(9,4)=0.022529510806891667;
A(10,4)=0.02182238318247188;
A(11,4)=0.02240194890470295;
A(12,4)=0.021915178537603396;
A(13,4)=0.022331506395543807;
A(14,4)=0.021970478208291302;
A(15,4)=0.02228686591219532;
A(16,4)=0.022007405237520317;
A(17,4)=0.0222556228307535;
A(18,4)=0.022034427232292198;
A(19,4)=0.022231715069246802;
A(20,4)=0.022056109659502793;
A(21,4)=0.0222114834784818;
A(22,4)=0.02207564942732693;
A(23,4)=0.022191755021151532;
A(24,4)=0.022096860673510823;
A(25,4)=0.022166342861004287;
A(2,5)=-0.0007392061826300242;
A(3,5)=0.0013403607083988373;
A(4,5)=-0.0026180990244462836;
A(5,5)=0.014824646228859196;
A(6,5)=0.032281829893798214;
A(7,5)=0.028242377894441142;
A(8,5)=0.030588461222865418;
A(9,5)=0.028954690914478644;
A(10,5)=0.030194200497455793;
A(11,5)=0.02920517775670315;
A(12,5)=0.030021019349132313;
A(13,5)=0.02933206185107516;
A(14,5)=0.029923963237757124;
A(15,5)=0.029408879314575573;
A(16,5)=0.029861395165488035;
A(17,5)=0.029461160425445082;
A(18,5)=0.029816640217322977;
A(19,5)=0.02950041662984271;
A(20,5)=0.029781299204088545;
A(21,5)=0.02953318542332493;
A(22,5)=0.029749820666448556;
A(23,5)=0.029564825949570186;
A(24,5)=0.029715922428330686;
A(25,5)=0.029605334818959463;
A(2,6)=0.0006383132888289972;
A(3,6)=-0.0010764367015278185;
A(4,6)=0.0017153043051045718;
A(5,6)=-0.0032561882951297333;
A(6,6)=0.018336620352770075;
A(7,6)=0.03993810197322411;
A(8,6)=0.03492009498629402;
A(9,6)=0.03784979295793276;
A(10,6)=0.03579849480572963;
A(11,6)=0.037362805760185525;
A(12,6)=0.036108802921234015;
A(13,6)=0.037147417327181284;
A(14,6)=0.0362673748704558;
A(15,6)=0.03702542548066735;
A(16,6)=0.03636458585396853;
A(17,6)=0.03694559944070301;
A(18,6)=0.03643195571754005;
A(19,6)=0.036887203720851906;
A(20,6)=0.03648400142482279;
A(21,6)=0.03683935878709389;
A(22,6)=0.03652962779383274;
A(23,6)=0.0367937758727373;
A(24,6)=0.03657822834268133;
A(25,6)=0.036735897972549884;
A(2,7)=-0.000561643870222176;
A(3,7)=0.0009127985412830557;
A(4,7)=-0.0013330189295771477;
A(5,7)=0.0020449424491908296;
A(6,7)=-0.003836570134345773;
A(7,7)=0.02154754038298832;
A(8,7)=0.046937300495618076;
A(9,7)=0.04102615951016426;
A(10,7)=0.04448809620638256;
A(11,7)=0.04205597726143032;
A(12,7)=0.04391673245183366;
A(13,7)=0.042420710316201836;
A(14,7)=0.04366285210813212;
A(15,7)=0.042608343768597616;
A(16,7)=0.04351777183939714;
A(17,7)=0.04272470997493838;
A(18,7)=0.04342140464685219;
A(19,7)=0.042806945506306204;
A(20,7)=0.04334906864957978;
A(21,7)=0.042872703852191156;
A(22,7)=0.04328695183354387;
A(23,7)=0.04293427318951235;
A(24,7)=0.043221716606017604;
A(25,7)=0.04301161241772937;
A(2,8)=0.0004991294742059041;
A(3,8)=-0.0007940085315372754;
A(4,8)=0.0011068930193190792;
A(5,8)=-0.0015460805528948018;
A(6,8)=0.002333305139693466;
A(7,8)=-0.004351683584632563;
A(8,8)=0.02440466302602847;
A(9,8)=0.05316485859462715;
A(10,8)=0.04645993893458719;
A(11,8)=0.050394463575603156;
A(12,8)=0.047624429094403106;
A(13,8)=0.049748052891729046;
A(14,8)=0.04803766110317562;
A(15,8)=0.049459704458146264;
A(16,8)=0.04825155165676134;
A(17,8)=0.04929346484614398;
A(18,8)=0.048385844234131205;
A(19,8)=0.049181156838718154;
A(20,8)=0.04848298514292349;
A(21,8)=0.04909409473833928;
A(22,8)=0.04856424334614022;
A(23,8)=0.04901435396865749;
A(24,8)=0.04864806386907613;
A(25,8)=0.04891554693415878;
A(2,9)=-0.00044572093539643976;
A(3,9)=0.0006995158793429948;
A(4,9)=-0.0009483000296918323;
A(5,9)=0.0012585621721200582;
A(6,9)=-0.0017235155058511352;
A(7,9)=0.002579107989903899;
A(8,9)=-0.004793930308561084;
A(9,9)=0.02686106752899141;
A(10,9)=0.058518735962804005;
A(11,9)=0.05113197501658345;
A(12,9)=0.05547202391357317;
A(13,9)=0.05241240444891851;
A(14,9)=0.05476086667025001;
A(15,9)=0.052867685834020094;
A(16,9)=0.0544423575030715;
A(17,9)=0.053104902233442164;
A(18,9)=0.054256885866177856;
A(19,9)=0.05325602849070626;
A(20,9)=0.054128928949291215;
A(21,9)=0.05336867993748001;
A(22,9)=0.05402535574886268;
A(23,9)=0.05346905816208979;
A(24,9)=0.05392088356025506;
A(25,9)=0.05359133150248358;
A(2,10)=0.00039859201867861754;
A(3,10)=-0.000619890758575131;
A(4,10)=0.0008252199792288424;
A(5,10)=-0.001061407574016663;
A(6,10)=0.0013775454199171457;
A(7,10)=-0.0018668160749831062;
A(8,10)=0.0027798737502617503;
A(9,10)=-0.005156483368545399;
A(10,10)=0.0288764170134314;
A(11,10)=0.06291115385968367;
A(12,10)=0.05496540617521786;
A(13,10)=0.05963748082785123;
A(14,10)=0.05634128699509855;
A(15,10)=0.05887274019460271;
A(16,10)=0.056831716750530496;
A(17,10)=0.058528589987865684;
A(18,10)=0.05708929106020382;
A(19,10)=0.058325683309621866;
A(20,10)=0.057256490536073526;
A(21,10)=0.058181743185830324;
A(22,10)=0.057386378130806895;
A(23,10)=0.05805779764313231;
A(24,10)=0.057513798871986696;
A(25,10)=0.05790998795515016;
A(2,11)=-0.00035604381604429665;
A(3,11)=0.0005501915187194915;
A(4,11)=-0.0007233312974150883;
A(5,11)=0.0009112467992916208;
A(6,11)=-0.0011438818154474466;
A(7,11)=0.0014668520463581784;
A(8,11)=-0.0019756924316039243;
A(9,11)=0.002933111247864772;
A(10,11)=-0.0054336313026669665;
A(11,11)=0.030417618231950848;
A(12,11)=0.06627006917767381;
A(13,11)=0.057897202241867604;
A(14,11)=0.0628224703107843;
A(15,11)=0.05934660670514169;
A(16,11)=0.06201600096474845;
A(17,11)=0.05986495702634896;
A(18,11)=0.06165082025829649;
A(19,11)=0.060140034542958805;
A(20,11)=0.06143192896210947;
A(21,11)=0.06032322578472947;
A(22,11)=0.061270434652870326;
A(23,11)=0.06047439677358804;
A(24,11)=0.061117384364785234;
A(25,11)=0.06064997947582044;
A(2,12)=0.0003170064126740205;
