tLegendre(2)=0.010885670926971503;
tLegendre(3)=0.05646870011595235;
tLegendre(4)=0.13492399721297535;
tLegendre(5)=0.2404519353965941;
tLegendre(6)=0.3652284220238275;
tLegendre(7)=0.5;
tLegendre(8)=0.6347715779761725;
tLegendre(9)=0.759548064603406;
tLegendre(10)=0.8650760027870247;
tLegendre(11)=0.9435312998840476;
tLegendre(12)=0.9891143290730285;
A(2,2)=0.013917141779043416;
A(3,2)=0.030114239194824456;
A(4,2)=0.02671798385026618;
A(5,2)=0.028526668906240404;
A(6,2)=0.027352859999379614;
A(7,2)=0.028191721061867195;
A(8,2)=0.027558383828191986;
A(9,2)=0.02805134894892718;
A(10,2)=0.027663911440891212;
A(11,2)=0.027962782495083487;
A(12,2)=0.02775153466500225;
A(2,3)=-0.005143255629834906;
A(3,3)=0.03139509236622615;
A(4,3)=0.06825428091715421;
A(5,3)=0.05995603073560489;
A(6,3)=0.06462389243025174;
A(7,3)=0.0614771890632045;
A(8,3)=0.06378307100809814;
A(9,3)=0.062018653772437135;
A(10,3)=0.06339113267544735;
A(11,3)=0.062338999801536246;
A(12,3)=0.06308006005743079;
A(2,4)=0.00373560374914085;
A(3,4)=-0.008105626979079844;
A(4,4)=0.046572552731933566;
A(5,4)=0.10136504115357059;
A(6,4)=0.08880218493438913;
A(7,4)=0.09599861090289576;
A(8,4)=0.09108186508832028;
A(9,4)=0.09470747654393413;
A(10,4)=0.0919468888987936;
A(11,4)=0.09403657217585527;
A(12,4)=0.09257496940158368;
A(2,5)=-0.00290037905138315;
A(3,5)=0.005262821273535015;
A(4,5)=-0.010289524815287214;
A(5,5)=0.05829844114799762;
A(6,5)=0.12693752709248474;
A(7,5)=0.11109577431637017;
A(8,5)=0.12022751567985848;
A(9,5)=0.11397626339027438;
A(10,5)=0.11855262217108622;
A(11,5)=0.11516420448311866;
A(12,5)=0.11750616195370688;
A(2,6)=0.0022727421526499854;
A(3,6)=-0.0038374366816924274;
A(4,6)=0.006126673247669538;
A(5,6)=-0.011653692586671389;
A(6,6)=0.06570113612756166;
A(7,6)=0.14307675230704278;
A(8,6)=0.12518300968087331;
A(9,6)=0.13549392090790488;
A(10,6)=0.12849160430101875;
A(11,6)=0.1334801051722697;
A(12,6)=0.1300997831378051;
A(2,7)=-0.0017524011626408275;
A(3,7)=0.0028535467644774984;
A(4,7)=-0.004180537537048641;
A(5,7)=0.006438381297804834;
A(6,7)=-0.012124061580422;
A(7,7)=0.06823127169447515;
A(8,7)=0.14858660496937232;
A(9,7)=0.13002416209114548;
A(10,7)=0.14064308092599895;
A(11,7)=0.13360899662447281;
A(12,7)=0.13821494455159114;
A(2,8)=0.0013024891173182293;
A(3,8)=-0.0020778329171463467;
A(4,8)=0.002910667954104578;
A(5,8)=-0.004091648652781545;
A(6,8)=0.006219262574250019;
A(7,8)=-0.011674480051919449;
A(8,8)=0.06570113612756166;
A(9,8)=0.14305596484179472;
A(10,8)=0.1252755990074538;
A(11,8)=0.13523970893681575;
A(12,8)=0.12912953010247336;
A(2,9)=-0.0009092796577116406;
A(3,9)=0.0014326778128765732;
A(4,9)=-0.0019557398750909795;
A(5,9)=0.0026206189057208632;
A(6,9)=-0.003630633383863241;
A(7,9)=0.005501107979625072;
A(8,9)=-0.01034064479648949;
A(9,9)=0.05829844114799762;
A(10,9)=0.12688640711128246;
A(11,9)=0.11133406102246023;
A(12,9)=0.11949726134737838;
A(2,10)=0.0005701360622834443;
A(3,10)=-0.0008914667119881454;
A(4,10)=0.0011982165650735223;
A(5,10)=-0.0015623710800670054;
A(6,10)=0.0020632403755468437;
A(7,10)=-0.002853505439028636;
A(8,10)=0.004342920529477999;
A(9,10)=-0.008219935689703466;
A(10,10)=0.046572552731933566;
A(11,10)=0.10125073244294697;
A(12,10)=0.08940950171472628;
A(2,11)=-0.00028987532497848204;
A(3,11)=0.00045118493091606915;
A(4,11)=-0.0006009479429950453;
A(5,11)=0.0007715309600151767;
A(6,11)=-0.0009928862756458346;
A(7,11)=0.0013129956692478145;
A(8,11)=-0.0018337076977994317;
A(9,11)=0.002834153996847424;
A(10,11)=-0.005464096184701904;
A(11,11)=0.03139509236622615;
A(12,11)=0.06793344036228721;
A(2,12)=0.00008274889308458351;
A(3,12)=-0.00012849893699665374;
A(4,12)=0.00017037211719562098;
A(5,12)=-0.00021706539084034529;
A(6,12)=0.0002758997298948481;
A(7,12)=-0.0003574375037803627;
A(8,12)=0.0004814235587072192;
A(9,12)=-0.0006923853481535701;
A(10,12)=0.0011162997078206522;
A(11,12)=-0.0022799556367376224;
A(12,12)=0.013917141779043416;
