tLegendre(2)=0.005299532504175033;
tLegendre(3)=0.02771248846338371;
tLegendre(4)=0.06718439880608412;
tLegendre(5)=0.12229779582249849;
tLegendre(6)=0.19106187779867811;
tLegendre(7)=0.2709916111713863;
tLegendre(8)=0.35919822461037054;
tLegendre(9)=0.4524937450811813;
tLegendre(10)=0.5475062549188188;
tLegendre(11)=0.6408017753896295;
tLegendre(12)=0.7290083888286137;
tLegendre(13)=0.8089381222013219;
tLegendre(14)=0.8777022041775016;
tLegendre(15)=0.9328156011939158;
tLegendre(16)=0.9722875115366163;
tLegendre(17)=0.994700467495825;
A(2,2)=-93.84528088438631;
A(3,2)=-13.033267332707231;
A(4,2)=2.50339356843849;
A(5,2)=-0.884092482906951;
A(6,2)=0.42355244751169446;
A(7,2)=-0.24632152490417772;
A(8,2)=0.16489488285186918;
A(9,2)=-0.12348793153638551;
A(10,2)=0.10184877100056725;
A(11,2)=-0.09182671505818615;
A(12,2)=0.09043094802605114;
A(13,2)=-0.0979048256438881;
A(14,2)=0.11856598847238536;
A(15,2)=-0.16702910225881745;
A(16,2)=0.30208653371766503;
A(17,2)=-1.0107126086437745;
A(2,3)=152.73846478641394;
A(3,3)=-17.52815597025267;
A(4,3)=-13.436093033673405;
A(5,3)=3.7436995964632938;
A(6,3)=-1.6489023036763852;
A(7,3)=0.9209237830722404;
A(8,3)=-0.602655118561948;
A(9,3)=0.4450439525582003;
A(10,3)=-0.3636948759639115;
A(11,3)=0.3258441794356282;
A(12,3)=-0.31946790207966463;
A(13,3)=0.3447751491337394;
A(14,3)=-0.4165920721689894;
A(15,3)=0.5859534147235155;
A(16,3)=-1.0586771569995985;
A(17,3)=3.540189287523907;
A(2,4)=-104.30423780098106;
A(3,4)=47.76950118294906;
A(4,4)=-6.906192358862977;
A(5,4)=-12.114523694037207;
A(6,4)=4.099764716562646;
A(7,4)=-2.07275433961564;
A(8,4)=1.2899388792330462;
A(9,4)=-0.9251189088878765;
A(10,4)=0.742121053776608;
A(11,4)=-0.6566746450779339;
A(12,4)=0.6383000469063773;
A(13,4)=-0.6846861721514453;
A(14,4)=0.8237605017304613;
A(15,4)=-1.1552263795961997;
A(16,4)=2.0832471364732283;
A(17,4)=-6.959290549170452;
A(2,5)=82.63108806957472;
A(3,5)=-29.857376768235685;
A(4,5)=27.175609638683802;
A(5,5)=-3.5187118247280043;
A(6,5)=-11.061808061563378;
A(7,5)=4.255111577443118;
A(8,5)=-2.3814593681826866;
A(9,5)=1.6168578374342348;
A(10,5)=-1.2555721717826906;
A(11,5)=1.088070232236916;
A(12,5)=-1.0428510437741187;
A(13,5)=1.1077926057177878;
A(14,5)=-1.3237942338430848;
A(15,5)=1.8478806427867949;
A(16,5)=-3.3224745033389342;
A(17,5)=11.081687521314437;
A(2,6)=-68.41911201186808;
A(3,6)=22.72846179386727;
A(4,6)=-15.894846911921713;
A(5,6)=19.118357690018474;
A(6,6)=-1.998858991633508;
A(7,6)=-10.40657277382612;
A(8,6)=4.411229447202982;
A(9,6)=-2.6847094068014474;
A(10,6)=1.9690830838788542;
A(11,6)=-1.649148781715277;
A(12,6)=1.5462403233047801;
A(13,6)=-1.6184470742467036;
A(14,6)=1.9146214763987681;
A(15,6)=-2.6545381604682636;
A(16,6)=4.752379074909114;
A(17,6)=-15.815187166511754;
A(2,7)=57.509609990193674;
A(3,7)=-18.347066246177004;
A(4,7)=11.614835659354512;
A(5,7)=-10.629265056517298;
A(6,7)=15.040959638163013;
A(7,7)=-1.15921240085764;
A(8,7)=-10.108902707992842;
A(9,7)=4.648983278502224;
A(10,7)=-3.0515576828901434;
A(11,7)=2.4111616167748324;
A(12,7)=-2.1833261329749463;
A(13,7)=2.2348316587206827;
A(14,7)=-2.6050410093832634;
A(15,7)=3.5767625735863193;
A(16,7)=-6.364586158725597;
A(17,7)=21.113252502170877;
A(2,8)=-48.421128431946634;
A(3,8)=15.100852294195981;
A(4,8)=-9.091259173818584;
A(5,8)=7.482127943649682;
A(6,8)=-8.01894321368023;
A(7,8)=12.714336068697198;
A(8,8)=-0.6117165678336908;
A(9,8)=-10.14317136012486;
A(10,8)=5.0253430494568505;
A(11,8)=-3.551091586852439;
A(12,8)=3.0326060104801846;
A(13,8)=-2.997901285744708;
A(14,8)=3.4185259669098453;
A(15,8)=-4.628125787501178;
A(16,8)=8.16474410160531;
A(17,8)=-26.964773475175175;
A(2,9)=40.493296642828724;
A(3,9)=-12.45278257121321;
A(4,9)=7.280871310796879;
A(5,9)=-5.6726329269452265;
A(6,9)=5.44986401318923;
A(7,9)=-6.529479235892609;
A(8,9)=11.326732752515833;
A(9,9)=-0.1917560740527066;
A(10,9)=-10.52492984038475;
A(11,9)=5.611727899489024;
A(12,9)=-4.285901095772293;
A(13,9)=3.9971681890876196;
A(14,9)=-4.4050873731193585;
A(15,9)=5.840641497724835;
A(16,9)=-10.176552645214674;
A(17,9)=33.3975348483209;
A(2,10)=-33.3975348483209;
A(3,10)=10.176552645214674;
A(4,10)=-5.840641497724835;
A(5,10)=4.4050873731193585;
A(6,10)=-3.9971681890876196;
A(7,10)=4.285901095772293;
A(8,10)=-5.611727899489024;
A(9,10)=10.52492984038475;
A(10,10)=0.1917560740527066;
A(11,10)=-11.326732752515833;
A(12,10)=6.529479235892609;
A(13,10)=-5.44986401318923;
A(14,10)=5.6726329269452265;
A(15,10)=-7.280871310796879;
A(16,10)=12.45278257121321;
A(17,10)=-40.493296642828724;
A(2,11)=26.964773475175175;
A(3,11)=-8.16474410160531;
A(4,11)=4.628125787501178;
A(5,11)=-3.4185259669098453;
A(6,11)=2.997901285744708;
A(7,11)=-3.0326060104801846;
A(8,11)=3.551091586852439;
A(9,11)=-5.0253430494568505;
A(10,11)=10.14317136012486;
A(11,11)=0.6117165678336908;
A(12,11)=-12.714336068697198;
A(13,11)=8.01894321368023;
A(14,11)=-7.482127943649682;
A(15,11)=9.091259173818584;
A(16,11)=-15.100852294195981;
A(17,11)=48.421128431946634;
A(2,12)=-21.113252502170877;
A(3,12)=6.364586158725597;
A(4,12)=-3.5767625735863193;
A(5,12)=2.6050410093832634;
A(6,12)=-2.2348316587206827;
A(7,12)=2.1833261329749463;
A(8,12)=-2.4111616167748324;
A(9,12)=3.0515576828901434;
A(10,12)=-4.648983278502224;
A(11,12)=10.108902707992842;
A(12,12)=1.15921240085764;
A(13,12)=-15.040959638163013;
A(14,12)=10.629265056517298;
A(15,12)=-11.614835659354512;
A(16,12)=18.347066246177004;
A(17,12)=-57.509609990193674;
A(2,13)=15.815187166511754;
A(3,13)=-4.752379074909114;
A(4,13)=2.6545381604682636;
A(5,13)=-1.9146214763987681;
A(6,13)=1.6184470742467036;
A(7,13)=-1.5462403233047801;
A(8,13)=1.649148781715277;
A(9,13)=-1.9690830838788542;
A(10,13)=2.6847094068014474;
A(11,13)=-4.411229447202982;
A(12,13)=10.40657277382612;
A(13,13)=1.998858991633508;
A(14,13)=-19.118357690018474;
A(15,13)=15.894846911921713;
A(16,13)=-22.72846179386727;
A(17,13)=68.41911201186808;
A(2,14)=-11.081687521314437;
A(3,14)=3.3224745033389342;
A(4,14)=-1.8478806427867949;
A(5,14)=1.3237942338430848;
A(6,14)=-1.1077926057177878;
A(7,14)=1.0428510437741187;
A(8,14)=-1.088070232236916;
A(9,14)=1.2555721717826906;
A(10,14)=-1.6168578374342348;
A(11,14)=2.3814593681826866;
A(12,14)=-4.255111577443118;
A(13,14)=11.061808061563378;
A(14,14)=3.5187118247280043;
A(15,14)=-27.175609638683802;
A(16,14)=29.857376768235685;
A(17,14)=-82.63108806957472;
A(2,15)=6.959290549170452;
A(3,15)=-2.0832471364732283;
A(4,15)=1.1552263795961997;
A(5,15)=-0.8237605017304613;
A(6,15)=0.6846861721514453;
A(7,15)=-0.6383000469063773;
A(8,15)=0.6566746450779339;
A(9,15)=-0.742121053776608;
A(10,15)=0.9251189088878765;
A(11,15)=-1.2899388792330462;
A(12,15)=2.07275433961564;
A(13,15)=-4.099764716562646;
A(14,15)=12.114523694037207;
A(15,15)=6.906192358862977;
A(16,15)=-47.76950118294906;
A(17,15)=104.30423780098106;
A(2,16)=-3.540189287523907;
A(3,16)=1.0586771569995985;
A(4,16)=-0.5859534147235155;
A(5,16)=0.4165920721689894;
A(6,16)=-0.3447751491337394;
A(7,16)=0.31946790207966463;
A(8,16)=-0.3258441794356282;
A(9,16)=0.3636948759639115;
A(10,16)=-0.4450439525582003;
A(11,16)=0.602655118561948;
A(12,16)=-0.9209237830722404;
A(13,16)=1.6489023036763852;
A(14,16)=-3.7436995964632938;
A(15,16)=13.436093033673405;
A(16,16)=17.52815597025267;
A(17,16)=-152.73846478641394;
A(2,17)=1.0107126086437745;
A(3,17)=-0.30208653371766503;
A(4,17)=0.16702910225881745;
A(5,17)=-0.11856598847238536;
A(6,17)=0.0979048256438881;
A(7,17)=-0.09043094802605114;
A(8,17)=0.09182671505818615;
A(9,17)=-0.10184877100056725;
A(10,17)=0.12348793153638551;
A(11,17)=-0.16489488285186918;
A(12,17)=0.24632152490417772;
A(13,17)=-0.42355244751169446;
A(14,17)=0.884092482906951;
A(15,17)=-2.50339356843849;
A(16,17)=13.033267332707231;
A(17,17)=93.84528088438631;
