tLegendre(2)=0.00240639000148932;
tLegendre(3)=0.012635722014345251;
tLegendre(4)=0.030862723998633622;
tLegendre(5)=0.056792236497799485;
tLegendre(6)=0.08999900701304854;
tLegendre(7)=0.12993790421072282;
tLegendre(8)=0.17595317403151223;
tLegendre(9)=0.22728926430558022;
tLegendre(10)=0.2831032461869774;
tLegendre(11)=0.3424786601519183;
tLegendre(12)=0.40444056626319186;
tLegendre(13)=0.4679715535686972;
tLegendre(14)=0.5320284464313028;
tLegendre(15)=0.5955594337368082;
tLegendre(16)=0.6575213398480817;
tLegendre(17)=0.7168967538130225;
tLegendre(18)=0.7727107356944197;
tLegendre(19)=0.8240468259684878;
tLegendre(20)=0.8700620957892772;
tLegendre(21)=0.9100009929869515;
tLegendre(22)=0.9432077635022005;
tLegendre(23)=0.9691372760013663;
tLegendre(24)=0.9873642779856547;
tLegendre(25)=0.9975936099985107;
A(2,2)=-207.278912541179;
A(3,2)=-28.202758587916804;
A(4,2)=5.2560451125068814;
A(5,2)=-1.77575411413357;
A(6,2)=0.8017558174933934;
A(7,2)=-0.4323641126960388;
A(8,2)=0.26362195980056147;
A(9,2)=-0.17619480854205455;
A(10,2)=0.12664823096284222;
A(11,2)=-0.09669489661761241;
A(12,2)=0.07776446854115457;
A(13,2)=-0.0655060353879686;
A(14,2)=0.05758319108841812;
A(15,2)=-0.05270810692547504;
A(16,2)=0.05019463074749359;
A(17,2)=-0.0497554089926126;
A(18,2)=0.05143836355583974;
A(19,2)=-0.05568219542315347;
A(20,2)=0.06355061070196398;
A(21,2)=-0.0773780386391448;
A(22,2)=0.10265279514537887;
A(23,2)=-0.1547150064113838;
A(24,2)=0.29290123445243466;
A(25,2)=-1.004836054871156;
A(2,3)=338.8549706490214;
A(3,3)=-39.063955828487295;
A(4,3)=-28.44355845503139;
A(5,3)=7.581149703471402;
A(6,3)=-3.1465588207573143;
A(7,3)=1.6293793177150182;
A(8,3)=-0.9710166889421669;
A(9,3)=0.6398417390789579;
A(10,3)=-0.45559892036374255;
A(11,3)=0.34556418024290675;
A(12,3)=-0.2765893894816519;
A(13,3)=0.232161980397208;
A(14,3)=-0.2035293592495623;
A(15,3)=0.18590608082578397;
A(16,3)=-0.17674747486120695;
A(17,3)=0.17497022615576313;
A(18,3)=-0.1806983433570577;
A(19,3)=0.19544220029942203;
A(20,3)=-0.22291097572861293;
A(21,3)=0.27126983257508186;
A(22,3)=-0.3597326501958296;
A(23,3)=0.5420177251558487;
A(24,3)=-1.0259266478589084;
A(25,3)=3.5191961415421615;
A(2,4)=-234.9540939051519;
A(3,4)=105.82434523609501;
A(4,4)=-15.68485068208525;
A(5,4)=-24.9021208667014;
A(6,4)=7.93994628656892;
A(7,4)=-3.7210392476583625;
A(8,4)=2.1082460390967;
A(9,4)=-1.3486873698605388;
A(10,4)=0.942288272268376;
A(11,4)=-0.7055325919391255;
A(12,4)=0.5595321409234376;
A(13,4)=-0.4664812356109491;
A(14,4)=0.40685756784113075;
A(15,4)=-0.37016119676129183;
A(16,4)=0.3508372717827329;
A(17,4)=-0.346459906534424;
A(18,4)=0.35710548500602757;
A(19,4)=-0.385643592493738;
A(20,4)=0.43930280030045105;
A(21,4)=-0.5340899461265879;
A(22,4)=0.7077364662608532;
A(23,4)=-1.0657861261029784;
A(24,4)=2.0165785853291927;
A(25,4)=-6.916022097759126;
A(2,5)=190.3905486358482;
A(3,5)=-67.65117712746635;
A(4,5)=59.72758567605484;
A(5,5)=-8.273914347396817;
A(6,5)=-21.89849451565184;
A(7,5)=7.805663492293644;
A(8,5)=-3.975534447836598;
A(9,5)=2.406378601107181;
A(10,5)=-1.6265307273697298;
A(11,5)=1.1918358630465804;
A(12,5)=-0.9311835865078217;
A(13,5)=0.7680010411700556;
A(14,5)=-0.6644824973716286;
A(15,5)=0.6008614114099098;
A(16,5)=-0.5667967864342989;
A(17,5)=0.5576417090715575;
A(18,5)=-0.5730825502196444;
A(19,5)=0.6174331421446362;
A(20,5)=-0.7020430691770881;
A(21,5)=0.8522864732459369;
A(22,5)=-1.1281390832349838;
A(23,5)=1.6975016164662438;
A(24,5)=-3.2101116834280923;
A(25,5)=11.006096976589594;
A(2,6)=-162.56343828016753;
A(3,6)=53.09997790054017;
A(4,6)=-36.014251098964344;
A(5,6)=41.41259635992972;
A(6,6)=-5.006166901828866;
A(7,6)=-19.659001905249806;
A(8,6)=7.579169100269774;
A(9,6)=-4.109605659861553;
A(10,6)=2.621411780367127;
A(11,6)=-1.854550941766008;
A(12,6)=1.4157762367651063;
A(13,6)=-1.1489256183035457;
A(14,6)=0.9824285511950018;
A(15,6)=-0.880565139013477;
A(16,6)=0.8250536611773347;
A(17,6)=-0.8074773437826455;
A(18,6)=0.8264232101343602;
A(19,6)=-0.8874914547567295;
A(20,6)=1.0065325066648396;
A(21,6)=-1.2195092415688682;
A(22,6)=1.611772703111386;
A(23,6)=-2.4225415053213424;
A(24,6)=4.577833415919814;
A(25,6)=-15.689115980326125;
A(2,7)=142.20515117748798;
A(3,7)=-44.60315891770252;
A(4,7)=27.37827032704411;
A(5,7)=-23.944896154982537;
A(6,7)=31.889403631953506;
A(7,7)=-3.273320250841598;
A(8,7)=-18.0313824992055;
A(9,7)=7.3814267220043845;
A(10,7)=-4.209291633124956;
A(11,7)=2.80585612203876;
A(12,7)=-2.0655250469429207;
A(13,7)=1.6361936480174644;
A(14,7)=-1.3755322541067518;
A(15,7)=1.2177102817796537;
A(16,7)=-1.130359182941187;
A(17,7)=1.098403393870297;
A(18,7)=-1.117956291290258;
A(19,7)=1.1953728081201096;
A(20,7)=-1.351124596896605;
A(21,7)=1.6327238548741134;
A(22,7)=-2.1536091588328237;
A(23,7)=3.2322558354153332;
A(24,7)=-6.102037485578555;
A(25,7)=20.901883243598053;
A(2,8)=-125.94625990111248;
A(3,8)=38.61073903444734;
A(4,8)=-22.532067904325682;
A(5,8)=17.7148164195627;
A(6,8)=-17.8584816280815;
A(7,8)=26.191901447098957;
A(8,8)=-2.2349034991062826;
A(9,8)=-16.870523029726925;
A(10,8)=7.251803941340031;
A(11,8)=-4.3161438372382435;
A(12,8)=2.9907753052897705;
A(13,8)=-2.2827242400286885;
A(14,8)=1.8720688718732317;
A(15,8)=-1.628561143812556;
A(16,8)=1.492515497661584;
A(17,8)=-1.4364368940023613;
A(18,8)=1.4512873382139444;
A(19,8)=-1.5429868769911141;
A(20,8)=1.736366403641173;
A(21,8)=-2.0911592854272425;
A(22,8)=2.7512564431174944;
A(23,8)=-4.121600350147011;
A(24,8)=7.771408955184924;
A(25,8)=-26.602352330339084;
A(2,9)=112.22616564368283;
A(3,9)=-33.91964616851424;
A(4,9)=19.217123214440328;
A(5,9)=-14.295600992012908;
A(6,9)=12.909826668013267;
A(7,9)=-14.294719587542517;
A(8,9)=22.491885966625112;
A(9,9)=-1.5527672617239425;
A(10,9)=-16.07474816597161;
A(11,9)=7.204648244247766;
A(12,9)=-4.4540013212379455;
A(13,9)=3.197924207640659;
A(14,9)=-2.525713017328221;
A(15,9)=2.1425361011369426;
A(16,9)=-1.9289567787195288;
A(17,9)=1.8324795312795645;
A(18,9)=-1.83344450568409;
A(19,9)=1.9348652829789172;
A(20,9)=-2.165011223031382;
A(21,9)=2.5961080649322246;
A(22,9)=-3.404518087742227;
A(23,9)=5.088310500470488;
A(24,9)=-9.579281087118533;
A(25,9)=32.76333937773089;
A(2,10)=-100.21339493730466;
A(3,10)=30.004546192867913;
A(4,10)=-16.679633375296458;
A(5,10)=12.004010410989277;
A(6,10)=-10.230129645453014;
A(7,10)=10.12674732876564;
A(8,10)=-12.010719105987016;
A(9,10)=19.969620334481572;
A(10,10)=-1.068689614942246;
A(11,10)=-15.578708351349942;
A(12,10)=7.247915250401112;
A(13,10)=-4.6404772770478235;
A(14,10)=3.446325156348727;
A(15,10)=-2.8146109684031826;
A(16,10)=2.470479587019423;
A(17,10)=-2.305244275029716;
A(18,10)=2.276484840230764;
A(19,10)=-2.3790825271747162;
A(20,10)=2.6425476313517615;
A(21,10)=-3.151201949472282;
A(22,10)=4.115469058565913;
A(23,10)=-6.132756174840501;
A(24,10)=11.52307873968557;
A(25,10)=-39.370138956830054;
A(2,11)=89.42398213198399;
A(3,11)=-26.598484973133267;
A(4,11)=14.59632753597385;
A(5,11)=-10.280265849580271;
A(6,11)=8.458794280627936;
A(7,11)=-7.889512354476206;
A(8,11)=8.354927207914116;
A(9,11)=-10.4607354053765;
A(10,11)=18.20770682714418;
A(11,11)=-0.6995133849499942;
A(12,11)=-15.34421369944811;
A(13,11)=7.3903989828053716;
A(14,11)=-4.892870469870504;
A(15,11)=3.7567323472622958;
A(16,11)=-3.174173102401332;
A(17,11)=2.8873875181696995;
A(18,11)=-2.8007344406720835;
A(19,11)=2.8891201984652333;
A(20,11)=-3.1783464122637333;
A(21,11)=3.763153134921287;
A(22,11)=-4.888946395972509;
A(23,11)=7.258255379377411;
A(24,11)=-13.604462855005535;
A(25,11)=46.42027573426071;
A(2,12)=-79.55964655460762;
A(3,12)=23.551842140421403;
A(4,12)=-12.805977745578947;
A(5,12)=8.885551600918262;
A(6,12)=-7.1437376844973075;
A(7,12)=6.42504854501801;
A(8,12)=-6.404595884350007;
A(9,12)=7.154198098103571;
A(10,12)=-9.371262350215716;
A(11,12)=16.974845221587273;
A(12,12)=-0.3967288190134602;
A(13,12)=-15.354370136854754;
A(14,12)=7.6455404146792825;
A(15,12)=-5.232345781549007;
A(16,12)=4.15596076689165;
