tLegendre(2)=0.001456259090261463;
tLegendre(3)=0.007657045167423758;
tLegendre(4)=0.018748037453525167;
tLegendre(5)=0.03462150105167592;
tLegendre(6)=0.05511998502586448;
tLegendre(7)=0.08003983992686634;
tLegendre(8)=0.10913342579168753;
tLegendre(9)=0.14211160770657336;
tLegendre(10)=0.17864663853786983;
tLegendre(11)=0.21837541929642537;
tLegendre(12)=0.26090310897754876;
tLegendre(13)=0.30580704919588353;
tLegendre(14)=0.3526409650091492;
tLegendre(15)=0.4009394003322147;
tLegendre(16)=0.45022234392382926;
tLegendre(17)=0.5;
tLegendre(18)=0.5497776560761708;
tLegendre(19)=0.5990605996677854;
tLegendre(20)=0.6473590349908508;
tLegendre(21)=0.6941929508041165;
tLegendre(22)=0.7390968910224512;
tLegendre(23)=0.7816245807035747;
tLegendre(24)=0.8213533614621302;
tLegendre(25)=0.8578883922934266;
tLegendre(26)=0.8908665742083125;
tLegendre(27)=0.9199601600731336;
tLegendre(28)=0.9448800149741355;
tLegendre(29)=0.9653784989483241;
tLegendre(30)=0.9812519625464748;
tLegendre(31)=0.9923429548325763;
tLegendre(32)=0.9985437409097385;
A(2,2)=-342.8447670486779;
A(3,2)=-46.33641655470603;
A(4,2)=8.551161368561466;
A(5,2)=-2.8479953610576625;
A(6,2)=1.261792607733143;
A(7,2)=-0.6645182454454267;
A(8,2)=0.3937053779212393;
A(9,2)=-0.25433559292319824;
A(10,2)=0.17569742982968112;
A(11,2)=-0.128127783533575;
A(12,2)=0.09775843462341426;
A(13,2)=-0.07753801349766817;
A(14,2)=0.06363390068939814;
A(15,2)=-0.053848122336892464;
A(16,2)=0.046865113495461956;
A(17,2)=-0.04187181155470693;
A(18,2)=0.038356105769805894;
A(19,2)=-0.03599608570502381;
A(20,2)=0.034598477563312795;
A(21,2)=-0.03406598200082566;
A(22,2)=0.034384111740862915;
A(23,2)=-0.03562483945221747;
A(24,2)=0.03797048943023426;
A(25,2)=-0.041770573640611534;
A(26,2)=0.04766425449433473;
A(27,2)=-0.05685356720040027;
A(28,2)=0.0717731478210688;
A(29,2)=-0.09798970430267456;
A(30,2)=0.15091389624600007;
A(31,2)=-0.28996474357017027;
A(32,2)=1.0029210257210412;
A(2,3)=561.2858038442404;
A(3,3)=-64.79548248678609;
A(4,3)=-46.40076769981808;
A(5,3)=12.19162493278172;
A(6,3)=-4.965294057058971;
A(7,3)=2.510927559840143;
A(8,3)=-1.4539879414365817;
A(9,3)=0.9260163524777109;
A(10,3)=-0.6336751466393276;
A(11,3)=0.45906018564522666;
A(12,3)=-0.3485705917524104;
A(13,3)=0.2754768391070052;
A(14,3)=-0.2254530392816526;
A(15,3)=0.19036862157531637;
A(16,3)=-0.16539529452318052;
A(17,3)=0.1475666091474763;
A(18,3)=-0.1350220162462634;
A(19,3)=0.12659480869347647;
A(20,3)=-0.12158422901433136;
A(21,3)=0.11963455955494492;
A(22,3)=-0.1206854272726619;
A(23,3)=0.12498252382060225;
A(24,3)=-0.1331600665789094;
A(25,3)=0.14643911212795807;
A(26,3)=-0.16705598039519975;
A(27,3)=0.19921882458827447;
A(28,3)=-0.25145292081164633;
A(29,3)=0.3432527603506603;
A(30,3)=-0.5285879655301282;
A(31,3)=1.0155522590346147;
A(32,3)=-3.5124229770578252;
A(2,4)=-391.1069894301096;
A(3,4)=175.19997002095425;
A(4,4)=-26.159905015059017;
A(5,4)=-40.24259564131463;
A(6,4)=12.590340712369393;
A(7,4)=-5.761977638870429;
A(8,4)=3.1719912159126067;
A(9,4)=-1.9611540130233707;
A(10,4)=1.3167281491509648;
A(11,4)=-0.9415781123616339;
A(12,4)=0.7083441463312983;
A(13,4)=-0.5559723020936592;
A(14,4)=0.45263919479457154;
A(15,4)=-0.3806478575761279;
A(16,4)=0.329647661594228;
A(17,4)=-0.2933511147748185;
A(18,4)=0.2678466344962956;
A(19,4)=-0.25069304532849335;
A(20,4)=0.2404237699761304;
A(21,4)=-0.23628404987675225;
A(22,4)=0.23811952579454798;
A(23,4)=-0.24638950434962256;
A(24,4)=0.2623244361326468;
A(25,4)=-0.2883128662174928;
A(26,4)=0.32874161684756437;
A(27,4)=-0.3918744393616205;
A(28,4)=0.4944599942808882;
A(29,4)=-0.6748033187087731;
A(30,4)=1.0389568020758246;
A(31,4)=-1.9958418859237699;
A(32,4)=6.902393380265531;
A(2,5)=319.2231525462467;
A(3,5)=-112.81194432841745;
A(4,5)=98.62127533207509;
A(5,5)=-13.923961036309764;
A(6,5)=-34.972333508632275;
A(7,5)=12.172647065390734;
A(8,5)=-6.023469797506597;
A(9,5)=3.523485200114639;
A(10,5)=-2.2884677710069363;
A(11,5)=1.6013349102922572;
A(12,5)=-1.186672660757745;
A(13,5)=0.9212979706182515;
A(14,5)=-0.7439572683039266;
A(15,5)=0.6217108300824558;
A(16,5)=-0.5357606758501373;
A(17,5)=0.47489353439410975;
A(18,5)=-0.4322234846451254;
A(19,5)=0.40348694091913007;
A(20,5)=-0.38612436576599035;
A(21,5)=0.3787954970762167;
A(22,5)=-0.38116618632919996;
A(23,5)=0.3939094392026162;
A(24,5)=-0.41894437220330727;
A(25,5)=0.46004497932136446;
A(26,5)=-0.5241727424730419;
A(27,5)=0.6244631969816749;
A(28,5)=-0.7875562897813705;
A(29,5)=1.0743942857908446;
A(30,5)=-1.6537194688568526;
A(31,5)=3.1761977180853953;
A(32,5)=-10.98336842548704;
A(2,6)=-275.20123298376126;
A(3,6)=89.40169575791711;
A(4,6)=-60.03844069137853;
A(5,6)=68.05059130835411;
A(6,6)=-8.54195230936691;
A(7,6)=-30.94741745817105;
A(8,6)=11.591091158508995;
A(9,6)=-6.0731940723641555;
A(10,6)=3.721997430428791;
A(11,6)=-2.514228700199144;
A(12,6)=1.8202208433312845;
A(13,6)=-1.3902355119201095;
A(14,6)=1.1092712124448756;
A(15,6)=-0.9186516227457514;
A(16,6)=0.7861244010308999;
A(17,6)=-0.6929682239884217;
A(18,6)=0.6279081947219423;
A(19,6)=-0.5840482554466007;
A(20,6)=0.557260549120085;
A(21,6)=-0.54534314178623;
A(22,6)=0.5476365183367028;
A(23,6)=-0.5649812826354189;
A(24,6)=0.600033750943495;
A(25,6)=-0.6581188328126778;
A(26,6)=0.749120276175851;
A(27,6)=-0.891731414508123;
A(28,6)=1.1238985415630978;
A(29,6)=-1.532459113573509;
A(30,6)=2.357887504325188;
A(31,6)=-4.52748966435996;
A(32,6)=15.65396615452455;
A(2,7)=243.68537266923823;
A(3,7)=-76.0142686394366;
A(4,7)=46.19805003264799;
A(5,7)=-39.82469671216839;
A(6,7)=52.03368316642966;
A(7,7)=-5.703387258144139;
A(8,7)=-27.903519830697086;
A(9,7)=11.036479343601782;
A(10,7)=-6.045886130280436;
A(11,7)=3.8474112474524547;
A(12,7)=-2.685428169040289;
A(13,7)=2.0016563329576353;
A(14,7)=-1.5698486064595456;
A(15,7)=1.2836930029850764;
A(16,7)=-1.087965410459048;
A(17,7)=0.9518712332435917;
A(18,7)=-0.8573841535845236;
A(19,7)=0.793680238453198;
A(20,7)=-0.7543240208564792;
A(21,7)=0.7358236182537586;
A(22,7)=-0.7369548913042029;
A(23,7)=0.7586166475058584;
A(24,7)=-0.804201540582938;
A(25,7)=0.8807032947960702;
A(26,7)=-1.0012169256414012;
A(27,7)=1.1905891261516994;
A(28,7)=-1.4993196105873068;
A(29,7)=2.0430278881915473;
A(30,7)=-3.141948145375496;
A(31,7)=6.031027534402463;
A(32,7)=-20.848761950123016;
A(2,8)=-219.06924618387072;
A(3,8)=66.78966385586642;
A(4,8)=-38.58971467010786;
A(5,8)=29.90210065534315;
A(6,8)=-29.571407190017684;
A(7,8)=42.33957604535393;
A(8,8)=-4.020296463009105;
A(9,8)=-25.588316692687123;
A(10,8)=10.564360650506986;
A(11,8)=-6.0014562484923095;
A(12,8)=3.9420547022785812;
A(13,8)=-2.8304013200814224;
A(14,8)=2.1647949262980655;
A(15,8)=-1.7389210878418757;
A(16,8)=1.454477893737748;
A(17,8)=-1.2597997558407716;
A(18,8)=1.1258658507836008;
A(19,8)=-1.0357203881389527;
A(20,8)=0.9794106345062924;
A(21,8)=-0.9514677729528583;
A(22,8)=0.949712842548727;
A(23,8)=-0.974899133956143;
A(24,8)=1.0310897135093564;
A(25,8)=-1.1270124413728153;
A(26,8)=1.2792088988748493;
A(27,8)=-1.51920261021889;
A(28,8)=1.9111695713679604;
A(29,8)=-2.6021324308298728;
A(30,8)=3.999394806232954;
A(31,8)=-7.673800076143384;
A(32,8)=26.521792405078493;
A(2,9)=198.73774393383096;
A(3,9)=-59.7351909113876;
A(4,9)=33.50537164400011;
A(5,9)=-24.563517656861908;
A(6,9)=21.758451113023764;
A(7,9)=-23.516961979036545;
A(8,9)=35.93394214293763;
A(9,9)=-2.9355350386805115;
A(10,9)=-23.81950189285769;
A(11,9)=10.187305441445302;
A(12,9)=-5.9683444108323584;
A(13,9)=4.029852265329448;
A(14,9)=-2.9672086213961326;
A(15,9)=2.323243435843665;
A(16,9)=-1.9080927275754256;
A(17,9)=1.6304745076384677;
A(18,9)=-1.442121210278105;
A(19,9)=1.3159455011610344;
A(20,9)=-1.2363932804228037;
A(21,9)=1.1948754544187683;
A(22,9)=-1.1876148583211719;
A(23,9)=1.2148662741800262;
A(24,9)=-1.2812025044544915;
A(25,9)=1.3970835902105996;
A(26,9)=-1.582675419764347;
A(27,9)=1.8766370373844383;
A(28,9)=-2.357844369814548;
A(29,9)=3.207143589575271;
A(30,9)=-4.92568644186787;
A(31,9)=9.4464512386332;
