tLegendre(2)=0.019855071751231884;
tLegendre(3)=0.10166676129318664;
tLegendre(4)=0.2372337950418355;
tLegendre(5)=0.4082826787521751;
tLegendre(6)=0.591717321247825;
tLegendre(7)=0.7627662049581645;
tLegendre(8)=0.8983332387068134;
tLegendre(9)=0.9801449282487681;
A(2,2)=0.025307134072594065;
A(3,2)=0.05475932176755432;
A(4,2)=0.048587535998912884;
A(5,2)=0.05186552097058123;
A(6,2)=0.04975503156092328;
A(7,2)=0.051233073840438646;
A(8,2)=0.05017146584084589;
A(9,2)=0.05089177647230505;
A(2,3)=-0.009105943305970076;
A(3,3)=0.05559525861334362;
A(4,3)=0.12085952499717317;
A(5,3)=0.1061934901483484;
A(6,3)=0.114388331537048;
A(7,3)=0.10896480245140233;
A(8,3)=0.11275545213763617;
A(9,3)=0.11021775956262797;
A(2,4)=0.006280831147030474;
A(3,4)=-0.01363979623578167;
A(4,4)=0.07842666146947182;
A(5,4)=0.17067113427455363;
A(6,4)=0.14961211637772137;
A(7,4)=0.16149678880104812;
A(8,4)=0.15371356995347998;
A(9,4)=0.1587709981935806;
A(2,5)=-0.004483015613054752;
A(3,5)=0.008149708858360551;
A(4,5)=-0.01597510336187843;
A(5,5)=0.0906709458445905;
A(6,5)=0.197362933010206;
A(7,5)=0.17297015896895482;
A(8,5)=0.18655724377832814;
A(9,5)=0.17826340032085422;
A(2,6)=0.0030784913683267797;
A(3,6)=-0.0052153520891471536;
A(4,6)=0.008371732720226163;
A(5,6)=-0.016021041321025012;
A(6,6)=0.0906709458445905;
A(7,6)=0.19731699505105943;
A(8,6)=0.17319218283082044;
A(9,6)=0.18582490730223575;
A(2,7)=-0.0019176752546369523;
A(3,7)=0.003139752985463669;
A(4,7)=-0.00464346586210448;
A(5,7)=0.00724120656122227;
A(6,7)=-0.013817811335609978;
A(7,7)=0.07842666146947182;
A(8,7)=0.17049311917472532;
A(9,7)=0.15057249179191318;
A(2,8)=0.0009727576640592635;
A(3,8)=-0.0015649349109489424;
A(4,8)=0.0022257147752849;
A(5,8)=-0.0031978143103607703;
A(6,8)=0.004997027078338829;
A(7,8)=-0.009669007770485932;
A(8,8)=0.05559525861334362;
A(9,8)=0.12029646053265731;
A(2,9)=-0.0002775083271169192;
A(3,9)=0.00044280230434223783;
A(4,9)=-0.0006188056952505154;
A(5,9)=0.0008592365842648527;
A(6,9)=-0.001251252825393105;
A(7,9)=0.0020267321462752487;
A(8,9)=-0.004145053622366191;
A(9,9)=0.025307134072594065;
