tLegendre(2)=0.001084768757957082;
tLegendre(3)=0.005706760548893881;
tLegendre(4)=0.013986154475151025;
tLegendre(5)=0.025863507800246228;
tLegendre(6)=0.04125111274217047;
tLegendre(7)=0.060035099554801435;
tLegendre(8)=0.08207641650376235;
tLegendre(9)=0.10721188493389675;
tLegendre(10)=0.1352554142032217;
tLegendre(11)=0.16599938170723946;
tLegendre(12)=0.19921617093200975;
tLegendre(13)=0.23465985703687742;
tLegendre(14)=0.27206802778328987;
tLegendre(15)=0.3111637264401554;
tLegendre(16)=0.35165750232798587;
tLegendre(17)=0.39324955384156723;
tLegendre(18)=0.4356319480953076;
tLegendre(19)=0.4784909007631457;
tLegendre(20)=0.5215090992368543;
tLegendre(21)=0.5643680519046924;
tLegendre(22)=0.6067504461584328;
tLegendre(23)=0.6483424976720141;
tLegendre(24)=0.6888362735598446;
tLegendre(25)=0.7279319722167101;
tLegendre(26)=0.7653401429631226;
tLegendre(27)=0.8007838290679903;
tLegendre(28)=0.8340006182927605;
tLegendre(29)=0.8647445857967783;
tLegendre(30)=0.8927881150661032;
tLegendre(31)=0.9179235834962377;
tLegendre(32)=0.9399649004451985;
tLegendre(33)=0.9587488872578296;
tLegendre(34)=0.9741364921997537;
tLegendre(35)=0.9860138455248489;
tLegendre(36)=0.9942932394511061;
tLegendre(37)=0.998915231242043;
A(2,2)=0.0013914299160612614;
A(3,2)=0.0030108281517352386;
A(4,2)=0.0026711831347356603;
A(5,2)=0.002852247127350165;
A(6,2)=0.0027344118907880882;
A(7,2)=0.0028191462266431793;
A(8,2)=0.0027543740123705932;
A(9,2)=0.0028059891777215055;
A(10,2)=0.0027635969093642893;
A(11,2)=0.0027992231494798027;
A(12,2)=0.0027687379150665324;
A(13,2)=0.0027952059019971417;
A(14,2)=0.0027719499319165705;
A(15,2)=0.002792587848324784;
A(16,2)=0.0027741191985236756;
A(17,2)=0.002790764584805108;
A(18,2)=0.002775671119519892;
A(19,2)=0.0027894285452493258;
A(20,2)=0.0027768333064875647;
A(21,2)=0.0027884077783384004;
A(22,2)=0.00277773810737846;
A(23,2)=0.0027875986385806116;
A(24,2)=0.0027784680495055157;
A(25,2)=0.002786934314972102;
A(26,2)=0.0027790781683296115;
A(27,2)=0.0027863685941061883;
A(28,2)=0.002779608145491242;
A(29,2)=0.002785866463291266;
A(30,2)=0.002780089950889026;
A(31,2)=0.0027853974209743333;
A(32,2)=0.002780554370564518;
A(33,2)=0.0027849280943502033;
A(34,2)=0.0027810409607788946;
A(35,2)=0.00278440603865001;
A(36,2)=0.0027816303847117948;
A(37,2)=0.002783674495949328;
A(2,3)=-0.0005290289443556168;
A(3,3)=0.0032289868210163934;
A(4,3)=0.007020114677075668;
A(5,3)=0.006166009860130634;
A(6,3)=0.006647563182402225;
A(7,3)=0.006321127832575114;
A(8,3)=0.006563121762632152;
A(9,3)=0.006373748177715031;
A(10,3)=0.006527481902965981;
A(11,3)=0.006399307312566668;
A(12,3)=0.006508366107214328;
A(13,3)=0.006414074114705563;
A(14,3)=0.006496660460600211;
A(15,3)=0.006423552072748348;
A(16,3)=0.006488848153223409;
A(17,3)=0.006430090799589663;
A(18,3)=0.0064833015740745495;
A(19,3)=0.006434852277714934;
A(20,3)=0.006479169548602896;
A(21,3)=0.00643847415265409;
A(22,3)=0.0064759647301290465;
A(23,3)=0.00644133580627974;
A(24,3)=0.006473386592680904;
A(25,3)=0.00644367943092432;
A(26,3)=0.006471236441703449;
A(27,3)=0.00644567124896048;
A(28,3)=0.006469372047623318;
A(29,3)=0.006447436334742496;
A(30,3)=0.006467679578014422;
A(31,3)=0.006449082946947952;
A(32,3)=0.006466050098573159;
A(33,3)=0.0064507288391782895;
A(34,3)=0.006464344380127946;
A(35,3)=0.006452558244340193;
A(36,3)=0.006462279461263627;
A(37,3)=0.0064551205558366735;
A(2,4)=0.00040494403467574813;
A(3,4)=-0.0008783604987455254;
A(4,4)=0.005045378824433868;
A(5,4)=0.010981814000939682;
A(6,4)=0.009618734142060263;
A(7,4)=0.010402984468665784;
A(8,4)=0.009861757405946477;
A(9,4)=0.010269126020303273;
A(10,4)=0.009946218680755306;
A(11,4)=0.010211224909926965;
A(12,4)=0.009988214205851971;
A(13,4)=0.010179487572471868;
A(14,4)=0.010012966390164269;
A(15,4)=0.010159693517340543;
A(16,4)=0.010029123877699615;
A(17,4)=0.010146274781346455;
A(18,4)=0.010040434802100059;
A(19,4)=0.010136615450977817;
A(20,4)=0.010048780623976086;
A(21,4)=0.010129327104264129;
A(22,4)=0.010055209238414676;
A(23,4)=0.010123602662589536;
A(24,4)=0.010060354096436434;
A(25,4)=0.010118935757076878;
A(26,4)=0.01006462761048674;
A(27,4)=0.010114983668893789;
A(28,4)=0.010068321201434033;
A(29,4)=0.010111491660241213;
A(30,4)=0.01007166535949692;
A(31,4)=0.010108241776631612;
A(32,4)=0.010074878193697595;
A(33,4)=0.010104999453761176;
A(34,4)=0.01007823581507228;
A(35,4)=0.010101400630432241;
A(36,4)=0.010082295944203516;
A(37,4)=0.01009636425368623;
A(2,5)=-0.00034032930573153276;
A(3,5)=0.000617082789062667;
A(4,5)=-0.0012052915616220798;
A(5,5)=0.006824655374642195;
A(6,5)=0.014861269441541067;
A(7,5)=0.01300150765892973;
A(8,5)=0.014081880820547236;
A(9,5)=0.013329199839360612;
A(10,5)=0.013900675319687408;
A(11,5)=0.013444137737837546;
A(12,5)=0.013821419746428757;
A(13,5)=0.013501969022065902;
A(14,5)=0.01377745220642651;
A(15,5)=0.013536460843674982;
A(16,5)=0.013749712605941825;
A(17,5)=0.0135592288021625;
A(18,5)=0.013730702714366074;
A(19,5)=0.013575336558429317;
A(20,5)=0.013716875720984421;
A(21,5)=0.013587345286865136;
A(22,5)=0.013706333287645653;
A(23,5)=0.01359669479221444;
A(24,5)=0.013697960223528953;
A(25,5)=0.013604266228514092;
A(26,5)=0.013691046311557879;
A(27,5)=0.013610644187072468;
A(28,5)=0.013685098890941718;
A(29,5)=0.013616255632464295;
A(30,5)=0.013679734862574887;
A(31,5)=0.013621459860129257;
A(32,5)=0.013674597530214192;
A(33,5)=0.013626637635199777;
A(34,5)=0.01366924159639311;
A(35,5)=0.01363237303196202;
A(36,5)=0.013662775682525548;
A(37,5)=0.013640389588435548;
A(2,6)=0.00029782108999773537;
A(3,6)=-0.0005022148600925271;
A(4,6)=0.0008002235066491688;
A(5,6)=-0.0015189677383699756;
A(6,6)=0.008553452692576808;
A(7,6)=0.01862995270427957;
A(8,6)=0.01628889351163927;
A(9,6)=0.01765613183510414;
A(10,6)=0.0166982323281769;
A(11,6)=0.017429488601708676;
A(12,6)=0.016842326595920797;
A(13,6)=0.017329829427379418;
A(14,6)=0.01691529443659665;
A(15,6)=0.017274151212545153;
A(16,6)=0.01695913868811719;
A(17,6)=0.01723875348598903;
A(18,6)=0.016988306521064655;
A(19,6)=0.01721430270442453;
A(20,6)=0.017009109221078313;
A(21,6)=0.01719637023177679;
A(22,6)=0.017024752147460524;
A(23,6)=0.017182573289905464;
A(24,6)=0.01703704926947287;
A(25,6)=0.017171500105755994;
A(26,6)=0.017047123211117177;
A(27,6)=0.01716223797595298;
A(28,6)=0.01705573429718784;
A(29,6)=0.017154135240719865;
A(30,6)=0.017063460922578683;
A(31,6)=0.017146655217782865;
A(32,6)=0.017070830358022388;
A(33,6)=0.0171392405519216;
A(34,6)=0.01707848879881041;
A(35,6)=0.017131049579009388;
A(36,6)=0.017087714201690227;
A(37,6)=0.017119619488045974;
A(2,7)=-0.0002664944901684451;
A(3,7)=0.00043308284706591676;
A(4,7)=-0.0006323859001399584;
A(5,7)=0.0009699917547225882;
A(6,7)=-0.0018196073883575351;
A(7,7)=0.010218937730911223;
A(8,7)=0.02226021451510084;
A(9,7)=0.019456300931851224;
A(10,7)=0.021099194721540412;
A(11,7)=0.019944023929986426;
A(12,7)=0.020829071716013343;
A(13,7)=0.020115942013952788;
A(14,7)=0.02070997603569225;
A(15,7)=0.020203318900173833;
A(16,7)=0.02064314595622599;
A(17,7)=0.020256081390877926;
A(18,7)=0.020600428946000452;
A(19,7)=0.020291385312508178;
A(20,7)=0.020570740454761552;
A(21,7)=0.020316729947561292;
A(22,7)=0.020548812873099034;
A(23,7)=0.02033593400350683;
A(24,7)=0.02053180077214973;
A(25,7)=0.020351171021236143;
A(26,7)=0.020518004276088943;
A(27,7)=0.0203638022478194;
A(28,7)=0.02050630532845115;
A(29,7)=0.020374773045685954;
A(30,7)=0.020495875916708116;
A(31,7)=0.020384841684416226;
A(32,7)=0.020485980616934813;
A(33,7)=0.020394776087903552;
A(34,7)=0.02047573877147717;
A(35,7)=0.020405713126895562;
A(36,7)=0.020463435431883427;
A(37,7)=0.02042094369412771;
A(2,8)=0.0002417531164774466;
A(3,8)=-0.0003845385976050669;
A(4,8)=0.0005359778705462508;
A(5,8)=-0.0007484804107255791;
A(6,8)=0.0011293351506758212;
A(7,8)=-0.0021058533576537803;
A(8,8)=0.011808770872566494;
A(9,8)=0.025725334322182117;
A(10,8)=0.02248011542783781;
A(11,8)=0.024385626002263776;
