tLegendre(2)=0.0005899246966823103;
tLegendre(3)=0.0031056690279161045;
tLegendre(4)=0.0076210520428934975;
tLegendre(5)=0.01411889954922231;
tLegendre(6)=0.022573170662931383;
tLegendre(7)=0.032949852622094926;
tLegendre(8)=0.04520717208596336;
tLegendre(9)=0.05929577721349554;
tLegendre(10)=0.07515894007791715;
tLegendre(11)=0.09273278632007229;
tLegendre(12)=0.11194655282727668;
tLegendre(13)=0.13272287288129866;
tLegendre(14)=0.15497808778743394;
tLegendre(15)=0.17862258379038118;
tLegendre(16)=0.20356115294554963;
tLegendre(17)=0.22969337650413696;
tLegendre(18)=0.25691402927375395;
tLegendre(19)=0.28511350332921176;
tLegendre(20)=0.3141782493688576;
tLegendre(21)=0.3439912339401256;
tLegendre(22)=0.37443241069371136;
tLegendre(23)=0.4053792037690932;
tLegendre(24)=0.436707001365164;
tLegendre(25)=0.4682896575086566;
tLegendre(26)=0.5;
tLegendre(27)=0.5317103424913434;
tLegendre(28)=0.5632929986348361;
tLegendre(29)=0.5946207962309068;
tLegendre(30)=0.6255675893062886;
tLegendre(31)=0.6560087660598743;
tLegendre(32)=0.6858217506311425;
tLegendre(33)=0.7148864966707883;
tLegendre(34)=0.743085970726246;
tLegendre(35)=0.770306623495863;
tLegendre(36)=0.7964388470544503;
tLegendre(37)=0.8213774162096188;
tLegendre(38)=0.8450219122125661;
tLegendre(39)=0.8672771271187013;
tLegendre(40)=0.8880534471727233;
tLegendre(41)=0.9072672136799277;
tLegendre(42)=0.9248410599220829;
tLegendre(43)=0.9407042227865045;
tLegendre(44)=0.9547928279140366;
tLegendre(45)=0.9670501473779051;
tLegendre(46)=0.9774268293370686;
tLegendre(47)=0.9858811004507777;
tLegendre(48)=0.9923789479571065;
tLegendre(49)=0.9968943309720839;
tLegendre(50)=0.9994100753033177;
A(2,2)=0.0007568197472307262;
A(3,2)=0.0016376349792797905;
A(4,2)=0.0014528965970860611;
A(5,2)=0.0015513808685897197;
A(6,2)=0.0014872868645984293;
A(7,2)=0.0015333779524937868;
A(8,2)=0.001498142993565836;
A(9,2)=0.0015262236642066503;
A(10,2)=0.0015031569233153019;
A(11,2)=0.0015225466355813374;
A(12,2)=0.0015059494397767605;
A(13,2)=0.0015203660577303452;
A(14,2)=0.0015076912508677391;
A(15,2)=0.0015189481920997215;
A(16,2)=0.001508864032126795;
A(17,2)=0.0015179647063279992;
A(18,2)=0.0015096986972382939;
A(19,2)=0.00151724885068614;
A(20,2)=0.0015103184236152612;
A(21,2)=0.0015167078232434094;
A(22,2)=0.0015107943497596676;
A(23,2)=0.0015162862470247146;
A(24,2)=0.0015111701813281659;
A(25,2)=0.0015159491951284843;
A(26,2)=0.0015114741495046557;
A(27,2)=0.0015156736072023747;
A(28,2)=0.0015117252769612896;
A(29,2)=0.0015154436444551275;
A(30,2)=0.001511936870342607;
A(31,2)=0.0015152480286616872;
A(32,2)=0.0015121185735990658;
A(33,2)=0.001515078437833242;
A(34,2)=0.0015122776376183759;
A(35,2)=0.001514928487518269;
A(36,2)=0.0015124197505910464;
A(37,2)=0.001514793040803044;
A(38,2)=0.0015125496257288014;
A(39,2)=0.0015146676909733154;
A(40,2)=0.0015126714771792134;
A(41,2)=0.001514548297627653;
A(42,2)=0.001512789506070731;
A(43,2)=0.0015144304327484805;
A(44,2)=0.0015129085916494548;
A(45,2)=0.001514308435425678;
A(46,2)=0.0015130357079643352;
A(47,2)=0.0015141730770675506;
A(48,2)=0.001513184216160989;
A(49,2)=0.001514002428290587;
A(50,2)=0.0015133986650314928;
A(2,3)=-0.00028815335078463596;
A(3,3)=0.0017587748975216129;
A(4,3)=0.0038237391507536553;
A(5,3)=0.003358520381601115;
A(6,3)=0.0036208193332291205;
A(7,3)=0.0034430065553646555;
A(8,3)=0.0035748309211484476;
A(9,3)=0.003471660951590217;
A(10,3)=0.003555427312283304;
A(11,3)=0.0034855717505083085;
A(12,3)=0.003545028326403636;
A(13,3)=0.003493599427738272;
A(14,3)=0.0035386707741403654;
A(15,3)=0.0034987405147551298;
A(16,3)=0.0035344403780738116;
A(17,3)=0.0035022733647666108;
A(18,3)=0.0035314522522001;
A(19,3)=0.003504828998753517;
A(20,3)=0.003529244961284232;
A(21,3)=0.0035067521920013446;
A(22,3)=0.003527556025093311;
A(23,3)=0.0035082460927060256;
A(24,3)=0.003526225895087537;
A(25,3)=0.0035094376679447323;
A(26,3)=0.00352515231670405;
A(27,3)=0.003510410179101352;
A(28,3)=0.0035242667980733876;
A(29,3)=0.003511220513593649;
A(30,3)=0.0035235216519002577;
A(31,3)=0.003511909008873178;
A(32,3)=0.003522882448485256;
A(33,3)=0.0035125053254524024;
A(34,3)=0.0035223233850662553;
A(35,3)=0.003513032149511435;
A(36,3)=0.0035218242777780035;
A(37,3)=0.0035135076841933343;
A(38,3)=0.0035213684468523043;
A(39,3)=0.003513947504489422;
A(40,3)=0.0035209410167617696;
A(41,3)=0.0035143662075282317;
A(42,3)=0.0035205271939351846;
A(43,3)=0.0035147793683511465;
A(44,3)=0.003520109833693103;
A(45,3)=0.003515206860548991;
A(46,3)=0.0035196644705316376;
A(47,3)=0.003515681039933432;
A(48,3)=0.003519144279937607;
A(49,3)=0.0035162787354538322;
A(50,3)=0.0035183932176818112;
A(2,4)=0.00022112933851878977;
A(3,4)=-0.00047964856456226515;
A(4,4)=0.002755137757898395;
A(5,4)=0.005996857935143821;
A(6,4)=0.005252511927003797;
A(7,4)=0.0056807830921849186;
A(8,4)=0.005385209694061692;
A(9,4)=0.005607700302418006;
A(10,4)=0.005431314543865389;
A(11,4)=0.005576103153770003;
A(12,4)=0.005454221712409798;
A(13,4)=0.005558802572183444;
A(14,4)=0.005467702469291945;
A(15,4)=0.005548035359043222;
A(16,4)=0.005476477102726659;
A(17,4)=0.005540763836806602;
A(18,4)=0.005482589129212239;
A(19,4)=0.005535563244894693;
A(20,4)=0.0054870616665505315;
A(21,4)=0.005531680397736829;
A(22,4)=0.005490461101672182;
A(23,4)=0.005528681446424793;
A(24,4)=0.00549312519351158;
A(25,4)=0.005526299620051533;
A(26,4)=0.005495267396318969;
A(27,4)=0.005524362095753279;
A(28,4)=0.005497029168484132;
A(29,4)=0.00552275190121336;
A(30,4)=0.005498508177395715;
A(31,4)=0.005521386716869559;
A(32,4)=0.00549977445778966;
A(33,4)=0.005520206389768992;
A(34,4)=0.0055008801930878795;
A(35,4)=0.005519165159901663;
A(36,4)=0.005501865993991024;
A(37,4)=0.005518226490326388;
A(38,4)=0.005502765260925447;
A(39,4)=0.0055173592649605694;
A(40,4)=0.005503607645027388;
A(41,4)=0.005516534452280093;
A(42,4)=0.005504422505418528;
A(43,4)=0.005515721204721837;
A(44,4)=0.005505243735933802;
A(45,4)=0.005514880296763734;
A(46,4)=0.005506119560842019;
A(47,4)=0.0055139480185375945;
A(48,4)=0.0055071421074204315;
A(49,4)=0.005512773291687894;
A(50,4)=0.0055086181139642545;
A(2,5)=-0.00018653447926108787;
A(3,5)=0.0003382213858494922;
A(4,5)=-0.0006606127643278494;
A(5,5)=0.0037405362339061627;
A(6,5)=0.008145341336278483;
A(7,5)=0.007126005895674701;
A(8,5)=0.007718180683622837;
A(9,5)=0.007305590437827019;
A(10,5)=0.007618889926031073;
A(11,5)=0.0073685541817819404;
A(12,5)=0.007575490358252549;
A(13,5)=0.007400203508549864;
A(14,5)=0.0075514482706317545;
A(15,5)=0.007419042415020469;
A(16,5)=0.007536320935846988;
A(17,5)=0.007431432821990287;
A(18,5)=0.007526003774039091;
A(19,5)=0.007440144170995564;
A(20,5)=0.007518559641041092;
A(21,5)=0.007446572272948795;
A(22,5)=0.0075129573726420385;
A(23,5)=0.007451495321128248;
A(24,5)=0.007508598732770578;
A(25,5)=0.007455380735330829;
A(26,5)=0.00750511320082511;
A(27,5)=0.007458526070325596;
A(28,5)=0.007502258963924923;
A(29,5)=0.007461130013971854;
A(30,5)=0.007499871066461474;
A(31,5)=0.007463330888206095;
A(32,5)=0.007497832377804962;
A(33,5)=0.007465228864621558;
A(34,5)=0.0074960563453143145;
A(35,5)=0.0074668995559795375;
A(36,5)=0.007494476105857118;
A(37,5)=0.007468402909654991;
A(38,5)=0.007493037043544666;
A(39,5)=0.007469789637177545;
A(40,5)=0.007491690992431477;
A(41,5)=0.007471106746799997;
A(42,5)=0.007490390561142067;
A(43,5)=0.007472403886799916;
A(44,5)=0.007489081344339555;
A(45,5)=0.00747374387343062;
A(46,5)=0.007487686265558426;
A(47,5)=0.0074752283773004986;
A(48,5)=0.007486058472425603;
A(49,5)=0.0074770980273024396;
A(50,5)=0.007483709667857905;
A(2,6)=0.00016403453683056407;
A(3,6)=-0.00027660865586783825;
A(4,6)=0.00044073956728048864;
A(5,6)=-0.0008365922231753027;
A(6,6)=0.0047108989632723645;
A(7,6)=0.010260640133882455;
A(8,6)=0.008971248744685635;
A(9,6)=0.009724326958240055;
A(10,6)=0.009196659715961689;
A(11,6)=0.009599546387209045;
A(12,6)=0.009275965650690731;
A(13,6)=0.0095447245899068;
A(14,6)=0.009316074631036023;
