tLegendre(2)=0.0006684789330910094;
tLegendre(3)=0.003518825546912818;
tLegendre(4)=0.008633165097916569;
tLegendre(5)=0.01598930407300403;
tLegendre(6)=0.025553818276955104;
tLegendre(7)=0.03728310059662302;
tLegendre(8)=0.051123644233029016;
tLegendre(9)=0.06701230256657097;
tLegendre(10)=0.08487658146696697;
tLegendre(11)=0.10463497146236288;
tLegendre(12)=0.12619732019216698;
tLegendre(13)=0.14946524398979716;
tLegendre(14)=0.17433257689900114;
tLegendre(15)=0.20068585514364243;
tLegendre(16)=0.22840483486909868;
tLegendre(17)=0.25736304080591765;
tLegendre(18)=0.2874283433585858;
tLegendre(19)=0.31846356148950217;
tLegendre(20)=0.350327088649065;
tLegendre(21)=0.3828735388968651;
tLegendre(22)=0.41595441026644825;
tLegendre(23)=0.4494187623472079;
tLegendre(24)=0.483113904991974;
tLegendre(25)=0.5168860950080261;
tLegendre(26)=0.5505812376527921;
tLegendre(27)=0.5840455897335518;
tLegendre(28)=0.6171264611031348;
tLegendre(29)=0.649672911350935;
tLegendre(30)=0.6815364385104978;
tLegendre(31)=0.7125716566414142;
tLegendre(32)=0.7426369591940823;
tLegendre(33)=0.7715951651309013;
tLegendre(34)=0.7993141448563575;
tLegendre(35)=0.8256674231009988;
tLegendre(36)=0.8505347560102029;
tLegendre(37)=0.873802679807833;
tLegendre(38)=0.8953650285376371;
tLegendre(39)=0.915123418533033;
tLegendre(40)=0.932987697433429;
tLegendre(41)=0.9488763557669709;
tLegendre(42)=0.962716899403377;
tLegendre(43)=0.9744461817230449;
tLegendre(44)=0.984010695926996;
tLegendre(45)=0.9913668349020834;
tLegendre(46)=0.9964811744530871;
tLegendre(47)=0.999331521066909;
A(2,2)=-747.4663930567375;
A(3,2)=-100.46326348558574;
A(4,2)=18.390291281048658;
A(5,2)=-6.053330278713003;
A(6,2)=2.6407218123331533;
A(7,2)=-1.3641929939176263;
A(8,2)=0.7897444378436131;
A(9,2)=-0.4965100375479;
A(10,2)=0.33241995597337715;
A(11,2)=-0.23392875955745532;
A(12,2)=0.17145043080337674;
A(13,2)=-0.13000446444822977;
A(14,2)=0.10147878754056215;
A(15,2)=-0.0812320536136866;
A(16,2)=0.06648377046015198;
A(17,2)=-0.05550204614590525;
A(18,2)=0.047171496294980624;
A(19,2)=-0.04075275412132637;
A(20,2)=0.035743288203543534;
A(21,2)=-0.03179406144992475;
A(22,2)=0.028658116147410206;
A(23,2)=-0.026158015495804;
A(24,2)=0.02416475438341076;
A(25,2)=-0.02258383840667023;
A(26,2)=0.021345962029726526;
A(27,2)=-0.020400718907546436;
A(28,2)=0.019712375400158966;
A(29,2)=-0.019257108019074265;
A(30,2)=0.019021345737030022;
A(31,2)=-0.019001027535571043;
A(32,2)=0.01920172325036917;
A(33,2)=-0.019639703598995754;
A(34,2)=0.020344218871107624;
A(35,2)=-0.021361508672814982;
A(36,2)=0.02276151469305914;
A(37,2)=-0.02464910192563258;
A(38,2)=0.0271832417859013;
A(39,2)=-0.030611080464127496;
A(40,2)=0.035331647905227054;
A(41,2)=-0.042023154552519086;
A(42,2)=0.05191985069100549;
A(43,2)=-0.06748486664294596;
A(44,2)=0.09431306122279269;
A(45,2)=-0.14784812920176557;
A(46,2)=0.28755922090358343;
A(47,2)=-1.0013387477154712;
A(2,3)=1225.1728599735952;
A(3,3)=-141.59109840919325;
A(4,3)=-100.01445218171311;
A(5,3)=25.970986729042092;
A(6,3)=-10.414738057351924;
A(7,3)=5.166161508099481;
A(8,3)=-2.9230506229661604;
A(9,3)=1.8117341185533706;
A(10,3)=-1.2015367292135004;
A(11,3)=0.8399463468246622;
A(12,3)=-0.6126447346746743;
A(13,3)=0.46286394996635366;
A(14,3)=-0.3602944123605806;
A(15,3)=0.28777688543779983;
A(16,3)=-0.2351151495733803;
A(17,3)=0.19599880991526936;
A(18,3)=-0.16638459336926006;
A(19,3)=0.14360343426279892;
A(20,3)=-0.12584742560074763;
A(21,3)=0.11186442642618484;
A(22,3)=-0.10077058302591323;
A(23,3)=0.09193209575630074;
A(24,3)=-0.08488889938429905;
A(25,3)=0.07930442953044672;
A(26,3)=-0.07493206402146199;
A(27,3)=0.07159252061539588;
A(28,3)=-0.06915868539102286;
A(29,3)=0.06754569544223243;
A(30,3)=-0.06670497169927539;
A(31,3)=0.06662150915022873;
A(32,3)=-0.06731422465463541;
A(33,3)=0.06883965172965023;
A(34,3)=-0.071299883665571;
A(35,3)=0.0748565896111722;
A(36,3)=-0.07975450436565729;
A(37,3)=0.08636071258159517;
A(38,3)=-0.09523182033164422;
A(39,3)=0.10723325956939375;
A(40,3)=-0.12376240033581681;
A(41,3)=0.14719435818557636;
A(42,3)=-0.1818515933934192;
A(43,3)=0.23636029608111453;
A(44,3)=-0.3303144494001488;
A(45,3)=0.5178001713024674;
A(46,3)=-1.0070875306617397;
A(47,3)=3.506851568053738;
A(2,4)=-857.1840006499887;
A(3,4)=382.25935519973;
A(4,4)=-57.41183233917834;
A(5,4)=-86.07347262138659;
A(6,4)=26.515011530077928;
A(7,4)=-11.902808360648478;
A(8,4)=6.402407387538571;
A(9,4)=-3.852242165350308;
A(10,4)=2.5065787009743175;
A(11,4)=-1.7295787066646235;
A(12,4)=1.2498269863705556;
A(13,4)=-0.9377625608122155;
A(14,4)=0.7261177812739547;
A(15,4)=-0.5775871042676074;
A(16,4)=0.47034770016433863;
A(17,4)=-0.39105733261212794;
A(18,4)=0.33124969309347135;
A(19,4)=-0.2853795432584795;
A(20,4)=0.24971475119970704;
A(21,4)=-0.2216840910597429;
A(22,4)=0.1994805324018948;
A(23,4)=-0.18181296834357696;
A(24,4)=0.16774698164990468;
A(25,4)=-0.15660059644381893;
A(26,4)=0.1478749383888165;
A(27,4)=-0.14120768924354132;
A(28,4)=0.1363419081987172;
A(29,4)=-0.133105651568052;
A(30,4)=0.1313996535659759;
A(31,4)=-0.13119160032333563;
A(32,4)=0.1325165380855967;
A(33,4)=-0.1354839421015504;
A(34,4)=0.1402931902373625;
A(35,4)=-0.14726100904198433;
A(36,4)=0.15686756311156244;
A(37,4)=-0.16983360043137155;
A(38,4)=0.18725241184543734;
A(39,4)=-0.21082424530873062;
A(40,4)=0.24329471762886767;
A(41,4)=-0.28933084569442014;
A(42,4)=0.35742637624389395;
A(43,4)=-0.46453227117024504;
A(44,4)=0.6491521556100505;
A(45,4)=-1.017569694339743;
A(46,4)=1.9790535796243818;
A(47,4)=-6.89130198869581;
A(2,5)=703.7871253990961;
A(3,5)=-247.59696220472614;
A(4,5)=214.6993967199388;
A(5,5)=-30.76277989888222;
A(6,5)=-74.08440160567443;
A(7,5)=25.293023047756932;
A(8,5)=-12.228801099650525;
A(9,5)=6.961230701804595;
A(10,5)=-4.381526293923539;
A(11,5)=2.9583051548064074;
A(12,5)=-2.1056800854459747;
A(13,5)=1.5626878734615153;
A(14,5)=-1.2000771623546396;
A(15,5)=0.9485491664875554;
A(16,5)=-0.7685731621150467;
A(17,5)=0.6364424256311157;
A(18,5)=-0.5373400149570916;
A(19,5)=0.46167801243365225;
A(20,5)=-0.4030665357954626;
A(21,5)=0.35713866021477025;
A(22,5)=-0.3208457026465905;
A(23,5)=0.29202133182125595;
A(24,5)=-0.26910471833029986;
A(25,5)=0.2509607496602231;
A(26,5)=-0.23676123732029294;
A(27,5)=0.2259055814892223;
A(28,5)=-0.2179678007698788;
A(29,5)=0.21266192002896045;
A(30,5)=-0.2098209228928907;
A(31,5)=0.20938666747996448;
A(32,5)=-0.21140987025457994;
A(33,5)=0.21606089179579724;
A(34,5)=-0.2236540327202953;
A(35,5)=0.23469097294995442;
A(36,5)=-0.24993393975448394;
A(37,5)=0.27052833560660944;
A(38,5)=-0.2982126154879334;
A(39,5)=0.33569120820170056;
A(40,5)=-0.3873320457083327;
A(41,5)=0.46056042562090993;
A(42,5)=-0.5688906596814637;
A(43,5)=0.7392938878857015;
A(44,5)=-1.033035022175245;
A(45,5)=1.6192279914392103;
A(46,5)=-3.149085365799657;
A(47,5)=10.965256344758787;
A(2,6)=-611.4912017322857;
A(3,6)=197.75424983274533;
A(4,6)=-131.7267363627997;
A(5,6)=147.55277776121022;
A(6,6)=-19.053435564304724;
A(7,6)=-64.80264104819743;
A(8,6)=23.71363971172457;
A(9,6)=-12.090628863641399;
A(10,6)=7.180478353682718;
A(11,6)=-4.679913185804001;
A(12,6)=3.254094350322299;
A(13,6)=-2.3756047339118154;
A(14,6)=1.8025119964792202;
A(15,6)=-1.4117680202603597;
A(16,6)=1.1358071544481072;
A(17,6)=-0.9352521859371421;
A(18,6)=0.7860289579389782;
A(19,6)=-0.6728280657304698;
A(20,6)=0.5855880840111523;
A(21,6)=-0.5175105834439834;
A(22,6)=0.4638933743424246;
A(23,6)=-0.421420646506693;
A(24,6)=0.3877182330871263;
A(25,6)=-0.36106805262753194;
A(26,6)=0.3402211621137095;
A(27,6)=-0.3242737981455841;
A(28,6)=0.31258500428726615;
A(29,6)=-0.30472286338578075;
A(30,6)=0.30043158138723713;
A(31,6)=-0.29961516072233557;
A(32,6)=0.30233604685409426;
A(33,6)=-0.30882958016204176;
A(34,6)=0.3195379763969785;
A(35,6)=-0.33517177513373214;
A(36,6)=0.356813783259039;
A(37,6)=-0.3860935933210453;
A(38,6)=0.4254865046290438;
A(39,6)=-0.4788448445674229;
A(40,6)=0.5523919244240804;
A(41,6)=-0.6567083717702458;
