tLegendre(2)=0.000926308466783547;
tLegendre(3)=0.004874231572657008;
tLegendre(4)=0.011950645333264473;
tLegendre(5)=0.022112393837673862;
tLegendre(6)=0.03529542575663089;
tLegendre(7)=0.051416440353503554;
tLegendre(8)=0.07037353100004692;
tLegendre(9)=0.09204685128492844;
tLegendre(10)=0.11629937853446826;
tLegendre(11)=0.14297778205273265;
tLegendre(12)=0.17191339328399455;
tLegendre(13)=0.202923272521361;
tLegendre(14)=0.23581136566978125;
tLegendre(15)=0.270369743845432;
tLegendre(16)=0.30637991801421927;
tLegendre(17)=0.34361422037590705;
tLegendre(18)=0.3818372437690821;
tLegendre(19)=0.4208073300010811;
tLegendre(20)=0.4602780976956223;
tLegendre(21)=0.5;
tLegendre(22)=0.5397219023043778;
tLegendre(23)=0.5791926699989189;
tLegendre(24)=0.6181627562309179;
tLegendre(25)=0.656385779624093;
tLegendre(26)=0.6936200819857807;
tLegendre(27)=0.729630256154568;
tLegendre(28)=0.7641886343302188;
tLegendre(29)=0.797076727478639;
tLegendre(30)=0.8280866067160054;
tLegendre(31)=0.8570222179472673;
tLegendre(32)=0.8837006214655317;
tLegendre(33)=0.9079531487150716;
tLegendre(34)=0.929626468999953;
tLegendre(35)=0.9485835596464964;
tLegendre(36)=0.9647045742433691;
tLegendre(37)=0.9778876061623262;
tLegendre(38)=0.9880493546667355;
tLegendre(39)=0.995125768427343;
tLegendre(40)=0.9990736915332165;
A(2,2)=0.0011882361729087753;
A(3,2)=0.00257114996596054;
A(4,2)=0.0022811039019226646;
A(5,2)=0.002435727201662804;
A(6,2)=0.0023350987264095296;
A(7,2)=0.0024074608086786745;
A(8,2)=0.002352144777704415;
A(9,2)=0.0023962263519511306;
A(10,2)=0.002360019277512245;
A(11,2)=0.002390450296197349;
A(12,2)=0.002364407215442764;
A(13,2)=0.002387022461491529;
A(14,2)=0.002367146903694586;
A(15,2)=0.002384790567547739;
A(16,2)=0.0023689949060343996;
A(17,2)=0.0023832387671657066;
A(18,2)=0.0023703141636532924;
A(19,2)=0.002382104805822768;
A(20,2)=0.002371298583764494;
A(21,2)=0.00238124239241406;
A(22,2)=0.0023720605338110245;
A(23,2)=0.002380563799508574;
A(24,2)=0.002372669544656173;
A(25,2)=0.0023800131241667505;
A(26,2)=0.0023731711963581826;
A(27,2)=0.002379552670510535;
A(28,2)=0.00237359713798939;
A(29,2)=0.002379155418277404;
A(30,2)=0.0023739708892845965;
A(31,2)=0.0023788004118581816;
A(32,2)=0.0023743116674673033;
A(33,2)=0.0023784693787121444;
A(34,2)=0.0023746376557938916;
A(35,2)=0.002378143168498655;
A(36,2)=0.0023749704793604018;
A(37,2)=0.0023777951940742374;
A(38,2)=0.0023753464651420186;
A(39,2)=0.002377368308948548;
A(40,2)=0.002375878388491702;
A(2,3)=-0.0004519780028657796;
A(3,3)=0.0027586972347911484;
A(4,3)=0.005997662158514022;
A(5,3)=0.005267953102432394;
A(6,3)=0.0056793730144744994;
A(7,3)=0.0054004763211314595;
A(8,3)=0.005607233453548742;
A(9,3)=0.005445428434637825;
A(10,3)=0.005576789798001415;
A(11,3)=0.005467258332519799;
A(12,3)=0.005560466195309383;
A(13,3)=0.005479864781236535;
A(14,3)=0.005550476825092016;
A(15,3)=0.0054879489268593335;
A(16,3)=0.005543817980167515;
A(17,3)=0.005493517141892987;
A(18,3)=0.005539100296552347;
A(19,3)=0.005497560780972488;
A(20,3)=0.00553559820018486;
A(21,3)=0.005500622694293791;
A(22,3)=0.005532897612573472;
A(23,3)=0.005503024267962105;
A(24,3)=0.005530745087376244;
A(25,3)=0.005504968386259842;
A(26,3)=0.0055289758384875634;
A(27,3)=0.005506590864215708;
A(28,3)=0.0055274761928266565;
A(29,3)=0.005507988468955456;
A(30,3)=0.005526162149999585;
A(31,3)=0.005509235846183867;
A(32,3)=0.005524965432162789;
A(33,3)=0.005510397754453381;
A(34,3)=0.005523821753669079;
A(35,3)=0.005511541743815623;
A(36,3)=0.005522654991390819;
A(37,3)=0.005512761243445262;
A(38,3)=0.0055213376599259276;
A(39,3)=0.00551425661267385;
A(40,3)=0.00551947460404404;
A(2,4)=0.00034624844658060963;
A(3,4)=-0.0007510437501079276;
A(4,4)=0.0043140572734312295;
A(5,4)=0.009390014512619805;
A(6,4)=0.008224507261286085;
A(7,4)=0.008895090153944256;
A(8,4)=0.008432298334787753;
A(9,4)=0.008780642539722924;
A(10,4)=0.008504506642909786;
A(11,4)=0.008731146991223937;
A(12,4)=0.008540399346161175;
A(13,4)=0.008704028653030967;
A(14,4)=0.008561541551852488;
A(15,4)=0.008687129805023196;
A(16,4)=0.008575326544431822;
A(17,4)=0.008675691569406474;
A(18,4)=0.00858495683249949;
A(19,4)=0.008667479933084192;
A(20,4)=0.008592037960866302;
A(21,4)=0.008661311504013702;
A(22,4)=0.00859746143883602;
A(23,4)=0.00865650157315155;
A(24,4)=0.008601762395451911;
A(25,4)=0.008652625098943902;
A(26,4)=0.008605283693209663;
A(27,4)=0.00864940122813005;
A(28,4)=0.00860825908787704;
A(29,4)=0.0086466319983163;
A(30,4)=0.008610859584662574;
A(31,4)=0.008644166163000946;
A(32,4)=0.008613222892607575;
A(33,4)=0.008641873698582625;
A(34,4)=0.008615477522600048;
A(35,4)=0.008639620124345802;
A(36,4)=0.008617774461653963;
A(37,4)=0.008637220705393703;
A(38,4)=0.008620365172260685;
A(39,4)=0.00863428091726655;
A(40,4)=0.008624026879925504;
A(2,5)=-0.0002913456013616249;
A(3,5)=0.0005282648661544813;
A(4,5)=-0.0010318090590186618;
A(5,5)=0.005842346208044541;
A(6,5)=0.012722210122634817;
A(7,5)=0.01113012435864077;
A(8,5)=0.012055012581423616;
A(9,5)=0.011410637428742515;
A(10,5)=0.011899905071830962;
A(11,5)=0.011509011677010924;
A(12,5)=0.01183208157717265;
A(13,5)=0.01155848969139496;
A(14,5)=0.011794477328376258;
A(15,5)=0.011587975920148584;
A(16,5)=0.011770778423699552;
A(17,5)=0.01160741087077314;
A(18,5)=0.01175456960276753;
A(19,5)=0.011621125033900333;
A(20,5)=0.011742819651440821;
A(21,5)=0.011631304931602025;
A(22,5)=0.011733910617725435;
A(23,5)=0.011639174563109726;
A(24,5)=0.011726898177731789;
A(25,5)=0.011645475628369338;
A(26,5)=0.011721189901153417;
A(27,5)=0.011650689158265124;
A(28,5)=0.011716388615312904;
A(29,5)=0.011655149023481385;
A(30,5)=0.011712207928977132;
A(31,5)=0.011659106819192614;
A(32,5)=0.011708420273316436;
A(33,5)=0.011662776024963753;
A(34,5)=0.011704815980449288;
A(35,5)=0.011666374739807823;
A(36,5)=0.01170115150190033;
A(37,5)=0.01167019959006124;
A(38,5)=0.011697024503354707;
A(39,5)=0.01167488020806156;
A(40,5)=0.011691196626003306;
A(2,6)=0.00025535607564823864;
A(3,6)=-0.0004306048362995886;
A(4,6)=0.000686117569073715;
A(5,6)=-0.0013023678831345067;
A(6,6)=0.007333738995975845;
A(7,6)=0.01597334559692352;
A(8,6)=0.013966101092491337;
A(9,6)=0.015138407750282612;
A(10,6)=0.01431704647314402;
A(11,6)=0.01494411131329994;
A(12,6)=0.01444055912134727;
A(13,6)=0.014858704325311887;
A(14,6)=0.014503073117520335;
A(15,6)=0.014811023262231708;
A(16,6)=0.014540597812015091;
A(17,6)=0.014780751850935608;
A(18,6)=0.01456551495502571;
A(19,6)=0.014759893657238047;
A(20,6)=0.014583228616008711;
A(21,6)=0.014744660116587672;
A(22,6)=0.014596476893257685;
A(23,6)=0.014733020439050193;
A(24,6)=0.014606800329283869;
A(25,6)=0.014723782174107103;
A(26,6)=0.014615139260993077;
A(27,6)=0.014716190482216049;
A(28,6)=0.014622110502368354;
A(29,6)=0.014709731814578736;
A(30,6)=0.01462815059155712;
A(31,6)=0.014704026010486487;
A(32,6)=0.014633600454877625;
A(33,6)=0.014698755937473539;
A(34,6)=0.01463876900266841;
A(35,6)=0.014693602780845404;
A(36,6)=0.014644009714026077;
A(37,6)=0.014688138636691616;
A(38,6)=0.014649900226681329;
A(39,6)=0.01468146259796057;
A(40,6)=0.014658208541269525;
A(2,7)=-0.00022894508544127692;
A(3,7)=0.00037205911609552257;
A(4,7)=-0.0005432750202283571;
A(5,7)=0.0008333004617128599;
A(6,7)=-0.0015631755703177275;
A(7,7)=0.008778777874532833;
A(8,7)=0.019123080838435186;
A(9,7)=0.016714293522959226;
A(10,7)=0.018125712242718885;
A(11,7)=0.017133245966216095;
A(12,7)=0.0178937015799322;
A(13,7)=0.01728088253587443;
A(14,7)=0.017791453485773295;
A(15,7)=0.017355870333251453;
A(16,7)=0.0177341299623933;
A(17,7)=0.017401093947591602;
A(18,7)=0.017697553013189028;
A(19,7)=0.017431283256809822;
A(20,7)=0.017672209847992813;
A(21,7)=0.01745286929526554;
A(22,7)=0.017653588768104272;
A(23,7)=0.017469116347700712;
A(24,7)=0.017639265009294528;
A(25,7)=0.01748186763945774;
A(26,7)=0.017627807866048305;
A(27,7)=0.017492255604198783;
A(28,7)=0.01761830368234186;
A(29,7)=0.01750103204500305;
