tLegendre(2)=0.001456259090261463;
tLegendre(3)=0.007657045167423758;
tLegendre(4)=0.018748037453525167;
tLegendre(5)=0.03462150105167592;
tLegendre(6)=0.05511998502586448;
tLegendre(7)=0.08003983992686634;
tLegendre(8)=0.10913342579168753;
tLegendre(9)=0.14211160770657336;
tLegendre(10)=0.17864663853786983;
tLegendre(11)=0.21837541929642537;
tLegendre(12)=0.26090310897754876;
tLegendre(13)=0.30580704919588353;
tLegendre(14)=0.3526409650091492;
tLegendre(15)=0.4009394003322147;
tLegendre(16)=0.45022234392382926;
tLegendre(17)=0.5;
tLegendre(18)=0.5497776560761708;
tLegendre(19)=0.5990605996677854;
tLegendre(20)=0.6473590349908508;
tLegendre(21)=0.6941929508041165;
tLegendre(22)=0.7390968910224512;
tLegendre(23)=0.7816245807035747;
tLegendre(24)=0.8213533614621302;
tLegendre(25)=0.8578883922934266;
tLegendre(26)=0.8908665742083125;
tLegendre(27)=0.9199601600731336;
tLegendre(28)=0.9448800149741355;
tLegendre(29)=0.9653784989483241;
tLegendre(30)=0.9812519625464748;
tLegendre(31)=0.9923429548325763;
tLegendre(32)=0.9985437409097385;
A(2,2)=0.0018677078948121939;
A(3,2)=0.0040414160710943595;
A(4,2)=0.003585513558197191;
A(5,2)=0.00382855230474669;
A(6,2)=0.003670387425358884;
A(7,2)=0.003784117846604856;
A(8,2)=0.0036971869703923397;
A(9,2)=0.003766451345195816;
A(10,2)=0.0037095742391299153;
A(11,2)=0.003757360145586179;
A(12,2)=0.0037164861974896273;
A(13,2)=0.003751954300595764;
A(14,2)=0.0037208138177404824;
A(15,2)=0.003748420932791989;
A(16,2)=0.0037237482635884885;
A(17,2)=0.003745946891188729;
A(18,2)=0.003725862781621332;
A(19,2)=0.0037441166443879796;
A(20,2)=0.0037274661629127796;
A(21,2)=0.0037426953654787045;
A(22,2)=0.0037287410507132373;
A(23,2)=0.0037415376439533013;
A(24,2)=0.0037298062615880446;
A(25,2)=0.0037405433259879053;
A(26,2)=0.003730749624181189;
A(27,2)=0.003739631253604764;
A(28,2)=0.0037316515891715604;
A(29,2)=0.0037387138515324668;
A(30,2)=0.0037326199789026056;
A(31,2)=0.003737634575382659;
A(32,2)=0.0037339471258082124;
A(2,3)=-0.0007093591630718617;
A(3,3)=0.004329655197577646;
A(4,3)=0.00941306746291887;
A(5,3)=0.008267829228909996;
A(6,3)=0.008913516200452411;
A(7,3)=0.008475833775510585;
A(8,3)=0.00880027562833815;
A(9,3)=0.008546411163637009;
A(10,3)=0.00875246144120369;
A(11,3)=0.008580714589449704;
A(12,3)=0.008726790654216382;
A(13,3)=0.008600561975681797;
A(14,3)=0.008711038687803515;
A(15,3)=0.008613337454324405;
A(16,3)=0.008700484463308606;
A(17,3)=0.008622198068385652;
A(18,3)=0.008692937771048308;
A(19,3)=0.00862871128611397;
A(20,3)=0.008687245856715793;
A(21,3)=0.008633746167976622;
A(22,3)=0.008682737773314958;
A(23,3)=0.008637833428702212;
A(24,3)=0.00867898240059166;
A(25,3)=0.008641334495621747;
A(26,3)=0.008675664439316447;
A(27,3)=0.008644539245538412;
A(28,3)=0.008672497942790833;
A(29,3)=0.008647757541655804;
A(30,3)=0.008669102879090345;
A(31,3)=0.008651539525227143;
A(32,3)=0.008664453906791823;
A(2,4)=0.0005419359547248017;
A(3,4)=-0.0011755115693410383;
A(4,4)=0.006752254796244856;
A(5,4)=0.014697009230904659;
A(6,4)=0.012872812331343549;
A(7,4)=0.013922337638341324;
A(8,4)=0.013198081002783753;
A(9,4)=0.0137431553819817;
A(10,4)=0.013311165456183051;
A(11,4)=0.013665604394043778;
A(12,4)=0.013367443724181144;
A(13,4)=0.013623038971687915;
A(14,4)=0.013400678879248505;
A(15,4)=0.013596418645655497;
A(16,4)=0.013422456188113396;
A(17,4)=0.013578279023673175;
A(18,4)=0.013437807068784804;
A(19,4)=0.01356510078600487;
A(20,4)=0.013449271927796254;
A(21,4)=0.0135549982097769;
A(22,4)=0.013458287478781701;
A(23,4)=0.013546847951181214;
A(24,4)=0.013465756774965164;
A(25,4)=0.013539900266439102;
A(26,4)=0.013472327805421128;
A(27,4)=0.01353356480294645;
A(28,4)=0.013478577812692915;
A(29,4)=0.013527221140307941;
A(30,4)=0.013485262384693155;
A(31,4)=0.013519781327443251;
A(32,4)=0.013494402002106876;
A(2,5)=-0.0004541897370040754;
A(3,5)=0.0008235383898565582;
A(4,5)=-0.0016085542821679141;
A(5,5)=0.009108068478096367;
A(6,5)=0.01983358368431493;
A(7,5)=0.01735162144540226;
A(8,5)=0.018793380376489626;
A(9,5)=0.017789013324843634;
A(10,5)=0.018551470184898246;
A(11,5)=0.01794250312356101;
A(12,5)=0.018445579562363888;
A(13,5)=0.018019826152537752;
A(14,5)=0.01838673038198501;
A(15,5)=0.018066061879963357;
A(16,5)=0.018349468371422758;
A(17,5)=0.018096732492703826;
A(18,5)=0.01832376231497853;
A(19,5)=0.0181186250965096;
A(20,5)=0.018304843088826822;
A(21,5)=0.018135201603702855;
A(22,5)=0.01829012269200366;
A(23,5)=0.018148452262676924;
A(24,5)=0.018278024866652885;
A(25,5)=0.0181596676954646;
A(26,5)=0.018267448906382017;
A(27,5)=0.018169837721145887;
A(28,5)=0.018257439197618158;
A(29,5)=0.01817997725798417;
A(30,5)=0.01824677240153864;
A(31,5)=0.018191833824421497;
A(32,5)=0.018232220292236458;
A(2,6)=0.00039599090857360864;
A(3,6)=-0.0006677647543604686;
A(4,6)=0.001064024215299893;
A(5,6)=-0.0020197380094083084;
A(6,6)=0.011373426881800276;
A(7,6)=0.02477200750262273;
A(8,6)=0.021659212085869725;
A(9,6)=0.02347704870054328;
A(10,6)=0.02220360968234333;
A(11,6)=0.023175552076564705;
A(12,6)=0.02239537281898317;
A(13,6)=0.023042838556497327;
A(14,6)=0.022492635434847825;
A(15,6)=0.022968519548023713;
A(16,6)=0.022551272251394326;
A(17,6)=0.022921052196910142;
A(18,6)=0.022590527817456744;
A(19,6)=0.022887984321909395;
A(20,6)=0.022618844749323876;
A(21,6)=0.022863364949067634;
A(22,6)=0.02264056270257169;
A(23,6)=0.0228439279444939;
A(24,6)=0.022658218917058173;
A(25,6)=0.02282763275050375;
A(26,6)=0.022673524016974107;
A(27,6)=0.02281296683561901;
A(28,6)=0.02268791421863839;
A(29,6)=0.02279842869675309;
A(30,6)=0.022703174546756154;
A(31,6)=0.022781495692793204;
A(32,6)=0.02272393162532744;
A(2,7)=-0.0003526958645937279;
A(3,7)=0.0005731778988564985;
A(4,7)=-0.0008369717185703479;
A(5,7)=0.001283832956745944;
A(6,7)=-0.002408400317778769;
A(7,7)=0.013525770606229214;
A(8,7)=0.02946354384766897;
A(9,7)=0.02575243079322874;
A(10,7)=0.0279266877992551;
A(11,7)=0.026398148202328667;
A(12,7)=0.02756894460781402;
A(13,7)=0.026625953949288815;
A(14,7)=0.027411001440592244;
A(15,7)=0.02674197509487654;
A(16,7)=0.027322105733699028;
A(17,7)=0.026812332474649377;
A(18,7)=0.027264949448991344;
A(19,7)=0.02685978844533615;
A(20,7)=0.027224794045093613;
A(21,7)=0.026894351676010946;
A(22,7)=0.02719456435476506;
A(23,7)=0.026921206574903295;
A(24,7)=0.027170327597849653;
A(25,7)=0.026943447455722212;
A(26,7)=0.027149543627495772;
A(27,7)=0.02696327438783922;
A(28,7)=0.027130165733940663;
A(29,7)=0.026982785379759816;
A(30,7)=0.027109743120326615;
A(31,7)=0.027005396387480222;
A(32,7)=0.027082069218982232;
A(2,8)=0.0003181531601963563;
A(3,8)=-0.0005060728213746367;
A(4,8)=0.0007053988902995931;
A(5,8)=-0.0009851151903674125;
A(6,8)=0.0014864448919086222;
A(7,8)=-0.0027718522181610084;
A(8,8)=0.015543696640257107;
A(9,8)=0.033861779115914654;
A(10,8)=0.02959037425781832;
A(11,8)=0.03209814000127121;
A(12,8)=0.030330942806887935;
A(13,8)=0.03168783666773621;
A(14,8)=0.030592379278101316;
A(15,8)=0.03150636780235019;
A(16,8)=0.03072589990047911;
A(17,8)=0.03140384960377007;
A(18,8)=0.03080724667643288;
A(19,8)=0.031337563255560794;
A(20,8)=0.03086248404352749;
A(21,8)=0.03129062004438811;
A(22,8)=0.030903101078520023;
A(23,8)=0.031254870439819664;
A(24,8)=0.030935106020142468;
A(25,8)=0.031225708616344626;
A(26,8)=0.030962187393425364;
A(27,8)=0.031200016794079608;
A(28,8)=0.03098717587479173;
A(29,8)=0.03117496150528989;
A(30,8)=0.031013310777612577;
A(31,8)=0.03114610518473804;
A(32,8)=0.031048559873896514;
A(2,9)=-0.0002892531763618841;
A(3,9)=0.0004539052869257771;
A(4,9)=-0.0006152229410338645;
A(5,9)=0.0008163095553333295;
A(6,9)=-0.001117570796237983;
A(7,9)=0.0016719050727443325;
A(8,9)=-0.0031069918491430327;
A(9,9)=0.01740714580885259;
A(10,9)=0.03792313086293636;
A(11,9)=0.03313475330236253;
A(12,9)=0.03595002903970114;
A(13,9)=0.033962870033154645;
A(14,9)=0.0354912550332639;
A(15,9)=0.034255302821783684;
A(16,9)=0.035288099585398566;
A(17,9)=0.03440497553904154;
A(18,9)=0.03517297369321715;
