tLegendre(2)=0.01304673574141414;
tLegendre(3)=0.06746831665550775;
tLegendre(4)=0.1602952158504878;
tLegendre(5)=0.2833023029353764;
tLegendre(6)=0.4255628305091844;
tLegendre(7)=0.5744371694908156;
tLegendre(8)=0.7166976970646236;
tLegendre(9)=0.8397047841495122;
tLegendre(10)=0.9325316833444922;
tLegendre(11)=0.9869532642585859;
A(2,2)=0.016667836077172034;
A(3,2)=0.03606615257819433;
A(4,2)=0.03199911797751461;
A(5,2)=0.03416399217910871;
A(6,2)=0.032760931291284434;
A(7,2)=0.0337603981887024;
A(8,2)=0.03301111004881389;
A(9,2)=0.03358551090831409;
A(10,2)=0.03314953661534362;
A(11,2)=0.033454766112806095;
A(2,3)=-0.00612068029233503;
A(3,3)=0.03736283728764515;
A(4,3)=0.08122757011186077;
A(5,3)=0.07135536907463556;
A(6,3)=0.07690229970364844;
A(7,3)=0.07317387540643885;
A(8,3)=0.07588797252662273;
A(9,3)=0.07384142848335909;
A(10,3)=0.07538000269043277;
A(11,3)=0.07430843073962246;
A(2,4)=0.004392003730288523;
A(3,4)=-0.00953137359188966;
A(4,4)=0.05477159062899551;
A(5,4)=0.11920729054875814;
A(6,4)=0.1044440795630942;
A(7,4)=0.1128812820556663;
A(8,4)=0.10715036701622066;
A(9,4)=0.11131931500456513;
A(10,4)=0.10824693160249282;
A(11,4)=0.11036416761112931;
A(2,5)=-0.0033453505088254947;
A(3,5)=0.0060722844617439225;
A(4,5)=-0.011877612891529426;
A(5,5)=0.06731667982749909;
A(6,5)=0.14656624555041595;
A(7,5)=0.12830190460017749;
A(8,5)=0.13878181318222987;
A(9,5)=0.13169248632358424;
A(10,5)=0.1367274736124485;
A(11,5)=0.1333225450272951;
A(2,6)=0.0025475689702787636;
A(3,6)=-0.004304045812959392;
A(4,6)=0.006878146397707145;
A(5,6)=-0.0130965195471969;
A(6,6)=0.07388105617868822;
A(7,6)=0.16087432152696182;
A(8,6)=0.14081324637354103;
A(9,6)=0.15226485565423828;
A(10,6)=0.1446935937465089;
A(11,6)=0.1496447327443117;
A(2,7)=-0.0018826203869352566;
A(3,7)=0.0030685186108675355;
A(4,7)=-0.004502743296861853;
A(5,7)=0.00694886598383539;
A(6,7)=-0.013112209169585375;
A(7,7)=0.07388105617868822;
A(8,7)=0.16085863190457333;
A(9,7)=0.1408839659596693;
A(10,7)=0.15206615817033584;
A(11,7)=0.14521454338709766;
A(2,8)=0.001310814627703084;
A(3,8)=-0.002094113957450323;
A(4,8)=0.0029408733314139493;
A(5,8)=-0.004148453527231695;
A(6,8)=0.006331455054820684;
A(7,8)=-0.011932885895417777;
A(8,8)=0.06731667982749909;
A(9,8)=0.1465109725465276;
A(10,8)=0.12856107519325424;
A(11,8)=0.13797871016382368;
A(2,9)=-0.0008209863531382911;
A(3,9)=0.0012962496554981995;
A(4,9)=-0.0017761337465741008;
A(5,9)=0.0023928142417703564;
A(6,9)=-0.0033381007976752758;
A(7,9)=0.0050991016948968146;
A(8,9)=-0.00966410929076712;
A(9,9)=0.05477159062899551;
A(10,9)=0.11907455484988068;
A(11,9)=0.1051511775277025;
A(2,10)=0.00041724383566783574;
A(3,10)=-0.0006543281151424686;
A(4,10)=0.0008842460919312091;
A(5,10)=-0.0011622979513324265;
A(6,10)=0.0015517991688514363;
A(7,10)=-0.0021766251283581394;
A(8,10)=0.0033703055006547387;
A(9,10)=-0.006501895536570476;
A(10,10)=0.03736283728764515;
A(11,10)=0.08084635486762533;
A(2,11)=-0.00011909395846202752;
A(3,11)=0.00018613553900045137;
A(4,11)=-0.00024983875397002086;
A(5,11)=0.0003245621055301829;
A(6,11)=-0.0004247260343583273;
A(7,11)=0.0005747408630596315;
A(8,11)=-0.0008283200247646402;
A(9,11)=0.0013365541768294586;
A(10,11)=-0.0027304804238502617;
A(11,11)=0.016667836077172034;
