nodegauss(2)=0.00240639000148932;
nodegauss(3)=0.012635722014345251;
nodegauss(4)=0.030862723998633622;
nodegauss(5)=0.056792236497799485;
nodegauss(6)=0.08999900701304854;
nodegauss(7)=0.12993790421072282;
nodegauss(8)=0.17595317403151223;
nodegauss(9)=0.22728926430558022;
nodegauss(10)=0.2831032461869774;
nodegauss(11)=0.3424786601519183;
nodegauss(12)=0.40444056626319186;
nodegauss(13)=0.4679715535686972;
nodegauss(14)=0.5320284464313028;
nodegauss(15)=0.5955594337368082;
nodegauss(16)=0.6575213398480817;
nodegauss(17)=0.7168967538130225;
nodegauss(18)=0.7727107356944197;
nodegauss(19)=0.8240468259684878;
nodegauss(20)=0.8700620957892772;
nodegauss(21)=0.9100009929869515;
nodegauss(22)=0.9432077635022005;
nodegauss(23)=0.9691372760013663;
nodegauss(24)=0.9873642779856547;
nodegauss(25)=0.9975936099985107;
tc=nodegauss;
A(2,2)=0.00308530744999679988670141676751;
A(3,2)=0.00667610213038850673660660346081;
A(4,2)=0.00592299276998448531913133403454;
A(5,2)=0.00632445859428104277662977858649;
A(6,2)=0.00606321273386004877376811808059;
A(7,2)=0.00625103447393298023833176233789;
A(8,2)=0.00610751352122684404556983008732;
A(9,2)=0.00622181115722030628154316332619;
A(10,2)=0.00612802724363144132110864479578;
A(11,2)=0.00620672899116898584420236947425;
A(12,2)=0.00613952519824297893129354720001;
A(13,2)=0.00619770030449501063359889941229;
A(14,2)=0.00614679517535423139342442272096;
A(15,2)=0.00619171524582559468481584320884;
A(16,2)=0.00615182398871538921491607370956;
A(17,2)=0.00618740604778439867310391322891;
A(18,2)=0.00615559058333781993628335529675;
A(19,2)=0.00618404364836617536768212242235;
A(20,2)=0.00615866339591893798705376868875;
A(21,2)=0.00618115756974311926175084033518;
A(22,2)=0.00616146643005688238840246284382;
A(23,2)=0.00617831424714960214386247063948;
A(24,2)=0.0061645347486283598334283155628;
A(25,2)=0.00617462853730549666091579834378;
B(2)=0.00617061489999359977340283353502;
A(2,3)=-0.00116862361783226645748326438279;
A(3,3)=0.00713284715723341579532695398797;
A(4,3)=0.0155074534451852290045168534263;
A(5,3)=0.0136207825964415892165766255398;
A(6,3)=0.0146844224289568339005209141029;
A(7,3)=0.0139635321017690918345433270649;
A(8,3)=0.0144977623209356919897915158452;
A(9,3)=0.0140799407197511317953434625972;
A(10,3)=0.0144188153208936766941203257945;
A(11,3)=0.0141366759284674302921477635926;
A(12,3)=0.014376247008317141620890989386;
A(13,3)=0.0141697158263514279447077008148;
A(14,3)=0.0143498757899876218728528664962;
A(15,3)=0.0141912781300297167098854173456;
A(16,3)=0.014331857215105203795341641839;
A(17,3)=0.0142066495505633386585040220148;
A(18,3)=0.014318471170334786240654137786;
A(19,3)=0.0142185615799473187463117980744;
A(20,3)=0.0143076143701012660056427127108;
A(21,3)=0.0142287350139369928794406886433;
A(22,3)=0.0142977531838072187621903769843;
A(23,3)=0.014238721484208846500487899993;
A(24,3)=0.0142869904919571855309452461896;
A(25,3)=0.014251637760595305574534608929;
B(3)=0.0142656943144668315906539079759;
A(2,4)=0.000888410141372548645958205185492;
A(3,4)=-0.00192706757639546224920004389437;
A(4,4)=0.0110693597043549515421506870528;
A(5,4)=0.0240936179874564163859167891431;
A(6,4)=0.0211032330437013838665798166879;
A(7,4)=0.0228235152490673101482324395766;
A(8,4)=0.0216366597419972524912829636807;
A(9,4)=0.0225295108068916685646438558423;
A(10,4)=0.0218223831824718784754374491364;
A(11,4)=0.0224019489047029509606064015517;
A(12,4)=0.0219151785376033970198893291493;
A(13,4)=0.0223315063955438066948993218012;
A(14,4)=0.0219704782082913034426240646518;
A(15,4)=0.0222868659121953182284059837033;
A(16,4)=0.0220074052375203171148992097637;
A(17,4)=0.0222556228307534999871341506636;
A(18,4)=0.0220344272322921980887017495387;
A(19,4)=0.0222317150692468008287844550401;
A(20,4)=0.0220561096595027933407126455188;
A(21,4)=0.0222114834784818003146612173029;
A(22,4)=0.0220756494273269295893728381631;
A(23,4)=0.0221917550211515326411227498284;
A(24,4)=0.0220968606735108227994180480588;
A(25,4)=0.0221663428610042865612602112247;
B(4)=0.0221387194087099030843013741057;
A(2,5)=-0.000739206182630024236549924701625;
A(3,5)=0.00134036070839883729935062485718;
A(4,5)=-0.00261809902444628341511602207989;
A(5,5)=0.014824646228859195186591939625;
A(6,5)=0.032281829893798214418632188259;
A(7,5)=0.0282423778944411403855950464058;
A(8,5)=0.0305884612228654172150485970285;
A(9,5)=0.0289546909144786446303476840796;
A(10,5)=0.0301942004974557938794704046109;
A(11,5)=0.0292051777567031511737883297711;
A(12,5)=0.0300210193491323126459094362799;
A(13,5)=0.0293320618510751625868455965613;
A(14,5)=0.0299239632377571254940570062551;
A(15,5)=0.0294088793145755730623909840546;
A(16,5)=0.0298613951654880369135492851562;
A(17,5)=0.0294611604254450805141392292047;
A(18,5)=0.0298166402173229765561030618741;
A(19,5)=0.0295004166298427115705275332814;
A(20,5)=0.0297812992040885438738633838869;
A(21,5)=0.0295331854233249319350695846335;
A(22,5)=0.0297498206664485559897174024924;
A(23,5)=0.0295648259495701846445798228249;
A(24,5)=0.0297159224283306862044401810756;
A(25,5)=0.0296053348189594622245462306575;
B(5)=0.0296492924577183903731838792501;
A(2,6)=0.000638313288828997240396030569845;
A(3,6)=-0.00107643670152781850500603342472;
A(4,6)=0.00171530430510457173590589013224;
A(5,6)=-0.00325618829512973349439901813158;
A(6,6)=0.0183366203527700764335084038133;
A(7,6)=0.039938101973224110917963916301;
A(8,6)=0.0349200949862940183977375484967;
A(9,6)=0.0378497929579327591453826167487;
A(10,6)=0.0357984948057296301562702206826;
A(11,6)=0.0373628057601855242549786196046;
A(12,6)=0.0361088029212340146769682760021;
A(13,6)=0.0371474173271812822317164340064;
A(14,6)=0.0362673748704558013857707602506;
A(15,6)=0.0370254254806673452043521401457;
A(16,6)=0.0363645858539685325380789379997;
A(17,6)=0.0369455994407030117882722850622;
A(18,6)=0.0364319557175400523080001409003;
A(19,6)=0.0368872037208519061535825400701;
A(20,6)=0.036484001424822786788202266036;
A(21,6)=0.0368393587870938930308961478603;
A(22,6)=0.0365296277938327347019435336555;
A(23,6)=0.0367937758727372968748077586355;
A(24,6)=0.0365782283426813297313784104987;
A(25,6)=0.0367358979725498873309634933893;
B(6)=0.0366732407055401528670168076266;
A(2,7)=-0.000561643870222176043871221251977;
A(3,7)=0.000912798541283055787629860664393;
A(4,7)=-0.00133301892957714780067694575376;
A(5,7)=0.00204494244919082962317637803969;
A(6,7)=-0.00383657013434577269618525301192;
A(7,7)=0.0215475403829883189792963007459;
A(8,7)=0.046937300495618076394544570256;
A(9,7)=0.0410261595101642562458537872088;
A(10,7)=0.0444880962063825609572067441817;
A(11,7)=0.0420559772614303264751980681698;
A(12,7)=0.0439167324518336599521861552241;
A(13,7)=0.0424207103162018377365241451624;
A(14,7)=0.0436628521081321259283702893729;
A(15,7)=0.0426083437685976132351106654614;
A(16,7)=0.0435177718393971361566465994592;
A(17,7)=0.0427247099749383775228603950942;
A(18,7)=0.0434214046468521841545826495656;
A(19,7)=0.0428069455063062012743307099456;
A(20,7)=0.0433490686495797809424424992488;
A(21,7)=0.0428727038521911536429694565326;
A(22,7)=0.0432869518335438716817610166734;
A(23,7)=0.0429342731895123529230826039015;
A(24,7)=0.0432217166060176071370351313404;
A(25,7)=0.0430116124177293696382739592448;
B(7)=0.0430950807659766379585926014919;
A(2,8)=0.000499129474205904143070619133775;
A(3,8)=-0.000794008531537275378946111550891;
A(4,8)=0.00110689301931907914322439195683;
A(5,8)=-0.00154608055289480183667030756752;
A(6,8)=0.00233330513969346573614358403236;
A(7,8)=-0.00435168358463256334442289541643;
A(8,8)=0.0244046630260284720674701661161;
A(9,8)=0.0531648585946271501957892312927;
A(10,8)=0.0464599389345871942416332036623;
A(11,8)=0.0503944635756031529120536332072;
A(12,8)=0.0476244290944031071291932008151;
A(13,8)=0.0497480528917290484807266677575;
A(14,8)=0.0480376611031756246435802145736;
A(15,8)=0.0494597044581462621090998642319;
A(16,8)=0.0482515516567613416278645324335;
A(17,8)=0.0492934648461439818036258958307;
A(18,8)=0.0483858442341312081035561300598;
