nodegauss(2)=0.0011467154501998513;
nodegauss(3)=0.006032117778074251;
nodegauss(4)=0.014781191980385083;
nodegauss(5)=0.027327425896086336;
nodegauss(6)=0.04357286932034119;
nodegauss(7)=0.06339043748738883;
nodegauss(8)=0.0866250504538873;
nodegauss(9)=0.11309487385654372;
nodegauss(10)=0.1425927492216856;
nodegauss(11)=0.1748878176670548;
nodegauss(12)=0.20972732762511775;
nodegauss(13)=0.2468386133792557;
nodegauss(14)=0.2859312292410929;
nodegauss(15)=0.326699222784593;
nodegauss(16)=0.36882352939535196;
nodegauss(17)=0.4119744694170052;
nodegauss(18)=0.4558143283621704;
nodegauss(19)=0.5;
nodegauss(20)=0.5441856716378296;
nodegauss(21)=0.5880255305829948;
nodegauss(22)=0.631176470604648;
nodegauss(23)=0.6733007772154069;
nodegauss(24)=0.7140687707589072;
nodegauss(25)=0.7531613866207443;
nodegauss(26)=0.7902726723748823;
nodegauss(27)=0.8251121823329451;
nodegauss(28)=0.8574072507783144;
nodegauss(29)=0.8869051261434563;
nodegauss(30)=0.9133749495461128;
nodegauss(31)=0.9366095625126112;
nodegauss(32)=0.9564271306796588;
nodegauss(33)=0.9726725741039136;
nodegauss(34)=0.9852188080196149;
nodegauss(35)=0.9939678822219258;
nodegauss(36)=0.9988532845498002;
tc=nodegauss;
A(2,2)=0.00147085835511077124393847406003;
A(3,2)=0.00318269835863888649617782865671;
A(4,2)=0.00282366513872067284659607448876;
A(5,2)=0.00301506472509002858792215699199;
A(6,2)=0.00289050351098809233457358132944;
A(7,2)=0.00298007391056581358722133984218;
A(8,2)=0.00291160566691145981696475497087;
A(9,2)=0.0029661651344474081634848686244;
A(10,2)=0.00292135588806548919914570996191;
A(11,2)=0.00295901183327741789493335971717;
A(12,2)=0.00292679162588592519389093893713;
A(13,2)=0.00295476375157466774246749422963;
A(14,2)=0.00293018879483464719472306746752;
A(15,2)=0.00295199412985428839285251432975;
A(16,2)=0.00293248437699940434428707536501;
A(17,2)=0.00295006388399745245693193139985;
A(18,2)=0.00293412827032531456339544208428;
A(19,2)=0.00294864764337235573728105888741;
A(20,2)=0.00293536137339788330979275204519;
A(21,2)=0.00294756328886200041878581738699;
A(22,2)=0.00293632401426389006813325197057;
A(23,2)=0.00294670074053324766465431812067;
A(24,2)=0.00293710406866983186637115498225;
A(25,2)=0.00294598857983569293866287550331;
A(26,2)=0.00293776071543348245298954836467;
A(27,2)=0.00294537667086936325783508461555;
A(28,2)=0.00293833757978895127413065340439;
A(29,2)=0.00294482575834926007212299874176;
A(30,2)=0.00293887154232631073529352895524;
A(31,2)=0.00294429920298138362725499865956;
A(32,2)=0.00293940170544529421372984752786;
A(33,2)=0.00294375131842515576882965446728;
A(34,2)=0.00293998791348961003700806258158;
A(35,2)=0.002943090902027412725873293996;
A(36,2)=0.00294080629621649307522762181263;
B(2)=0.00294171671022154248787694812006;
A(2,3)=-0.00055912914833369869264145290398;
A(3,3)=0.00341270708709037306660100073013;
A(4,3)=0.00741953926648082954465902163048;
A(5,3)=0.00651683900865048196895931664127;
A(6,3)=0.00702578975229714419600489249858;
A(7,3)=0.00668078405792552332611912877367;
A(8,3)=0.00693654207838788499612534263489;
A(9,3)=0.00673640066692795546292958125281;
A(10,3)=0.00689887148662740317759659843376;
A(11,3)=0.00676341765748781716137689487743;
A(12,3)=0.00687866366636540627463572187452;
A(13,3)=0.00677902991557368305641544738728;
A(14,3)=0.00686628574293975150808889041811;
A(15,3)=0.00678905452628954009988806894667;
A(16,3)=0.00685802027367402413789698591252;
A(17,3)=0.00679597541361580391673372874162;
A(18,3)=0.00685214630828638894635066216405;
A(19,3)=0.00680102153888064592892862187447;
A(20,3)=0.00684776321389354428188478725992;
A(21,3)=0.00680486806032865226679036443402;
A(22,3)=0.00684435442685516216000632763454;
A(23,3)=0.00680791775904980143012633525839;
A(24,3)=0.006841600089923503336042375138;
A(25,3)=0.00681042938720138460056104006298;
A(26,3)=0.00683928669471018244048413449023;
A(27,3)=0.00681258312422068830709177478596;
A(28,3)=0.00683725803910099256526360498413;
A(29,3)=0.00681451902273898890991195039286;
A(30,3)=0.00683538300209994092212721028779;
A(31,3)=0.00681636690642665832289915416492;
A(32,3)=0.00683352346897544419481440416118;
A(33,3)=0.00681828769887076245195202623985;
A(34,3)=0.00683146911684681390116731683436;
A(35,3)=0.00682060141175263206986748731964;
A(36,3)=0.00682860259412520889834477710879;
B(3)=0.00682541417418074613320200146026;
A(2,4)=0.000427847331268437850172532864829;
A(3,4)=-0.000928040195417416404654221120508;
A(4,4)=0.00533074497787089522085949599155;
A(5,4)=0.0116029437523883281128727413471;
A(6,4)=0.0101627704638403577290192034921;
A(7,4)=0.0109913732358207368972692243881;
A(8,4)=0.0104195424772013473654972290125;
A(9,4)=0.0108499393284179332489245523039;
A(10,4)=0.0105087865098695987950697078133;
A(11,4)=0.0107887563497288332404905066936;
A(12,4)=0.0105531658077176307726089278506;
A(13,4)=0.0107552137228795414158954956302;
A(14,4)=0.0105793301457029532252756864987;
A(15,4)=0.0107342857409319343621836931925;
A(16,4)=0.0105964183842842485336836635156;
A(17,4)=0.0107200882930383429803784502581;
A(18,4)=0.0106083920879351615277846751347;
A(19,4)=0.0107098558125012525257403316616;
A(20,4)=0.0106172411515509706466651076714;
A(21,4)=0.0107021189289427646374598773173;
A(22,4)=0.0106240756615685467932112866139;
A(23,4)=0.0106960213534627421536765140868;
A(24,4)=0.0106295692825577776545390550388;
A(25,4)=0.0106910226142718593096382680452;
A(26,4)=0.0106341646496381042205177281368;
A(27,4)=0.010686751762490751703738799395;
A(28,4)=0.0106381812284700134904249981972;
A(29,4)=0.0106829241913512716061862729831;
A(30,4)=0.0106418838101934955671480071258;
A(31,4)=0.0106792793181671808769093332064;
A(32,4)=0.0106455480445178926433496442455;
A(33,4)=0.0106754975806039935814801970816;
A(34,4)=0.0106495898971766730522120680459;
A(35,4)=0.0106709479474137203612473842779;
A(36,4)=0.0106552243799543690328367445128;
B(4)=0.0106614899557417904417189919831;
A(2,5)=-0.00035941071275951984219080747023;
A(3,5)=0.000651681603723694267649022876852;
A(4,5)=-0.00127287163879997594099164724037;
A(5,5)=0.00720731502722356351217900992862;
A(6,5)=0.0156945420310743668133173117572;
A(7,5)=0.0137305081465392818750737590822;
A(8,5)=0.0148714478328923059929299231291;
A(9,5)=0.0140765808954932045200805383892;
A(10,5)=0.0146800733925667136279625932793;
A(11,5)=0.0141979742416047670082311933504;
A(12,5)=0.0145963606708120584739026134287;
A(13,5)=0.0142590641350228038982416633024;
A(14,5)=0.014549908783936822638015278612;
A(15,5)=0.0142955124910842281162777000201;
A(16,5)=0.0145205872732144339778614869158;
A(17,5)=0.0143195881379293543896343216922;
A(18,5)=0.0145004752023298475301042208323;
A(19,5)=0.0143366413505342594924521041425;
A(20,5)=0.0144858236842001310521274177952;
A(21,5)=0.0143493807524980951821120750543;
A(22,5)=0.0144746232954067682614322985525;
A(23,5)=0.0143593325425492263433030109701;
A(24,5)=0.0144656893400276171852173021143;
A(25,5)=0.0143674359737163984415492526484;
A(26,5)=0.0144582608012721853530725210224;
A(27,5)=0.0143743224998105925728522977127;
A(28,5)=0.0144517989812914858502453777918;
A(29,5)=0.0143804676531977140894878748373;
A(30,5)=0.0144458654234797733236788076901;
A(31,5)=0.0143862991525345469577909800244;
A(32,5)=0.0144400114066257555520296424593;
A(33,5)=0.0143923333968576963686540729001;
A(34,5)=0.0144335687516806588295372656407;
A(35,5)=0.0143995796117100170362884149515;
A(36,5)=0.0144245997855428925171188175577;
B(5)=0.0144146300544471270243580198572;
A(2,6)=0.00031432573905446626233680566247;
A(3,6)=-0.000530047346383934141725128759222;
A(4,6)=0.000844573259023219217269881648364;
A(5,6)=-0.00160315490569198465222123905152;
A(6,6)=0.00902752896586584513317924241189;
A(7,6)=0.0196625175145682903914945011311;
A(8,6)=0.0171917144584364733848717843433;
A(9,6)=0.0186347132560896873993504673585;
A(10,6)=0.0176237528826933518306892540243;
A(11,6)=0.0183954932955928736671069744792;
A(12,6)=0.0177758520170389767588727542991;
A(13,6)=0.0182902882128029383811363807028;
A(14,6)=0.0178528907611819387632788519002;
