tc(2)=0.0037965780782077984;
tc(3)=0.019895923932584984;
tc(4)=0.04842204819259105;
tc(5)=0.08864267173142859;
tc(6)=0.1395169113323853;
tc(7)=0.19972734766915948;
tc(8)=0.2677146293120195;
tc(9)=0.34171795001818506;
tc(10)=0.4198206771798873;
tc(11)=0.5;
tc(12)=0.5801793228201126;
tc(13)=0.6582820499818149;
tc(14)=0.7322853706879805;
tc(15)=0.8002726523308406;
tc(16)=0.8604830886676147;
tc(17)=0.9113573282685714;
tc(18)=0.951577951807409;
tc(19)=0.980104076067415;
tc(20)=0.9962034219217922;
A(2,2)=0.00486544705743161925907801036611;
A(3,2)=0.0105280290180685607760488230644;
A(4,2)=0.00934041799598805933681957035611;
A(5,2)=0.00997346182060636967153667466302;
A(6,2)=0.00956159815598169911751463702536;
A(7,2)=0.00985758934198054154852584611353;
A(8,2)=0.00963157776260110689119305776217;
A(9,2)=0.00981134493294041621580676694448;
A(10,2)=0.0096641387383250737933187332161;
A(11,2)=0.00978728531690562912606580113873;
A(12,2)=0.00968262700761783865980107770917;
A(13,2)=0.0097725874403981664470324916686;
A(14,2)=0.00969468652607880054917044302638;
A(15,2)=0.009762374060925492464602155798;
A(16,2)=0.00970363919139580391938345482373;
A(17,2)=0.00975420329607120792949851676262;
A(18,2)=0.00971148758560030847858315352168;
A(19,2)=0.00974610784000596635242035658396;
A(20,2)=0.0097208913528577741106837708793;
B(2)=0.00973089411486323851815602073222;
A(2,3)=-0.00183554480674766732467075424996;
A(3,3)=0.0112035566914249000832095393505;
A(4,3)=0.0243575044936360977496532828204;
A(5,3)=0.021394263834721577606644451783;
A(6,3)=0.0230645793616646715973763234823;
A(7,3)=0.0219329076019869911646648463158;
A(8,3)=0.0227709870919244294550775121762;
A(9,3)=0.0221163006725181388587007069415;
A(10,3)=0.0226462561517603135122630903921;
A(11,3)=0.0222063665897289042832765980677;
A(12,3)=0.0225781605559731679955526376281;
A(13,3)=0.022259856840632771464523997552;
A(14,3)=0.0225346737771077543360349117594;
A(15,3)=0.0222964188768325976244818107412;
A(16,3)=0.0225028143726969065412280952986;
A(17,3)=0.0223253538695120128504643932771;
A(18,3)=0.0224751323940316535978971171832;
A(19,3)=0.0223538165733817982132807611061;
A(20,3)=0.0224421456892570728357736864265;
B(3)=0.022407113382849800166419078701;
A(2,4)=0.00138529125687051492446652850532;
A(3,4)=-0.00300493553325950850829996556959;
A(4,4)=0.0172611356844103066451770645015;
A(5,4)=0.0375705354912105625733760509051;
A(6,4)=0.0329079184706743258645047787031;
A(7,4)=0.0355894523148721523797366639937;
A(8,4)=0.0337404871259246129161452840929;
A(9,4)=0.0351299480667973705757212375377;
A(10,4)=0.0340314896158888346260871161779;
A(11,4)=0.0349292069410832706553473995611;
A(12,4)=0.0341785648979369878403441007703;
A(13,4)=0.0348162850650703244047760540783;
A(14,4)=0.0342687918437789894965123554977;
A(15,4)=0.0347414525242656863787934195656;
A(16,4)=0.0343332843946940503111194725195;
A(17,4)=0.0346834083958339522235609786976;
A(18,4)=0.0343884037523734947731032506144;
A(19,4)=0.0346270671415798146744911081319;
A(20,4)=0.0344534228681963471791475106452;
B(4)=0.034522271368820613290354129003;
A(2,5)=-0.00114031271851214978782844100484;
A(3,5)=0.00206777252998293875675303120657;
A(4,5)=-0.00403921496776535280943977744854;
A(5,5)=0.022872505405612499866115523531;
A(6,5)=0.0498063669191027458061129059833;
A(7,5)=0.0435751023809551958635775187009;
A(8,5)=0.0471925794555634579818474182008;
A(9,5)=0.044675689241063594562787722228;
A(10,5)=0.0465821621368454687102127354816;
A(11,5)=0.0450649608342229215405904120644;
A(12,5)=0.0463113047074682374104660401702;
A(13,5)=0.0452654909363310721683977266967;
A(14,5)=0.0461553515277894853683301775726;
A(15,5)=0.0453921518468071291849037534807;
A(16,5)=0.0460480103193758267259727581364;
A(17,5)=0.0454874428315672847203802019413;
A(18,5)=0.0459585313807165913178104131621;
A(19,5)=0.0455780955215286390262890341556;
A(20,5)=0.045854587457910600748590099486;
B(5)=0.0457450108112249997322310470619;
A(2,6)=0.000970505999458107992475645201789;
A(3,6)=-0.0016367854387261715949224362755;
A(4,6)=0.00260857600665386443948507748515;
A(5,6)=-0.00495258247067580742925078250579;
A(6,6)=0.0278916613868334986790059754204;
A(7,6)=0.06074886852016770989604193499;
A(8,6)=0.0531181141891813719192372714699;
A(9,6)=0.0575702611567001871203980921858;
A(10,6)=0.0544570978852441548997886617906;
A(11,6)=0.0568257053584187432965779971463;
A(12,6)=0.0549341072241943963435391765442;
A(13,6)=0.0564915345792244515221606079771;
A(14,6)=0.0551838794141588833169975710689;
A(15,6)=0.0562946858165574144189292042456;
A(16,6)=0.0553467923945579124476937620242;
A(17,6)=0.0561528126713345349603379832016;
A(18,6)=0.0554779453764183853736510362337;
A(19,6)=0.0560215738645231099062786727811;
A(20,6)=0.0556270812017200536759052539883;
B(6)=0.0557833227736669973580119508409;
A(2,7)=-0.000838181586071198950878273930003;
A(3,7)=0.00136242166275372181508314934586;
A(4,7)=-0.00199007437955997091444302456105;
A(5,7)=0.00305371344098788953745625271405;
A(6,7)=-0.00573050922070669583042430393979;
A(7,7)=0.0321884906348340569188789462142;
A(8,7)=0.070115571210414300219067082202;
A(9,7)=0.0612889022012218397163587450399;
A(10,7)=0.0664533317565533623836913153983;
A(11,7)=0.0628320353498426068380980449474;
A(12,7)=0.0655935001219323624454557523626;
A(13,7)=0.0633851998484810495109210157334;
A(14,7)=0.0652032920661632528211877072461;
A(15,7)=0.0636800021729968547703615292714;
A(16,7)=0.0649671219675918497116078369264;
A(17,7)=0.0638804026364942061676639183103;
A(18,7)=0.0647857093335896429379495738599;
A(19,7)=0.0640589493117462637168434652164;
A(20,7)=0.0645852441357622401886580056943;
B(7)=0.0643769812696681138377578924284;
A(2,8)=0.000727742862106657534300162553746;
A(3,8)=-0.00115790973991607511863902005654;
A(4,8)=0.0016147209941606054999579991357;
A(5,8)=-0.00225634431906584074567781124923;
A(6,8)=0.00340672254663269816818029293555;
A(7,8)=-0.00635600932535513060399420440297;
A(8,8)=0.0356516755434016529439365273605;
A(9,8)=0.0776644466298551999722354966155;
A(10,8)=0.0678753139361333325623184627725;
A(11,8)=0.0736117227066307129879503616334;
A(12,8)=0.0695839530546012865882741782283;
A(13,8)=0.0726574500017733159314047221053;
A(14,8)=0.0702008527938121526832556377472;
A(15,8)=0.0722185653088325259369428938577;
A(16,8)=0.0705371306790825095904325106115;
A(17,8)=0.071942954568353438460457262185;
A(18,8)=0.0707798067529364780239327278928;
A(19,8)=0.0717092705562655149128695629359;
A(20,8)=0.0710380391447937851420639962711;
B(8)=0.071303351086803305887873054721;
A(2,9)=-0.000631501736301838369038393716645;
A(3,9)=0.000991343819722372688269318512076;
A(4,9)=-0.00134452862347584636486729838661;
A(5,9)=0.00178550645275094909668724188371;
A(6,9)=-0.00244682004063418536879038749643;
A(7,9)=0.00366399299539100851315243438462;
A(8,9)=-0.00681426170371584083439356227754;
A(9,9)=0.0381915105164649166947138502244;
A(10,9)=0.0832002997436859614910289507305;
A(11,9)=0.072706488869215737192973536593;
A(12,9)=0.0788599833606858254588817377657;
A(13,9)=0.0745384013726090301951579062945;
A(14,9)=0.0778335863195025202875141360193;
A(15,9)=0.0752062764938022514975689448424;
A(16,9)=0.0773527617107870588238400559746;
A(17,9)=0.0755823396899768418118700037322;
A(18,9)=0.077033547590255205277451223718;
A(19,9)=0.0758810420689634680101440936842;
A(20,9)=0.0767102943670834595050399145573;
B(9)=0.0763830210329298333894277004488;
A(2,10)=0.00054527491889932601937776332408;
A(3,10)=-0.000848307605048968523988892429112;
A(4,10)=0.00112998079976983400585789063643;
A(5,10)=-0.00145459554626387743340107167017;
A(6,10)=0.00188970848373681692999154690188;
A(7,10)=-0.00256361069493126600046047211548;
A(8,10)=0.00382135686925919972090945713009;
A(9,10)=-0.00709408254012312510211528950878;
A(10,10)=0.0397422108484885869124891098663;
A(11,10)=0.0865799148278397743541826424827;
A(12,10)=0.0756572271306903881420088383429;
A(13,10)=0.082061956802612831521830424155;
A(14,10)=0.0775677465874143104414497695364;
A(15,10)=0.0809864228089996901383408464548;
A(16,10)=0.0782743932603460364152556686842;
