nodegauss(2)=0.0006684789330910094;
nodegauss(3)=0.003518825546912818;
nodegauss(4)=0.008633165097916569;
nodegauss(5)=0.01598930407300403;
nodegauss(6)=0.025553818276955104;
nodegauss(7)=0.03728310059662302;
nodegauss(8)=0.051123644233029016;
nodegauss(9)=0.06701230256657097;
nodegauss(10)=0.08487658146696697;
nodegauss(11)=0.10463497146236288;
nodegauss(12)=0.12619732019216698;
nodegauss(13)=0.14946524398979716;
nodegauss(14)=0.17433257689900114;
nodegauss(15)=0.20068585514364243;
nodegauss(16)=0.22840483486909868;
nodegauss(17)=0.25736304080591765;
nodegauss(18)=0.2874283433585858;
nodegauss(19)=0.31846356148950217;
nodegauss(20)=0.350327088649065;
nodegauss(21)=0.3828735388968651;
nodegauss(22)=0.41595441026644825;
nodegauss(23)=0.4494187623472079;
nodegauss(24)=0.483113904991974;
nodegauss(25)=0.5168860950080261;
nodegauss(26)=0.5505812376527921;
nodegauss(27)=0.5840455897335518;
nodegauss(28)=0.6171264611031348;
nodegauss(29)=0.649672911350935;
nodegauss(30)=0.6815364385104978;
nodegauss(31)=0.7125716566414142;
nodegauss(32)=0.7426369591940823;
nodegauss(33)=0.7715951651309013;
nodegauss(34)=0.7993141448563575;
nodegauss(35)=0.8256674231009988;
nodegauss(36)=0.8505347560102029;
nodegauss(37)=0.873802679807833;
nodegauss(38)=0.8953650285376371;
nodegauss(39)=0.915123418533033;
nodegauss(40)=0.932987697433429;
nodegauss(41)=0.9488763557669709;
nodegauss(42)=0.962716899403377;
nodegauss(43)=0.9744461817230449;
nodegauss(44)=0.984010695926996;
nodegauss(45)=0.9913668349020834;
nodegauss(46)=0.9964811744530871;
nodegauss(47)=0.999331521066909;
tc=nodegauss;
A(2,2)=0.000857575217026762071504695787011;
A(3,2)=0.00185565343727535729102940245966;
A(4,2)=0.0016463208645879176617817618374;
A(5,2)=0.00175791624249084883527897123044;
A(6,2)=0.00168528961960836438485925475193;
A(7,2)=0.00173751644082869699103384181838;
A(8,2)=0.00169759123559145707630383477215;
A(9,2)=0.00172940943174064410320918709159;
A(10,2)=0.00170327300667286374531183307827;
A(11,2)=0.00172524247010207774689338183349;
A(12,2)=0.00170643778162722580214218541827;
A(13,2)=0.001722771012782372471340215504;
A(14,2)=0.00170841215595950457906774008458;
A(15,2)=0.00172116360477058958133981583804;
A(16,2)=0.00170974196764289981076945801918;
A(17,2)=0.00172004816215744826949396648389;
A(18,2)=0.00171068891687341049072657190176;
A(19,2)=0.00171923568583645585747398453248;
A(20,2)=0.00171139263547417646090923339796;
A(21,2)=0.00171862095661124617885324778522;
A(22,2)=0.00171193380298945117722766273332;
A(23,2)=0.00171814114568748013554216680467;
A(24,2)=0.00171236203372340044608733908147;
A(25,2)=0.00171775657377748046602914299087;
A(26,2)=0.00171270943450110501818955620285;
A(27,2)=0.00171744097594455228375191780756;
A(28,2)=0.00171299771566857005366214685978;
A(29,2)=0.0017171762248926046427928355413;
A(30,2)=0.0017132421650689051852924139415;
A(31,2)=0.00171694929499885105812121551782;
A(32,2)=0.00171345400096476736121641278796;
A(33,2)=0.00171675041078869801418339062288;
A(34,2)=0.00171364185434187704433406598041;
A(35,2)=0.00171657183509172553727200491888;
A(36,2)=0.00171381278691838642065569761709;
A(37,2)=0.00171640698187492128951391040619;
A(38,2)=0.00171397310410822714820222336908;
A(39,2)=0.00171624961959818300089141450732;
A(40,2)=0.00171412920454065711060373491913;
A(41,2)=0.00171609287184217525990857053396;
A(42,2)=0.00171428888559474280683828665148;
A(43,2)=0.00171592732171434225246047988706;
A(44,2)=0.00171446440675724040446696542059;
A(45,2)=0.00171573544225546224910607810232;
A(46,2)=0.00171468427205974213142013594374;
A(47,2)=0.0017154596925484825077303270355;
B(2)=0.00171515043405352414300939157402;
A(2,3)=-0.000326442105140071889272008591822;
A(3,3)=0.00199247455743115561290325973158;
A(4,3)=0.0043318237295531370200276400918;
A(5,3)=0.00380478866845700217651580119646;
A(6,3)=0.00410194029288826648564368320457;
A(7,3)=0.00390050159343351219886343468521;
A(8,3)=0.00404984038419019387093111767431;
A(9,3)=0.00393296441580218964267288722927;
A(10,3)=0.00402785732683258428801959758604;
A(11,3)=0.00394872505571428373386816130077;
A(12,3)=0.00401607485456589220238303962944;
A(13,3)=0.00395782143790336125158984638797;
A(14,3)=0.00400887017862739371575130101091;
A(15,3)=0.00396364838011960359417919589444;
A(16,3)=0.00400407453027573479064317137918;
A(17,3)=0.00396765424057277292638440518562;
A(18,3)=0.00400068528585721719698261005253;
A(19,3)=0.00397055406281539625471700161952;
A(20,3)=0.00399817950111804668375103917398;
A(21,3)=0.0039727386534328035554650539962;
A(22,3)=0.0039962595721635959622519170354;
A(23,3)=0.00397443843236789175320434349142;
A(24,3)=0.00399474443483134849879591823634;
A(25,3)=0.00397579759663960815068272901267;
A(26,3)=0.00399351783698863154816395339523;
A(27,3)=0.00397691094218193187672500202222;
A(28,3)=0.00399250164248567778429931292792;
A(29,3)=0.00397784354526138802611469655567;
A(30,3)=0.00399164109327375889306784805217;
A(31,3)=0.00397864196442238013521281770618;
A(32,3)=0.00399089616772353710276209503346;
A(33,3)=0.00397934101165228840709360918984;
A(34,3)=0.0039902361817514017446035872266;
A(35,3)=0.00397996814851183969638219843209;
A(36,3)=0.00398963611098244620170636457102;
A(37,3)=0.00398054667738981711830821625732;
A(38,3)=0.00398907367995979014287770448013;
A(39,3)=0.00398109858004057847893865068285;
A(40,3)=0.00398852634960026636725812202582;
A(41,3)=0.00398164804661725363544766873767;
A(42,3)=0.00398796672215406524758698709188;
A(43,3)=0.00398222813254223695037626080297;
A(44,3)=0.00398735179808214637417207169771;
A(45,3)=0.00398290027640455637004727172158;
A(46,3)=0.00398658170136339971535631676039;
A(47,3)=0.00398386604262117036107552513951;
B(3)=0.00398494911486231122580651946316;
A(2,4)=0.000250410987247301288203328613525;
A(3,4)=-0.000543163130779094626128948179747;
A(4,4)=0.00311997094274717105168364293775;
A(5,4)=0.00679095691098705996771559088155;
A(6,4)=0.00594804611393060925508654171528;
A(7,4)=0.00643302668217324076408611510777;
A(8,4)=0.00609831699210099451093412274053;
A(9,4)=0.00635026453369733215445171611885;
A(10,4)=0.00615052926283010167626213522581;
A(11,4)=0.00631448055665488631294176671332;
A(12,4)=0.00617647309434803496048781402239;
A(13,4)=0.00629488512415873463844893995895;
A(14,4)=0.0061917435491841649525539067547;
A(15,4)=0.00628268681026283848552748885909;
A(16,4)=0.00620168622495009133414661781857;
A(17,4)=0.00627444541237599240155560548694;
A(18,4)=0.00620861554701171289475539172012;
A(19,4)=0.00626854716160449499028471275966;
A(20,4)=0.00621369049637165240307019446336;
A(21,4)=0.00626413870691596907961591072376;
A(22,4)=0.00621755294362442373697876855929;
A(23,4)=0.00626072820358587282971182964108;
A(24,4)=0.00622058599256573593377189223557;
A(25,4)=0.00625801285027062122322356092108;
A(26,4)=0.00622303216864519991891545437638;
A(27,4)=0.00625579601391541524737809063521;
A(28,4)=0.00622505272921086835102210457914;
A(29,4)=0.00625394399557605320403030145813;
A(30,4)=0.00622675971714424814811482362372;
A(31,4)=0.0062523618829434474462758487545;
A(32,4)=0.00622823443956593984616318348866;
A(33,4)=0.00625097917925320578161217776809;
A(34,4)=0.00622953884508583545567456685569;
A(35,4)=0.00624974060395156236215618901748;
A(36,4)=0.00623072316489913877108854017543;
A(37,4)=0.00624859951282968329183992739784;
A(38,4)=0.00623183186546201217818973286473;
A(39,4)=0.00624751214294493990777560982949;
A(40,4)=0.0062329097044842247217121166354;
A(41,4)=0.00624643057216185065460811176412;
A(42,4)=0.00623401084343775165637011965805;
A(43,4)=0.00624528957194058653038040421025;
A(44,4)=0.00623522001207628358476659741301;
A(45,4)=0.00624396820854732426119193042338;
A(46,4)=0.00623673365559211463367737533055;
A(47,4)=0.0062420702219423608683562148105;
B(4)=0.00623994188549434210336728587549;
A(2,5)=-0.000211111340979691507058789640401;
A(3,5)=0.000382783989823636772049179927377;
A(4,5)=-0.000747652848690752445780373372585;
A(5,5)=0.00423337850195905951155767841794;
A(6,5)=0.00921854742001718699153480669103;
