nodegauss(2)=0.004712262342791332;
nodegauss(3)=0.02466223911561612;
nodegauss(4)=0.05988042313650705;
nodegauss(5)=0.1092429980515993;
nodegauss(6)=0.1711644203916546;
nodegauss(7)=0.2436547314567615;
nodegauss(8)=0.32438411827306185;
nodegauss(9)=0.41075790925207606;
nodegauss(10)=0.5;
nodegauss(11)=0.5892420907479239;
nodegauss(12)=0.6756158817269382;
nodegauss(13)=0.7563452685432385;
nodegauss(14)=0.8288355796083454;
nodegauss(15)=0.8907570019484007;
nodegauss(16)=0.9401195768634929;
nodegauss(17)=0.9753377608843838;
nodegauss(18)=0.9952877376572087;
tc=nodegauss;
A(2,2)=0.00603707571713698299002750657189;
A(3,2)=0.0130632356657418752680167885828;
A(4,2)=0.0115896659295706061772179803249;
A(5,2)=0.0123750857808028649631329179074;
A(6,2)=0.0118641732581547523240140035807;
A(7,2)=0.0122312116765420279272585729942;
A(8,2)=0.0119511453235989144565384085182;
A(9,2)=0.0121736365651591335772159756443;
A(10,2)=0.0119918115828105576804188167921;
A(11,2)=0.0121434272759826611206798604479;
A(12,2)=0.0120152307902519702246212054271;
A(13,2)=0.0121245420760469405402402513892;
A(14,2)=0.0120310828566267740964477172446;
A(15,2)=0.0121106230028596058918974474517;
A(16,2)=0.0120440052252841211062492537275;
A(17,2)=0.0120976699510712644675733420346;
A(18,2)=0.0120587293395129465937583745936;
B(2)=0.0120741514342739659800550131438;
A(2,3)=-0.00227155284108545390355598245193;
A(3,3)=0.0138648823434968002823600413396;
A(4,3)=0.0301434135150564241760221202306;
A(5,3)=0.0264764480252829364326906092651;
A(6,3)=0.0285431435558624733347572859224;
A(7,3)=0.0271433781167491915673590074953;
A(8,3)=0.0281793286752804214828616042224;
A(9,3)=0.0273710039270724365631660988802;
A(10,3)=0.0280240575655554357919965560007;
A(11,3)=0.0274836942785549083727225129312;
A(12,3)=0.0279381283796153259435907836137;
A(13,3)=0.027552138523714888098856896857;
A(14,3)=0.0278812240478470121199688832531;
A(15,3)=0.0276017234304160752294005794767;
A(16,3)=0.0278354728231486370918481006558;
A(17,3)=0.0276473609079819368434810837849;
A(18,3)=0.0277837778356712748077897763684;
B(3)=0.0277297646869936005647200826791;
A(2,4)=0.00170607356797474400422806227123;
A(3,4)=-0.00370085000802414755150965869283;
A(4,4)=0.0212590370792947952208838425478;
A(5,4)=0.0462722079501815434600943441438;
A(6,4)=0.0405302115242460835313339533318;
A(7,4)=0.0438316596087300029348179145981;
A(8,4)=0.0415565191476279688691954761536;
A(9,4)=0.0432644598551087390017105720996;
A(10,4)=0.0419166599360226017872386525868;
A(11,4)=0.0430148670210038972918581567329;
A(12,4)=0.0421009901205945649668422781172;
A(13,4)=0.0428714507796831943690968737039;
A(14,4)=0.042218095639767128897334592418;
A(15,4)=0.0427708575564765118140490629862;
A(16,4)=0.0423098500545085566423540743058;
A(17,4)=0.0426801565427330893868530273086;
A(18,4)=0.0424119169055181957556152237208;
B(4)=0.0425180741585895904417676850955;
A(2,5)=-0.00139428814627546593357151052244;
A(3,5)=0.00252843634712765574937107345249;
A(4,5)=-0.00493939271467700778197656671933;
A(5,5)=0.0279709617983509927736970964066;
A(6,5)=0.0609082348093384707648596570564;
A(7,5)=0.0532892269980426909354319521638;
A(8,5)=0.0577104683866040201134589877599;
A(9,5)=0.0546370553182844753471003610736;
A(10,5)=0.0569613384620475099434812885569;
A(11,5)=0.0551167126086104580906478427275;
A(12,5)=0.0566251850948041570705066369559;
A(13,5)=0.0553686698183388912872380269323;
A(14,5)=0.0564251540345925731045022183657;
A(15,5)=0.0555367514089006617241901810881;
A(16,5)=0.0562745160250033986490179409015;
A(17,5)=0.0556836136444345102922549230823;
A(18,5)=0.0561109035630686596166404442352;
B(5)=0.0559419235967019855473941928132;
A(2,6)=0.00117505931298190889854414937324;
A(3,6)=-0.00198193291159683147436008546355;
A(4,6)=0.0031590393348658779938064768384;
A(5,6)=-0.00599844641380708218883515845935;
A(6,6)=0.0337840921171313683215799954256;
A(7,6)=0.0735820587390748129660198998062;
A(8,6)=0.0643416628368315842858847520379;
A(9,6)=0.0697294059108461864160068218664;
A(10,6)=0.0659670689091893504189568517986;
A(11,6)=0.0688226604271077944456934053758;
A(12,6)=0.0665515682619334841227951841525;
A(13,6)=0.0684086427042580169529203102183;
A(14,6)=0.0668669984406904640604129569347;
A(15,6)=0.0681518431640196603454053305911;
A(16,6)=0.0670914692318260012273741594141;
A(17,6)=0.0679372401607613514024305410138;
A(18,6)=0.067327168076314565516228058428;
B(6)=0.0675681842342627366431599908512;
A(2,7)=-0.00100191159133605213505581073731;
A(3,7)=0.00162876184702874733942639344668;
A(4,7)=-0.00237960296192560083858802280453;
A(5,7)=0.00365232941748921088733969405918;
A(6,7)=-0.00685538530902561511697515389368;
A(7,7)=0.0385114402692025720203578987005;
A(8,7)=0.0838874915885929463462386495196;
A(9,7)=0.073331239958502921997478958772;
A(10,7)=0.0795015048593736254318128888498;
A(11,7)=0.0751835906333841424314807322672;
A(12,7)=0.0784643193670104666758245291121;
A(13,7)=0.0758571668553873052744990229142;
A(14,7)=0.0779809428730018372874326877022;
A(15,7)=0.0762336038305220952223897342111;
A(16,7)=0.0776630338334494178185381097672;
A(17,7)=0.0765295017121099249209565751897;
A(18,7)=0.0773443302404948520909694482795;
B(7)=0.077022880538405144040715797401;
A(2,8)=0.000855775716256850188708095884729;
A(3,8)=-0.00136186864667889136395943551496;
A(4,8)=0.00189972369971520706755019200186;
A(5,8)=-0.0026556360636879811242362596197;
A(6,8)=0.00401127273588270344656392537163;
A(7,8)=-0.00748662480602109884692212990787;
A(8,8)=0.0420010255391125111274926659471;
A(9,8)=0.0914939805099035343581139763501;
A(10,8)=0.0799684823533937018185133781611;
A(11,8)=0.0867123907343266571018861884431;
A(12,8)=0.0819914151619667024697512030626;
A(13,8)=0.0855741010620771108462924957;
A(14,8)=0.0827381747760520624971454972075;
A(15,8)=0.0850280323740621010952994700624;
A(16,8)=0.0831780270518100712159984805152;
A(17,8)=0.0846332492779943614223453047126;
A(18,8)=0.0835921295217794103687930793454;
B(8)=0.0840020510782250222549853318942;
A(2,9)=-0.000727395376333159861722017004602;
A(3,9)=0.00114216206062703618081555591288;
A(4,9)=-0.0015497394982320096549196204863;
A(5,9)=0.00205919870619669143017242456882;
A(6,9)=-0.00282374870983925890172878563255;
A(7,9)=0.00423124949024145112876388214757;
A(8,9)=-0.0078735894653568064261264562646;
A(9,9)=0.0441406763417481615813177475283;
A(10,9)=0.0961573806946753735280136361994;
A(11,9)=0.0840399228921141870517604816752;
A(12,9)=0.0911297646925025969542859720552;
A(13,9)=0.0861732128728670636572827854494;
A(14,9)=0.0899203911816989483889996530662;
A(15,9)=0.0869790960288413609387639536914;
A(16,9)=0.0893128562679215103597146048089;
A(17,9)=0.0874979551769701550514850692768;
A(18,9)=0.0887878698534707718853890894218;
B(9)=0.0882813526834963231626354950566;
A(2,10)=0.000611868908353285914430402102988;
A(3,10)=-0.000952222618997899889572874542193;
A(4,10)=0.001269126854842102054186885984;
A(5,10)=-0.00163500276406017647070852540788;
A(6,10)=0.00212610784923207118725462777372;
A(7,10)=-0.00288732635437509218521720808283;
A(8,10)=0.00430828569850118188864735712;
A(9,10)=-0.00800466567441317949615366737531;
A(10,10)=0.0448616175890516313645664110655;
A(11,10)=0.0977279008525164422252864895063;
A(12,10)=0.0854149494796020808404854650109;
A(13,10)=0.0926105615324783549143500302138;
A(14,10)=0.0875971273288711915418781943572;
A(15,10)=0.0913582379421634391998413475388;
A(16,10)=0.0884541083232611606749459361469;
A(17,10)=0.0906754577971011626187056966731;
A(18,10)=0.089111366269749976814702420028;
B(10)=0.0897232351781032627291328221309;
A(2,11)=-0.000506517169974448722753594365236;
A(3,11)=0.000783397506526168111150425779807;
A(4,11)=-0.00103150358442518719707910975227;
A(5,11)=0.00130225665465496222387154136523;
A(6,11)=-0.00163903849820262522636415800965;
A(7,11)=0.00210813981062925950535270960718;
A(8,11)=-0.00284841200900627379165047699855;
A(9,11)=0.00424142979138213611087501338136;
A(10,11)=-0.00787602801117905036537814114284;
A(11,11)=0.0441406763417481615813177475283;
A(12,11)=0.0961549421488531295887619513212;
