nodegauss(2)=0.00312391468980525;
nodegauss(3)=0.016386580716846854;
nodegauss(4)=0.03995033292479958;
nodegauss(5)=0.07331831770834135;
nodegauss(6)=0.11578001826216104;
nodegauss(7)=0.16643059790129383;
nodegauss(8)=0.2241905820563901;
nodegauss(9)=0.2878289398962806;
nodegauss(10)=0.35598934159879947;
nodegauss(11)=0.42721907291955247;
nodegauss(12)=0.5;
nodegauss(13)=0.5727809270804476;
nodegauss(14)=0.6440106584012005;
nodegauss(15)=0.7121710601037194;
nodegauss(16)=0.7758094179436099;
nodegauss(17)=0.8335694020987061;
nodegauss(18)=0.884219981737839;
nodegauss(19)=0.9266816822916586;
nodegauss(20)=0.9600496670752005;
nodegauss(21)=0.9836134192831532;
nodegauss(22)=0.9968760853101948;
tc=nodegauss;
A(2,2)=0.00400430706444358333105615421462;
A(3,2)=0.00866466556245655738132415175072;
A(4,2)=0.00768724102137638407710632079995;
A(5,2)=0.00820826724752180902324585617274;
A(6,2)=0.00786924876677313154568431904176;
A(7,2)=0.00811294117582403822900051099611;
A(8,2)=0.00792678910495497643406106343754;
A(9,2)=0.00807495434887772532842776547358;
A(10,2)=0.00795349028474793119029424309824;
A(11,2)=0.00805528029280906786518794419214;
A(12,2)=0.00796854005795726791547126706758;
A(13,2)=0.00804340090843636416342337996935;
A(14,2)=0.00797818038527275016890239576667;
A(15,2)=0.00803537230177626991809725060867;
A(16,2)=0.00798504120238168435938989333524;
A(17,2)=0.00802934708201980191717930790705;
A(18,2)=0.00799049840706524400681185358215;
A(19,2)=0.0080242176374167707548868245857;
A(20,2)=0.00799555474621025608780014727418;
A(21,2)=0.00801888838107949380273839846358;
A(22,2)=0.0080018458630970964281908402708;
B(2)=0.00800861412888716666211230842924;
A(2,3)=-0.0015135943850473928194959074389;
A(3,3)=0.00923844744271312344998766707483;
A(4,3)=0.0200852038004410287080258193897;
A(5,3)=0.0176416492271572012048911401118;
A(6,3)=0.0190191440693019510189540687605;
A(7,3)=0.0180856851389910693013648544865;
A(8,3)=0.0187772315955736576911030476441;
A(9,3)=0.0182366602995475170694888771764;
A(10,3)=0.0186747131416070591779467885113;
A(11,3)=0.0183104877993090094186344716625;
A(12,3)=0.0186191385841181685502265047918;
A(13,3)=0.0183538410877450292224916074741;
A(14,3)=0.0185842707516836254406191148647;
A(15,3)=0.0183826756676838799707427749577;
A(16,3)=0.0185597700118897194714561001958;
A(17,3)=0.0184040916182049852703223828876;
A(18,3)=0.018540449151162463191812261967;
A(19,3)=0.0184221921142553058509527038943;
A(20,3)=0.0185226554319936635351571801954;
A(21,3)=0.0184409055827815265207838731705;
A(22,3)=0.0185005988964734575567288038075;
B(3)=0.0184768948854262468999753341497;
A(2,4)=0.00114635738155008232407279685618;
A(3,4)=-0.00248661385849903469121446158288;
A(4,4)=0.0142836063567143020709089566181;
A(5,4)=0.0310897125599956082528057589461;
A(6,4)=0.0272311787988242847377502505897;
A(7,4)=0.0294506056808460380487703888308;
A(8,4)=0.0279197830074103256162715051666;
A(9,4)=0.0290708436500861238752585188977;
A(10,4)=0.0281599458407346689332707692406;
A(11,4)=0.0289055795258358940898620975184;
A(12,4)=0.028280535207844711102511062995;
A(13,4)=0.0288135998368658687192187628979;
A(14,4)=0.0283532712574265241214675465961;
A(15,4)=0.0287542366890849307929601067005;
A(16,4)=0.0284031818047263183470949012536;
A(17,4)=0.0287109874472158845428852598169;
A(18,4)=0.0284419179659923685754532751456;
A(19,4)=0.0286749183129969525161303103887;
A(20,4)=0.0284771974361815712050410187765;
A(21,4)=0.028637963306305833088127407051;
A(22,4)=0.0285206291027272593848634351918;
B(4)=0.0285672127134286041418179132362;
A(2,5)=-0.000948580164422767612557658249566;
A(3,5)=0.00172004792731759147419889236955;
A(4,5)=-0.00335983994793237995109395908526;
A(5,5)=0.019025028407094825504262913325;
A(6,5)=0.0414283752142541240849750625827;
A(7,5)=0.036244803475226641443395794406;
A(8,5)=0.0392547847145616475060464798291;
A(9,5)=0.0371595285361565509565427634462;
A(10,5)=0.0387480337950919742369673942751;
A(11,5)=0.0374820068126964134339230363006;
A(12,5)=0.0385244708276925617814950475137;
A(13,5)=0.0376465228843375892663125070724;
A(14,5)=0.0383977674704075970396802006665;
A(15,5)=0.0377478548715568541091894948657;
A(16,5)=0.0383139313472919319989701673182;
A(17,5)=0.0378195544890783812491837881754;
A(18,5)=0.0382504103918130628145268975001;
A(19,5)=0.0378781643158301760027452823794;
A(20,5)=0.0381935151285829054501631724242;
A(21,5)=0.0379374056591197765364196661439;
A(22,5)=0.0381241912869582407301672239582;
B(5)=0.0380500568141896510085258266501;
A(2,6)=0.000813056772551544400115125070149;
A(3,6)=-0.00137117634404946567491681693072;
A(4,6)=0.00218510850393925010141665303291;
A(5,6)=-0.00414828572643825831926420556976;
A(6,6)=0.0233611058640084653883224352785;
A(7,6)=0.050881461214925360256806463589;
A(8,6)=0.0444892392422553746657321714662;
A(9,6)=0.0482201426905038916687587126684;
A(10,6)=0.0456093891476524013266493005574;
A(11,6)=0.0475983247775530800585114898821;
A(12,6)=0.0460065275285680493328337312514;
A(13,6)=0.047321599169732995954596890548;
A(14,6)=0.04621152409549194587695937448;
A(15,6)=0.0471623588432696732695069814005;
A(16,6)=0.0463403094690199048985477003081;
A(17,6)=0.0470542155936521646082504212553;
A(18,6)=0.0464346812985678339592953897421;
A(19,6)=0.046968228766043949587287881525;
A(20,6)=0.046517289820624390885135064756;
A(21,6)=0.0468829203253412721532006371871;
A(22,6)=0.0466165247044011058786747202449;
B(6)=0.046722211728016930776644870557;
A(2,7)=-0.000708643265497993866404764204834;
A(3,7)=0.00115177804722977921819580829505;
A(4,7)=-0.00168218667187454865192540277865;
A(5,7)=0.00258089874281617318871834905113;
A(6,7)=-0.0048426122608685766348916782176;
A(7,7)=0.0271993247917870944158686445175;
A(8,7)=0.0592482597930188477208521297353;
A(9,7)=0.0517880226168553114040523641959;
A(10,7)=0.0561553306789460439293383466833;
A(11,7)=0.0530897026447848133744851232059;
A(12,7)=0.0554318173175005020454347435423;
A(13,7)=0.0535530611408356878668411300024;
A(14,7)=0.0551075295167988980421626253117;
A(15,7)=0.0537948369587022946335399703085;
A(16,7)=0.0549180007157845317810898155562;
A(17,7)=0.0539501066039839465934392073613;
A(18,7)=0.0547852015313333984980376350011;
A(19,7)=0.054069109596993905998086639591;
A(20,7)=0.0546724302789722189751009490121;
A(21,7)=0.0541843062403519187681476508875;
A(22,7)=0.0545394785252791890616769462882;
B(7)=0.0543986495835741888317372890351;
A(2,8)=0.000622383496935579056916404761721;
A(3,8)=-0.000990167636853262448126970597516;
A(4,8)=0.00138055607088293499851439433941;
A(5,8)=-0.00192869233781302242206458684835;
A(6,8)=0.00291131551662196149115691165918;
A(7,8)=-0.00543060244737827016510423417354;
A(8,8)=0.0304578540134321335488417942814;
A(9,8)=0.0663509159868124566040393709313;
A(10,8)=0.0579851240932288007052902361416;
A(11,8)=0.0628913007389782908207855928753;
A(12,8)=0.0594411796083697877253186736108;
A(13,8)=0.0620809906369571208514633839659;
A(14,8)=0.0599615415084340887690507349147;
A(15,8)=0.0617151020438386740146263022443;
A(16,8)=0.0602363406252552413418081678693;
A(17,8)=0.0614972783815573990029845848999;
A(18,8)=0.0604177896783218631933328492448;
A(19,8)=0.0613381542821400099174202747282;
A(20,8)=0.0605659343530331936747436573146;
A(21,8)=0.0611889355922989927366851412407;
A(22,8)=0.0607364059047696141087344851283;
B(8)=0.0609157080268642670976835885629;
A(2,9)=-0.000547832018476372942100069241025;
A(3,9)=0.000859873206354118351706479015093;
A(4,9)=-0.0011659298042628100773047167213;
A(5,9)=0.00154781937295932970229131561249;
A(6,9)=-0.00212029494352207256955170272558;
A(7,9)=0.00317383667332562610543981893874;
A(8,9)=-0.00590085227111511395060666715823;
A(9,9)=0.0330672346583343654452631436242;
A(10,9)=0.0720383239351333163030735605772;
A(11,9)=0.0629481843128370703740143749078;
A(12,9)=0.0682845647766987838006717850886;
A(13,9)=0.064528562659324544267192260025;
A(14,9)=0.0674037113865443628825292631166;
A(15,9)=0.0650960843501225528434431505602;
A(16,9)=0.0670023488965007099924923523245;
A(17,9)=0.0654003917647755068225876731191;
