nodegauss(2)=0.000317282223511601;
nodegauss(3)=0.0016709863969431324;
nodegauss(4)=0.004103326458845195;
nodegauss(5)=0.007609576122024443;
nodegauss(6)=0.012182208038545974;
nodegauss(7)=0.017811334786143693;
nodegauss(8)=0.024484770229927313;
nodegauss(9)=0.03218806336462456;
nodegauss(10)=0.04090453159363071;
nodegauss(11)=0.05061529751933981;
nodegauss(12)=0.06129933008417064;
nodegauss(13)=0.07293349023147468;
nodegauss(14)=0.08549258107334941;
nodegauss(15)=0.09894940248915278;
nodegauss(16)=0.11327481005000983;
nodegauss(17)=0.1284377781478169;
nodegauss(18)=0.14440546719497985;
nodegauss(19)=0.1611432947508596;
nodegauss(20)=0.1786150104216923;
nodegauss(21)=0.1967827743722213;
nodegauss(22)=0.21560723927926448;
nodegauss(23)=0.23504763554988198;
nodegauss(24)=0.2550618596196767;
nodegauss(25)=0.27560656514005455;
nodegauss(26)=0.29663725685699305;
nodegauss(27)=0.3181083869780229;
nodegauss(28)=0.33997345381873184;
nodegauss(29)=0.36218510251515523;
nodegauss(30)=0.38469522758394215;
nodegauss(31)=0.4074550771081799;
nodegauss(32)=0.43041535832323813;
nodegauss(33)=0.45352634437396006;
nodegauss(34)=0.4767379820119914;
nodegauss(35)=0.5;
nodegauss(36)=0.5232620179880086;
nodegauss(37)=0.5464736556260399;
nodegauss(38)=0.5695846416767618;
nodegauss(39)=0.59254492289182;
nodegauss(40)=0.6153047724160579;
nodegauss(41)=0.6378148974848448;
nodegauss(42)=0.6600265461812682;
nodegauss(43)=0.6818916130219771;
nodegauss(44)=0.703362743143007;
nodegauss(45)=0.7243934348599455;
nodegauss(46)=0.7449381403803234;
nodegauss(47)=0.764952364450118;
nodegauss(48)=0.7843927607207355;
nodegauss(49)=0.8032172256277786;
nodegauss(50)=0.8213849895783076;
nodegauss(51)=0.8388567052491405;
nodegauss(52)=0.8555945328050202;
nodegauss(53)=0.8715622218521831;
nodegauss(54)=0.8867251899499902;
nodegauss(55)=0.9010505975108473;
nodegauss(56)=0.9145074189266506;
nodegauss(57)=0.9270665097685253;
nodegauss(58)=0.9387006699158293;
nodegauss(59)=0.9493847024806602;
nodegauss(60)=0.9590954684063693;
nodegauss(61)=0.9678119366353755;
nodegauss(62)=0.9755152297700727;
nodegauss(63)=0.9821886652138563;
nodegauss(64)=0.987817791961454;
nodegauss(65)=0.9923904238779756;
nodegauss(66)=0.9958966735411549;
nodegauss(67)=0.9983290136030568;
nodegauss(68)=0.9996827177764884;
tc=nodegauss;
A(2,2)=0.0004070812588100032;
A(3,2)=0.0008808577208559558;
A(4,2)=0.0007814898421194929;
A(5,2)=0.000834463092249902;
A(6,2)=0.0007999876894333957;
A(7,2)=0.0008247797953162335;
A(8,2)=0.0008058267808203759;
A(9,2)=0.0008209319347782796;
A(10,2)=0.0008085232998168683;
A(11,2)=0.0008189545975635237;
A(12,2)=0.0008100247806299551;
A(13,2)=0.0008177823679760719;
A(14,2)=0.0008109608971122737;
A(15,2)=0.0008170206128732475;
A(16,2)=0.0008115906994702616;
A(17,2)=0.0008164927655782763;
A(18,2)=0.000812038351565253;
A(19,2)=0.0008161091831633096;
A(20,2)=0.0008123701207104752;
A(21,2)=0.0008158206992284289;
A(22,2)=0.0008126306500450789;
A(23,2)=0.0008156419121531948;
A(24,2)=0.0008129790468975415;
A(25,2)=0.0008134834203043715;
A(26,2)=0.;
A(27,2)=0.;
A(28,2)=0.;
A(29,2)=0.;
A(30,2)=0.;
A(31,2)=0.;
A(32,2)=0.;
A(33,2)=0.;
A(34,2)=0.;
A(35,2)=0.;
A(36,2)=0.;
A(37,2)=0.;
A(38,2)=0.;
A(39,2)=0.;
A(40,2)=0.;
A(41,2)=0.;
A(42,2)=0.;
A(43,2)=0.;
A(44,2)=0.;
A(45,2)=0.;
A(46,2)=0.;
A(47,2)=0.;
A(48,2)=0.;
A(49,2)=0.;
A(50,2)=0.;
A(51,2)=0.;
A(52,2)=0.;
A(53,2)=0.;
A(54,2)=0.;
A(55,2)=0.;
A(56,2)=0.;
A(57,2)=0.;
A(58,2)=0.;
A(59,2)=0.;
A(60,2)=0.;
A(61,2)=0.;
A(62,2)=0.;
A(63,2)=0.;
A(64,2)=0.;
A(65,2)=0.;
A(66,2)=0.;
A(67,2)=0.;
A(68,2)=0.;
B(2)=0.;
A(2,3)=-0.0001551135571094691;
A(3,3)=0.0009467520754563771;
A(4,3)=0.002058326590660669;
A(5,3)=0.0018078980341517392;
A(6,3)=0.0019490948772592953;
A(7,3)=0.0018533764815162382;
A(8,3)=0.0019243400739114408;
A(9,3)=0.0018688001037457489;
A(10,3)=0.0019138964389152303;
A(11,3)=0.0018762866534291847;
A(12,3)=0.0019083006257771395;
A(13,3)=0.0018806056386570518;
A(14,3)=0.001904881048698716;
A(15,3)=0.0018833699827042261;
A(16,3)=0.0019026073719138753;
A(17,3)=0.0018852676922778014;
A(18,3)=0.0019010033976328423;
A(19,3)=0.0018866382036584499;
A(20,3)=0.001899819759693651;
A(21,3)=0.0018876533635603168;
A(22,3)=0.0018987692562678325;
A(23,3)=0.0018869686089220388;
A(24,3)=0.001884151708407832;
A(25,3)=0.;
A(26,3)=0.;
A(27,3)=0.;
A(28,3)=0.;
A(29,3)=0.;
A(30,3)=0.;
A(31,3)=0.;
A(32,3)=0.;
A(33,3)=0.;
A(34,3)=0.;
A(35,3)=0.;
A(36,3)=0.;
A(37,3)=0.;
A(38,3)=0.;
A(39,3)=0.;
A(40,3)=0.;
A(41,3)=0.;
A(42,3)=0.;
A(43,3)=0.;
A(44,3)=0.;
A(45,3)=0.;
A(46,3)=0.;
A(47,3)=0.;
A(48,3)=0.;
A(49,3)=0.;
A(50,3)=0.;
A(51,3)=0.;
A(52,3)=0.;
A(53,3)=0.;
A(54,3)=0.;
A(55,3)=0.;
A(56,3)=0.;
A(57,3)=0.;
A(58,3)=0.;
A(59,3)=0.;
A(60,3)=0.;
A(61,3)=0.;
A(62,3)=0.;
A(63,3)=0.;
A(64,3)=0.;
A(65,3)=0.;
A(66,3)=0.;
A(67,3)=0.;
A(68,3)=0.;
B(3)=0.;
A(2,4)=0.00011920122594605295;
A(3,4)=-0.000258557538110201;
A(4,4)=0.0014851732943955587;
A(5,4)=0.003232642023241491;
A(6,4)=0.002831396807999578;
A(7,4)=0.0030622611976322592;
A(8,4)=0.0029029266981934806;
A(9,4)=0.003022867598387603;
A(10,4)=0.002927777147360419;
A(11,4)=0.0030058381917388594;
A(12,4)=0.0029401215380016844;
A(13,4)=0.0029965167488879103;
A(14,4)=0.002947383141421022;
A(15,4)=0.0029907186979711213;
A(16,4)=0.0029521062148085402;
A(17,4)=0.0029868068225803487;
A(18,4)=0.0029553920578203174;
A(19,4)=0.0029840135615334124;
A(20,4)=0.0029577936430619607;
A(21,4)=0.0029819517235565546;
A(22,4)=0.0029597891170243607;
A(23,4)=0.0029818771199456254;
A(24,4)=0.0029733081475110906;
A(25,4)=0.003068337552366627;
A(26,4)=0.;
A(27,4)=0.;
A(28,4)=0.;
A(29,4)=0.;
A(30,4)=0.;
A(31,4)=0.;
A(32,4)=0.;
A(33,4)=0.;
A(34,4)=0.;
A(35,4)=0.;
A(36,4)=0.;
A(37,4)=0.;
A(38,4)=0.;
A(39,4)=0.;
A(40,4)=0.;
A(41,4)=0.;
A(42,4)=0.;
A(43,4)=0.;
A(44,4)=0.;
A(45,4)=0.;
A(46,4)=0.;
A(47,4)=0.;
A(48,4)=0.;
A(49,4)=0.;
A(50,4)=0.;
A(51,4)=0.;
A(52,4)=0.;
A(53,4)=0.;
A(54,4)=0.;
A(55,4)=0.;
A(56,4)=0.;
A(57,4)=0.;
A(58,4)=0.;
A(59,4)=0.;
A(60,4)=0.;
A(61,4)=0.;
A(62,4)=0.;
A(63,4)=0.;
A(64,4)=0.;
A(65,4)=0.;
A(66,4)=0.;
A(67,4)=0.;
A(68,4)=0.;
B(4)=0.;
A(2,5)=-0.00010075690268085919;
A(3,5)=0.00018269056438104732;
A(4,5)=-0.00035682985709789154;
A(5,5)=0.002020447574755784;
A(6,5)=0.004399700149799695;
A(7,5)=0.003849104463182895;
A(8,5)=0.004168972150123302;
A(9,5)=0.0039461036519062645;
A(10,5)=0.00411534443442765;
A(11,5)=0.003980108434065314;
A(12,5)=0.004091908232176248;
A(13,5)=0.003997196663348993;
A(14,5)=0.004078930225946736;
A(15,5)=0.004007362900918466;
A(16,5)=0.004070770168435954;
A(17,5)=0.004014043119425151;
A(18,5)=0.004065211413568898;
A(19,5)=0.004018732568148374;
A(20,5)=0.004061205199540665;
A(21,5)=0.0040221423167246095;
A(22,5)=0.004057671044225289;
A(23,5)=0.0040190429475633884;
A(24,5)=0.004001555123135909;
A(25,5)=0.;
A(26,5)=0.;
A(27,5)=0.;
A(28,5)=0.;
A(29,5)=0.;
A(30,5)=0.;
A(31,5)=0.;
A(32,5)=0.;
A(33,5)=0.;
A(34,5)=0.;
A(35,5)=0.;
A(36,5)=0.;
A(37,5)=0.;
A(38,5)=0.;
A(39,5)=0.;
A(40,5)=0.;
A(41,5)=0.;
A(42,5)=0.;
A(43,5)=0.;
A(44,5)=0.;
A(45,5)=0.;
A(46,5)=0.;
A(47,5)=0.;
A(48,5)=0.;
A(49,5)=0.;
A(50,5)=0.;
A(51,5)=0.;
A(52,5)=0.;
A(53,5)=0.;
A(54,5)=0.;
A(55,5)=0.;
A(56,5)=0.;
A(57,5)=0.;
A(58,5)=0.;
A(59,5)=0.;
A(60,5)=0.;
A(61,5)=0.;
A(62,5)=0.;
A(63,5)=0.;
A(64,5)=0.;
A(65,5)=0.;
A(66,5)=0.;
A(67,5)=0.;
A(68,5)=0.;
B(5)=0.;
A(2,6)=0.00008883997722901678;
A(3,6)=-0.00014980897293210202;
A(4,6)=0.00023870003267814895;
A(5,6)=-0.00045308808802168395;
A(6,6)=0.0025513600085256103;
A(7,6)=0.005557027155104089;
A(8,6)=0.004858705270320489;
A(9,6)=0.005266571540254715;
A(10,6)=0.004980779178746581;
A(11,6)=0.005198999040884991;
A(12,6)=0.005023721783551342;
A(13,6)=0.005169318274512918;
A(14,6)=0.005045432602327303;
A(15,6)=0.005152773912353989;
A(16,6)=0.005058436840507923;
A(17,6)=0.005142300521376662;
A(18,6)=0.005067039268549824;
A(19,6)=0.005135119292497768;
A(20,6)=0.005073116091359131;
A(21,6)=0.005129912824184155;
A(22,6)=0.005077608042760135;
A(23,6)=0.005126463004172831;
A(24,6)=0.005093653850935557;
