nodegauss(2)=0.0002536122319822718;
nodegauss(3)=0.0013357855188840984;
nodegauss(4)=0.003280731710553648;
nodegauss(5)=0.00608551661623774;
nodegauss(6)=0.009745337701291696;
nodegauss(7)=0.014253871828468089;
nodegauss(8)=0.019603318129053842;
nodegauss(9)=0.025784417460356313;
nodegauss(10)=0.03278647001794642;
nodegauss(11)=0.040597354385803;
nodegauss(12)=0.049203548725776834;
nodegauss(13)=0.05859015427605223;
nodegauss(14)=0.0687409211865583;
nodegauss(15)=0.07963827667252098;
nodegauss(16)=0.09126335544822935;
nodegauss(17)=0.10359603239321824;
nodegauss(18)=0.11661495739667904;
nodegauss(19)=0.13029759232098373;
nodegauss(20)=0.14462025002097945;
nodegauss(21)=0.1595581353518652;
nodegauss(22)=0.17508538809486887;
nodegauss(23)=0.19117512772653703;
nodegauss(24)=0.20779949995421107;
nodegauss(25)=0.22492972493717722;
nodegauss(26)=0.24253614711004168;
nodegauss(27)=0.2605882865220984;
nodegauss(28)=0.27905489160382585;
nodegauss(29)=0.2979039932691732;
nodegauss(30)=0.317102960259982;
nodegauss(31)=0.33661855563673687;
nodegauss(32)=0.3564169943178514;
nodegauss(33)=0.3764640015678826;
nodegauss(34)=0.3967248723334202;
nodegauss(35)=0.4171645313239311;
nodegauss(36)=0.4377475937335499;
nodegauss(37)=0.4584384264986945;
nodegauss(38)=0.4792012099854603;
nodegauss(39)=0.5;
nodegauss(40)=0.5207987900145398;
nodegauss(41)=0.5415615735013055;
nodegauss(42)=0.5622524062664501;
nodegauss(43)=0.582835468676069;
nodegauss(44)=0.6032751276665798;
nodegauss(45)=0.6235359984321174;
nodegauss(46)=0.6435830056821487;
nodegauss(47)=0.6633814443632632;
nodegauss(48)=0.6828970397400179;
nodegauss(49)=0.7020960067308268;
nodegauss(50)=0.7209451083961741;
nodegauss(51)=0.7394117134779016;
nodegauss(52)=0.7574638528899583;
nodegauss(53)=0.7750702750628228;
nodegauss(54)=0.7922005000457889;
nodegauss(55)=0.808824872273463;
nodegauss(56)=0.8249146119051312;
nodegauss(57)=0.8404418646481348;
nodegauss(58)=0.8553797499790206;
nodegauss(59)=0.8697024076790163;
nodegauss(60)=0.883385042603321;
nodegauss(61)=0.8964039676067818;
nodegauss(62)=0.9087366445517706;
nodegauss(63)=0.920361723327479;
nodegauss(64)=0.9312590788134417;
nodegauss(65)=0.9414098457239478;
nodegauss(66)=0.9507964512742232;
nodegauss(67)=0.959402645614197;
nodegauss(68)=0.9672135299820536;
nodegauss(69)=0.9742155825396437;
nodegauss(70)=0.9803966818709462;
nodegauss(71)=0.985746128171532;
nodegauss(72)=0.9902546622987083;
nodegauss(73)=0.9939144833837623;
nodegauss(74)=0.9967192682894463;
nodegauss(75)=0.9986642144811159;
nodegauss(76)=0.9997463877680177;
tc=nodegauss;
A(2,2)=0.000325397929343964;
A(3,2)=0.0007041082652815756;
A(4,2)=0.000624679149375122;
A(5,2)=0.0006670230103888788;
A(6,2)=0.0006394652761331929;
A(7,2)=0.0006592827473542572;
A(8,2)=0.0006441326895799279;
A(9,2)=0.0006562070201873875;
A(10,2)=0.0006462880901473969;
A(11,2)=0.0006546265026673952;
A(12,2)=0.0006474882245549654;
A(13,2)=0.0006536895641562551;
A(14,2)=0.0006482364158005516;
A(15,2)=0.0006530807600955027;
A(16,2)=0.0006487397309453227;
A(17,2)=0.0006526589562965954;
A(18,2)=0.0006490974166772836;
A(19,2)=0.0006523525078011498;
A(20,2)=0.0006493625267061316;
A(21,2)=0.0006521230018040461;
A(22,2)=0.0006495763035214256;
A(23,2)=0.0006519568851378126;
A(24,2)=0.0006483326362103425;
A(25,2)=0.0006195476786416915;
A(26,2)=0.0001591351165437077;
A(27,2)=-0.005351612708415318;
A(28,2)=0.;
A(29,2)=0.;
A(30,2)=0.;
A(31,2)=0.;
A(32,2)=0.;
A(33,2)=0.;
A(34,2)=0.;
A(35,2)=0.;
A(36,2)=0.;
A(37,2)=0.;
A(38,2)=0.;
A(39,2)=0.;
A(40,2)=0.;
A(41,2)=0.;
A(42,2)=0.;
A(43,2)=0.;
A(44,2)=0.;
A(45,2)=0.;
A(46,2)=0.;
A(47,2)=0.;
A(48,2)=0.;
A(49,2)=0.;
A(50,2)=0.;
A(51,2)=0.;
A(52,2)=0.;
A(53,2)=0.;
A(54,2)=0.;
A(55,2)=0.;
A(56,2)=0.;
A(57,2)=0.;
A(58,2)=0.;
A(59,2)=0.;
A(60,2)=0.;
A(61,2)=0.;
A(62,2)=0.;
A(63,2)=0.;
A(64,2)=0.;
A(65,2)=0.;
A(66,2)=0.;
A(67,2)=0.;
A(68,2)=0.;
A(69,2)=0.;
A(70,2)=0.;
A(71,2)=0.;
A(72,2)=0.;
A(73,2)=0.;
A(74,2)=0.;
A(75,2)=0.;
A(76,2)=0.;
B(2)=0.;
A(2,3)=-0.00012401156676680695;
A(3,3)=0.0007569177536515103;
A(4,3)=0.0016456092253455377;
A(5,3)=0.0014453943383630295;
A(6,3)=0.0015582797361995216;
A(7,3)=0.0014817537775962874;
A(8,3)=0.0015384886453937415;
A(9,3)=0.0014940846647506928;
A(10,3)=0.0015301392333137587;
A(11,3)=0.0015000698868213383;
A(12,3)=0.0015256656698104225;
A(13,3)=0.0015035226023011445;
A(14,3)=0.001522932062105033;
A(15,3)=0.0015057323147835329;
A(16,3)=0.001521114679276351;
A(17,3)=0.0015072490674127486;
A(18,3)=0.0015198328285849238;
A(19,3)=0.0015083443127586965;
A(20,3)=0.0015188876580041627;
A(21,3)=0.001509154010020907;
A(22,3)=0.0015179578784220587;
A(23,3)=0.0015069070186309664;
A(24,3)=0.0014822075600811513;
A(25,3)=0.0011072256361960057;
A(26,3)=-0.002878918264389875;
A(27,3)=-0.0448474867928684;
A(28,3)=-0.4696439531285037;
A(29,3)=-4.579989293198434;
A(30,3)=-42.44114441996591;
A(31,3)=0.;
A(32,3)=0.;
A(33,3)=0.;
A(34,3)=0.;
A(35,3)=0.;
A(36,3)=0.;
A(37,3)=0.;
A(38,3)=0.;
A(39,3)=0.;
A(40,3)=0.;
A(41,3)=0.;
A(42,3)=0.;
A(43,3)=0.;
A(44,3)=0.;
A(45,3)=0.;
A(46,3)=0.;
A(47,3)=0.;
A(48,3)=0.;
A(49,3)=0.;
A(50,3)=0.;
A(51,3)=0.;
A(52,3)=0.;
A(53,3)=0.;
A(54,3)=0.;
A(55,3)=0.;
A(56,3)=0.;
A(57,3)=0.;
A(58,3)=0.;
A(59,3)=0.;
A(60,3)=0.;
A(61,3)=0.;
A(62,3)=0.;
A(63,3)=0.;
A(64,3)=0.;
A(65,3)=0.;
A(66,3)=0.;
A(67,3)=0.;
A(68,3)=0.;
A(69,3)=0.;
A(70,3)=0.;
A(71,3)=0.;
A(72,3)=0.;
A(73,3)=0.;
A(74,3)=0.;
A(75,3)=0.;
A(76,3)=0.;
B(3)=0.;
A(2,4)=0.00009533119423980107;
A(3,4)=-0.00020678140001553568;
A(4,4)=0.0011877672962538185;
A(5,4)=0.002585305393830332;
A(6,4)=0.0022644094166547547;
A(7,4)=0.002449043472359889;
A(8,4)=0.0023216152549109504;
A(9,4)=0.0024175386874327946;
A(10,4)=0.0023414890954826634;
A(11,4)=0.0024039197907910876;
A(12,4)=0.00235136108036288;
A(13,4)=0.002396465483702399;
A(14,4)=0.0023571679503602318;
A(15,4)=0.0023918291757090613;
A(16,4)=0.0023609444535342534;
A(17,4)=0.0023887015248066027;
A(18,4)=0.002363571321732512;
A(19,4)=0.0023864685914245774;
A(20,4)=0.0023654895361954337;
A(21,4)=0.0023848056756275984;
A(22,4)=0.002366882539828475;
A(23,4)=0.0023821069846825748;
A(24,4)=0.0023463570998128115;
A(25,4)=0.0021413427290857797;
A(26,4)=0.0005808781530768845;
A(27,4)=0.00003008807153770084;
A(28,4)=0.19871994327682074;
A(29,4)=4.284004274798406;
A(30,4)=0.;
A(31,4)=0.;
A(32,4)=0.;
A(33,4)=0.;
A(34,4)=0.;
A(35,4)=0.;
A(36,4)=0.;
A(37,4)=0.;
A(38,4)=0.;
A(39,4)=0.;
A(40,4)=0.;
A(41,4)=0.;
A(42,4)=0.;
A(43,4)=0.;
A(44,4)=0.;
A(45,4)=0.;
A(46,4)=0.;
A(47,4)=0.;
A(48,4)=0.;
A(49,4)=0.;
A(50,4)=0.;
A(51,4)=0.;
A(52,4)=0.;
A(53,4)=0.;
A(54,4)=0.;
A(55,4)=0.;
A(56,4)=0.;
A(57,4)=0.;
A(58,4)=0.;
A(59,4)=0.;
A(60,4)=0.;
A(61,4)=0.;
A(62,4)=0.;
A(63,4)=0.;
A(64,4)=0.;
A(65,4)=0.;
A(66,4)=0.;
A(67,4)=0.;
A(68,4)=0.;
A(69,4)=0.;
A(70,4)=0.;
A(71,4)=0.;
A(72,4)=0.;
A(73,4)=0.;
A(74,4)=0.;
A(75,4)=0.;
A(76,4)=0.;
B(4)=0.;
A(2,5)=-0.00008061845017493439;
A(3,5)=0.0001461758609214904;
A(4,5)=-0.0002855095290029946;
A(5,5)=0.0016166162267593847;
A(6,5)=0.0035203223846059016;
A(7,5)=0.0030797751914554273;
A(8,5)=0.003335710791372454;
A(9,5)=0.0031573865591295264;
A(10,5)=0.0032928022408997104;
A(11,5)=0.00318459415088412;
A(12,5)=0.003274050975764872;
A(13,5)=0.003198266106322621;
A(14,5)=0.0032636678523309142;
A(15,5)=0.0032063993186980774;
A(16,5)=0.0032571399861028552;
A(17,5)=0.00321174297093395;
A(18,5)=0.0032526938385412066;
A(19,5)=0.0032154937975357326;
A(20,5)=0.003249495299550239;
A(21,5)=0.0032182735588688863;
A(22,5)=0.0032470990680633807;
A(23,5)=0.0032174522460550236;
A(24,5)=0.003179809440546888;
A(25,5)=0.0021969694030278515;
A(26,5)=-0.010303057015080224;
A(27,5)=-0.15808921338365423;
A(28,5)=-1.7781754909336165;
A(29,5)=-18.406215466457894;
A(30,5)=-177.44249844716444;
A(31,5)=0.;
A(32,5)=0.;
A(33,5)=0.;
A(34,5)=0.;
A(35,5)=0.;
A(36,5)=0.;
A(37,5)=0.;
A(38,5)=0.;
A(39,5)=0.;
A(40,5)=0.;
A(41,5)=0.;
A(42,5)=0.;
A(43,5)=0.;
A(44,5)=0.;
A(45,5)=0.;
A(46,5)=0.;
A(47,5)=0.;
A(48,5)=0.;
A(49,5)=0.;
A(50,5)=0.;
A(51,5)=0.;
A(52,5)=0.;
A(53,5)=0.;
A(54,5)=0.;
