nodegauss(2)=0.0013680690752592183;
nodegauss(3)=0.007194244227365833;
nodegauss(4)=0.017618872206246784;
nodegauss(5)=0.03254696203113015;
nodegauss(6)=0.05183942211697394;
nodegauss(7)=0.07531619313371501;
nodegauss(8)=0.1027581020160288;
nodegauss(9)=0.13390894062985517;
nodegauss(10)=0.1684778665348924;
nodegauss(11)=0.20614212137961885;
nodegauss(12)=0.2465500455338853;
nodegauss(13)=0.2893243619346823;
nodegauss(14)=0.33406569885893617;
nodegauss(15)=0.38035631887393145;
nodegauss(16)=0.42776401920860174;
nodegauss(17)=0.4758461671561308;
nodegauss(18)=0.5241538328438692;
nodegauss(19)=0.5722359807913983;
nodegauss(20)=0.6196436811260685;
nodegauss(21)=0.6659343011410638;
nodegauss(22)=0.7106756380653176;
nodegauss(23)=0.7534499544661147;
nodegauss(24)=0.7938578786203812;
nodegauss(25)=0.8315221334651076;
nodegauss(26)=0.8660910593701449;
nodegauss(27)=0.8972418979839712;
nodegauss(28)=0.9246838068662849;
nodegauss(29)=0.9481605778830261;
nodegauss(30)=0.9674530379688698;
nodegauss(31)=0.9823811277937532;
nodegauss(32)=0.9928057557726342;
nodegauss(33)=0.9986319309247408;
tc=nodegauss;
A(2,2)=0.00175465250236752415010176593471;
A(3,2)=0.00379678264283663787590446583343;
A(4,2)=0.0033684764205111213535615082116;
A(5,2)=0.00359680421963552845050686008422;
A(6,2)=0.00344821216437478708864849668797;
A(7,2)=0.00355506027858630802702988791225;
A(8,2)=0.00347338836349002915762037027886;
A(9,2)=0.00353846462924396343264061194652;
A(10,2)=0.00348502394600948077428776704215;
A(11,2)=0.00352992605164203076092066294293;
A(12,2)=0.00349151467673251363660988496844;
A(13,2)=0.003524850863064736517854450246;
A(14,2)=0.00349557621940838327782292179454;
A(15,2)=0.00352153629233071325911693160988;
A(16,2)=0.00349832719413413231669806144759;
A(17,2)=0.00351921893908031046880311649203;
A(18,2)=0.00350030550648003732470870608114;
A(19,2)=0.00351750920940007268843135544563;
A(20,2)=0.0035018002861612299227850337826;
A(21,2)=0.0035161877030892908432957671897;
A(22,2)=0.00350298158515261880187486674308;
A(23,2)=0.00351511978701238443737510664605;
A(24,2)=0.00350395843943367472920855571778;
A(25,2)=0.00351421483773549928879052960513;
A(26,2)=0.00350480858570186203764640093591;
A(27,2)=0.00351340341803310756150164164786;
A(28,2)=0.00350559745188145079840884185248;
A(29,2)=0.00351261934353543090958184684559;
A(30,2)=0.00350639852962630397302832853808;
A(31,2)=0.00351177050473547324901195591768;
A(32,2)=0.00350734746297676017810007821666;
A(33,2)=0.0035106010723769226460536601761;
B(2)=0.00350930500473504830020353186943;
A(2,3)=-0.000666588477271291519176205426914;
A(3,3)=0.0040685986827264176512926405516;
A(4,3)=0.00884550705973187271186233426995;
A(5,3)=0.00776931939954381781375328504414;
A(6,3)=0.00837607815577018067707158318561;
A(7,3)=0.00796477948954524748160275435845;
A(8,3)=0.00826966929564307035734753628805;
A(9,3)=0.0080310963365738757316171853742;
A(10,3)=0.00822474452380224472933932011727;
A(11,3)=0.00806332339668155318782283682052;
A(12,3)=0.00820063141109395742606469865452;
A(13,3)=0.00808196214596538904628364363774;
A(14,3)=0.00818584355300477296245726303191;
A(15,3)=0.0080939501976657334212554993396;
A(16,3)=0.00817594606873088267246056409432;
A(17,3)=0.0081022523894019797734280146349;
A(18,3)=0.00816888305198772835141617837896;
A(19,3)=0.00810833893224655584944046711072;
A(20,3)=0.0081635746490170845716413439466;
A(21,3)=0.00811302224136408036120443332749;
A(22,3)=0.00815939574625115766874818279295;
A(23,3)=0.00811679411141684978943742076498;
A(24,3)=0.00815595028742821807624982542149;
A(25,3)=0.00811998202453303583200800602963;
A(26,3)=0.00815295872154036353566633831777;
A(27,3)=0.00812283451635438248103439858204;
A(28,3)=0.00815018793159625251861869880397;
A(29,3)=0.0081255863678423939352154927791;
A(30,3)=0.00814737825588151521528295468078;
A(31,3)=0.00812856193034539582862472415369;
A(32,3)=0.00814405324339726093725743628961;
A(33,3)=0.00813265831751690114841746961939;
B(3)=0.00813719736545283530258528110319;
A(2,4)=0.00050949242131988002248889649207;
A(3,4)=-0.00110513762961406738308815809671;
A(4,4)=0.00634801632731551486393814744731;
A(5,4)=0.0138171420356102985878690335733;
A(6,4)=0.0121021498257758318010003485876;
A(7,4)=0.0130888531443070945455201166298;
A(8,4)=0.0124079382159317645017665659197;
A(9,4)=0.0129204077564277829884026843881;
A(10,4)=0.0125142401798312421158643964788;
A(11,4)=0.0128475150701311445248725597499;
A(12,4)=0.0125671301308439550217473165478;
A(13,4)=0.0128075210986363270392026334506;
A(14,4)=0.0125983477018323475308251530953;
A(15,4)=0.012782527802624291926293363577;
A(16,4)=0.0126187815634997517114954769557;
A(17,4)=0.0127655212928602950312847245842;
A(18,4)=0.0126331575123974428297392360933;
A(19,4)=0.0127531983337179050681304731845;
A(20,4)=0.0126438571994882811002880114599;
A(21,4)=0.0127437944368254464778515486097;
A(22,4)=0.0126522207539894018326207229519;
A(23,4)=0.0127362671175812607663862960725;
A(24,4)=0.0126590793274007146676407922455;
A(25,4)=0.0127299354262432531142001623932;
A(26,4)=0.0126650091808037279796865996236;
A(27,4)=0.0127242913165534483388449757684;
A(28,4)=0.0126704829528164276945948867547;
A(29,4)=0.012718862517776898976351112314;
A(30,4)=0.0126760191936845767747554642865;
A(31,4)=0.0127130052395861478372255091107;
A(32,4)=0.0126825592483478705210101522487;
A(33,4)=0.0127049523890152318974250214337;
B(4)=0.0126960326546310297278762948946;
A(2,5)=-0.00042728347813165900019622613086;
A(3,5)=0.000774750716126028771764775581741;
A(4,5)=-0.00151325812871826116069251695838;
A(5,5)=0.00856846572825535827567193306309;
A(6,5)=0.0186585565500431657767783651946;
A(7,5)=0.0163236258720511683321313663546;
A(8,5)=0.0176799906889035399386436114957;
A(9,5)=0.0167350897813832730530865841028;
A(10,5)=0.0174524315603702010103790503324;
A(11,5)=0.0168794620208046144980098409097;
A(12,5)=0.0173528441381682056551531452214;
A(13,5)=0.0169521678547183235969649530091;
A(14,5)=0.0172975251380477565282254802002;
A(15,5)=0.01699561203675883078517268939;
A(16,5)=0.0172625330965015121236325265;
A(17,5)=0.0170243913900644063509302853795;
A(18,5)=0.0172384380853014282512067504204;
A(19,5)=0.0170448823539364581158205893683;
A(20,5)=0.0172207641275492604697444097262;
A(21,5)=0.0170603284710391422407342750305;
A(22,5)=0.017207093375500628552262817686;
A(23,5)=0.0170725804081330035739646248814;
A(24,5)=0.0171959713759194218833988099119;
A(25,5)=0.0170828142192756316172568270485;
A(26,5)=0.0171864151400543981725149818465;
A(27,5)=0.0170918861925515730122911568488;
A(28,5)=0.0171776373816238209322902520112;
A(29,5)=0.0171005740755118065463852603867;
A(30,5)=0.0171687931082454749408361382027;
A(31,5)=0.0171099175602978853569243954976;
A(32,5)=0.0171583724040024484852378288635;
A(33,5)=0.0171227383143781857931324210152;
B(5)=0.0171369314565107165513438661262;
A(2,6)=0.000372861104410886612496141092171;
A(3,6)=-0.000628759062484241005815082921001;
A(4,6)=0.00100186826018887860048693617796;
A(5,6)=-0.00190174587265019587521612655445;
A(6,6)=0.0107089745055566701642196616515;
A(7,6)=0.0233247964374957954881396941888;
A(8,6)=0.0203938341358543218024876431428;
A(9,6)=0.0221055112431337497391490481047;
A(10,6)=0.0209064009028064895348665118038;
A(11,6)=0.0218216617883030166242780536746;
A(12,6)=0.0210869196862988066682794089588;
A(13,6)=0.0216967520141567488064191827785;
A(14,6)=0.0211784390885790334306101725155;
A(15,6)=0.0216268480595623749833395445446;
A(16,6)=0.0212335627669770461645354017104;
A(17,6)=0.0215822580256206165238818397368;
A(18,6)=0.0212704010381143427301156360136;
A(19,6)=0.0215512693925066119029708219297;
A(20,6)=0.0212968881943338348448831368468;
A(21,6)=0.0215282977573785554391147757678;
A(22,6)=0.0213170863696309435330835971153;
A(23,6)=0.0215102987143040250513447801251;
A(24,6)=0.021333344006405512368973248256;
A(25,6)=0.0214954053392218989969587717964;
A(26,6)=0.0213471967722931480772260529063;
A(27,6)=0.0214823004969510717443526027877;
A(28,6)=0.0213598372892072389627432105026;
