nodegauss(2)=0.03376524289842399;
nodegauss(3)=0.16939530676686773;
nodegauss(4)=0.38069040695840156;
nodegauss(5)=0.6193095930415985;
nodegauss(6)=0.8306046932331322;
nodegauss(7)=0.966234757101576;
tc=nodegauss;
A(2,2)=0.0428311230947925862600740355432;
A(3,2)=0.0926734914303788631865122917633;
A(4,2)=0.0822479226128438738077716511411;
A(5,2)=0.0877378719744515067137433602439;
A(6,2)=0.0843066851341001107446302003356;
A(7,2)=0.0864750263608499346324472067379;
B(2)=0.0856622461895851725201480710864;
A(2,3)=-0.0147637259971974124753725910605;
A(3,3)=0.0901903932620346518924583784594;
A(4,3)=0.196032162333245006055759781564;
A(5,3)=0.172390794624406967987712335439;
A(6,3)=0.185267979452106975248330960685;
A(7,3)=0.177526353208969968653987471089;
B(3)=0.180380786524069303784916756919;
A(2,4)=0.009325050706477751191438884508;
A(3,4)=-0.0203001022932395859524940805243;
A(4,4)=0.116978483643172761847467585997;
A(5,4)=0.25443949503200162132479418386;
A(6,4)=0.223593811046099099964215226188;
A(7,4)=0.239625825335829035595856428411;
B(4)=0.233956967286345523694935171995;
A(2,5)=-0.00566885804948351190092125641622;
A(3,5)=0.0103631562402464237307199458066;
A(4,5)=-0.0204825277456560976298590118654;
A(5,5)=0.116978483643172761847467585997;
A(6,5)=0.254257069579585109647429252519;
A(7,5)=0.224631916579867772503496287487;
B(5)=0.233956967286345523694935171995;
A(2,6)=0.00285443331509933513092928583012;
A(3,6)=-0.00488719292803767146341420376579;
A(4,6)=0.00798999189966233579720442148031;
A(5,6)=-0.0156513758091757022708430246449;
A(6,6)=0.0901903932620346518924583784594;
A(7,6)=0.195144512521266716260289347979;
B(6)=0.180380786524069303784916756919;
A(2,7)=-0.000812780171264762112299135651563;
A(3,7)=0.0013555610554850617755178707508;
A(4,7)=-0.00207562578486633419359528915758;
A(5,7)=0.00341432357674129871237641994524;
A(6,7)=-0.00701124524079369066636422067695;
A(7,7)=0.0428311230947925862600740355432;
B(7)=0.0856622461895851725201480710864;
