nodegauss(2)=0.0008392057126142792;
nodegauss(3)=0.004416445150491846;
nodegauss(4)=0.010830663219458308;
nodegauss(5)=0.020046554134826887;
nodegauss(6)=0.03201150625107309;
nodegauss(7)=0.046657027620949414;
nodegauss(8)=0.06389924415377929;
nodegauss(9)=0.08363939979931934;
nodegauss(10)=0.10576442747629532;
nodegauss(11)=0.1301475984650369;
nodegauss(12)=0.15664924898252436;
nodegauss(13)=0.18511758046390184;
nodegauss(14)=0.21538952919489207;
nodegauss(15)=0.247291700400297;
nodegauss(16)=0.28064136147429647;
nodegauss(17)=0.31524748867975927;
nodegauss(18)=0.3509118613290876;
nodegauss(19)=0.38743019718328864;
nodegauss(20)=0.4245933225680039;
nodegauss(21)=0.4621883705054185;
nodegauss(22)=0.5;
nodegauss(23)=0.5378116294945815;
nodegauss(24)=0.575406677431996;
nodegauss(25)=0.6125698028167114;
nodegauss(26)=0.6490881386709124;
nodegauss(27)=0.6847525113202407;
nodegauss(28)=0.7193586385257036;
nodegauss(29)=0.752708299599703;
nodegauss(30)=0.7846104708051079;
nodegauss(31)=0.8148824195360982;
nodegauss(32)=0.8433507510174757;
nodegauss(33)=0.8698524015349631;
nodegauss(34)=0.8942355725237047;
nodegauss(35)=0.9163606002006807;
nodegauss(36)=0.9361007558462207;
nodegauss(37)=0.9533429723790506;
nodegauss(38)=0.9679884937489269;
nodegauss(39)=0.9799534458651731;
nodegauss(40)=0.9891693367805416;
nodegauss(41)=0.9955835548495081;
nodegauss(42)=0.9991607942873857;
tc=nodegauss;
A(2,2)=0.00107653508954122192100111947616;
A(3,2)=0.00232944699438264393931819658742;
A(4,2)=0.00206666685405634383259170853981;
A(5,2)=0.00220675488737637352604532026085;
A(6,2)=0.00211558563890627098308453170522;
A(7,2)=0.00218114600648814840956058370323;
A(8,2)=0.00213102884764739107425232872649;
A(9,2)=0.00217096819022057242115067001937;
A(10,2)=0.00213816242627404309997599823735;
A(11,2)=0.00216573594171330676792351937926;
A(12,2)=0.00214213687877685377433282773951;
A(13,2)=0.0021626315256820306897374856775;
A(14,2)=0.00214461762809834354446849991045;
A(15,2)=0.00216061106930821304247588209162;
A(16,2)=0.00214629001914973531017086545273;
A(17,2)=0.00215920732866810307881720717395;
A(18,2)=0.002147482748199967577454858681;
A(19,2)=0.00215818284774795518943264407255;
A(20,2)=0.00214837132661838275891538548164;
A(21,2)=0.00215740528196278193914199061838;
A(22,2)=0.00214905733192087589006208293328;
A(23,2)=0.002156795416901800779001242067;
A(24,2)=0.00214960344430374214750380770378;
A(25,2)=0.00215630297875092714924859675469;
A(26,2)=0.00215005051081162816591540651624;
A(27,2)=0.00215589435723452318138697601262;
A(28,2)=0.00215042654350495740961404407615;
A(29,2)=0.00215554588949175508683731728373;
A(30,2)=0.00215075182842272600005399888194;
A(31,2)=0.00215523988928776789485137259115;
A(32,2)=0.00215104209496096717431034243635;
A(33,2)=0.00215496202528479681830611036089;
A(34,2)=0.00215131079679357962287575724435;
A(35,2)=0.00215469918946128091659200880602;
A(36,2)=0.00215157130656572119165417945068;
A(37,2)=0.00215443694911627202278985976268;
A(38,2)=0.00215184029758991090391694997008;
A(39,2)=0.00215415439528521220465147891687;
A(40,2)=0.00215214679628994242779139122563;
A(41,2)=0.00215380532688477984425955924185;
A(42,2)=0.00215258270918876781431067055542;
B(2)=0.00215307017908244384200223895233;
A(2,3)=-0.000409591236568555388240769749367;
A(3,3)=0.00249998469347648633462407415742;
A(4,3)=0.00543519739009407784843854878967;
A(5,3)=0.00477392037047042898846965675316;
A(6,3)=0.00514675834214547920993649679354;
A(7,3)=0.0048940144188631832805021643752;
A(8,3)=0.00508138550822120554125206494759;
A(9,3)=0.00493474903698007013014627658173;
A(10,3)=0.00505379921185956033905851578621;
A(11,3)=0.00495452884768053384438317584106;
A(12,3)=0.005039009904792828352226916423;
A(13,3)=0.00496594893834222460303774068673;
A(14,3)=0.00502996219600778697042298972408;
A(15,3)=0.00497326927627844985655935955307;
A(16,3)=0.00502393440881020958873396168372;
A(17,3)=0.00497830768804566271533891822026;
A(18,3)=0.00501966791670194973712337331421;
A(19,3)=0.00498196205078954155574607735813;
A(20,3)=0.00501650577644151126153679042704;
A(21,3)=0.00498472362571824442404445335468;
A(22,3)=0.00501407353585080488376843732963;
A(23,3)=0.00498688272733449361092500325629;
A(24,3)=0.00501214261775027790759621832805;
A(25,3)=0.00498862190378870770405097015333;
A(26,3)=0.00501056525965510403875052589954;
A(27,3)=0.00499006233489010640837816209125;
A(28,3)=0.00500924076720895531456101424949;
A(29,3)=0.00499128884944498792702068108237;
A(30,3)=0.00500809660078942879338487917357;
A(31,3)=0.0049923645398616461069334150085;
A(32,3)=0.00500707677699605911603176344098;
A(33,3)=0.00499334030015354917203419668095;
A(34,3)=0.00500613362269108452320983567796;
A(35,3)=0.00499426247993890496308430988636;
A(36,3)=0.00500521994881380704564787694458;
A(37,3)=0.00499518191300294230933905533657;
A(38,3)=0.00500427712723610479053564345182;
A(39,3)=0.0049961720207242959224928966277;
A(40,3)=0.0050032033388313004804816470023;
A(41,3)=0.00499739474826620700508392257281;
A(42,3)=0.0050016765846756833224230045595;
B(3)=0.00499996938695297266924814831485;
A(2,4)=0.000313917937138523686718923191947;
A(3,4)=-0.00068091569923091101173698175342;
A(4,4)=0.00391123460195464713270671111988;
A(5,4)=0.00851322769215438513799502250912;
A(6,4)=0.00745654720690009061066699875742;
A(7,4)=0.00806451859130030985736475052024;
A(8,4)=0.00764493318417325251222900527536;
A(9,4)=0.00796076102004286838231457826178;
A(10,4)=0.0077103945823295801778691511107;
A(11,4)=0.00791589263600097008368312979218;
A(12,4)=0.00774292911557954492704758882006;
A(13,4)=0.00789131446105529820294284627457;
A(14,4)=0.00776208773443555392748105946553;
A(15,4)=0.00787600458626959910854853969623;
A(16,4)=0.00777457271225489180052656146997;
A(17,4)=0.00786564924971846603456865782006;
A(18,4)=0.00778328665855060577824089209904;
A(19,4)=0.00785822403374009470095451966479;
A(20,4)=0.00778968405131170154916354736438;
A(21,4)=0.00785265738000121074915546187808;
A(22,4)=0.00779457159703237330902504778983;
A(23,4)=0.00784833034393087250408233493603;
A(24,4)=0.0077984322948163981358730407103;
A(25,4)=0.00784486014511723720576679681502;
A(26,4)=0.00780157390725397402388477564821;
A(27,4)=0.00784199588644690966046756446642;
A(28,4)=0.00780420380535937654048089420833;
A(29,4)=0.0078395637204880896159370806979;
A(30,4)=0.00780646998036757157174925223037;
A(31,4)=0.00783743547798299623189296692313;
A(32,4)=0.00780848569480465352035043751536;
A(33,4)=0.00783550860289570914258803965117;
A(34,4)=0.00781034663934973217390872837603;
A(35,4)=0.00783369041605569070198429427765;
A(36,4)=0.00781214682603956502859834667454;
A(37,4)=0.00783187998857245936815764281743;
A(38,4)=0.00781400231005475451850623685713;
A(39,4)=0.00782993234205171239135575043237;
A(40,4)=0.007816113762566691269016036641;
A(41,4)=0.00782752873268184149951973027057;
A(42,4)=0.00781911439758299035372212016674;
B(4)=0.00782246920390929426541342223977;
A(2,5)=-0.000264313934940823489065544657743;
A(3,5)=0.000479250886555655828456411454232;
A(4,5)=-0.000936073642481568541265749883051;
A(5,5)=0.00530026584219488826892425837334;
A(6,5)=0.0115417848008744208189953712815;
A(7,5)=0.0100974161273589596778649674434;
A(8,5)=0.010936497118797711468363868788;
A(9,5)=0.0103518964008869129655923181541;
A(10,5)=0.0107957881833899528815476117633;
A(11,5)=0.010441134390366770567920024043;
A(12,5)=0.0107342681539540141466274737283;
A(13,5)=0.0104860090635515492823684199065;
A(14,5)=0.0107001678308194149908105560027;
A(15,5)=0.0105127420437302700874988050018;
A(16,5)=0.0106786880493480102320503423562;
A(17,5)=0.0105303503094472641611581080745;
A(18,5)=0.010664010161888100007691500629;
A(19,5)=0.0105427609676044064395209560143;
A(20,5)=0.0106533860308657014220976678172;
A(21,5)=0.0105519555431891048686216100946;
A(22,5)=0.0106453503028290042205542217644;
A(23,5)=0.0105590415570786898815107818969;
A(24,5)=0.0106390497123042395997353528299;
A(25,5)=0.0105646877969842553596989239344;
A(26,5)=0.0106339517075176943890394655199;
