nodegauss(2)=0.0003080872351478264;
nodegauss(3)=0.0016225816616678536;
nodegauss(4)=0.0039845561287757125;
nodegauss(5)=0.00738956927987768;
nodegauss(6)=0.011830524799821522;
nodegauss(7)=0.0172980987089001;
nodegauss(8)=0.023780797760198976;
nodegauss(9)=0.03126499084359956;
nodegauss(10)=0.03973493957604092;
nodegauss(11)=0.04917283203994609;
nodegauss(12)=0.05955882049127204;
nodegauss(13)=0.07087106320867008;
nodegauss(14)=0.08308577047916453;
nodegauss(15)=0.09617725465514566;
nodegauss(16)=0.11011798419055117;
nodegauss(17)=0.12487864154854174;
nodegauss(18)=0.1404281848617635;
nodegauss(19)=0.15673391321699354;
nodegauss(20)=0.1737615354276615;
nodegauss(21)=0.1914752421500583;
nodegauss(22)=0.20983778119182464;
nodegauss(23)=0.22881053585449831;
nodegauss(24)=0.24835360614545757;
nodegauss(25)=0.26842589268853045;
nodegauss(26)=0.2889851831568432;
nodegauss(27)=0.30998824104616274;
nodegauss(28)=0.3313908966020596;
nodegauss(29)=0.3531481397096806;
nodegauss(30)=0.3752142145507916;
nodegauss(31)=0.39754271582903034;
nodegauss(32)=0.42008668636101054;
nodegauss(33)=0.44279871582804464;
nodegauss(34)=0.46563104048081144;
nodegauss(35)=0.48853564358728885;
nodegauss(36)=0.5114643564127112;
nodegauss(37)=0.5343689595191886;
nodegauss(38)=0.5572012841719554;
nodegauss(39)=0.5799133136389895;
nodegauss(40)=0.6024572841709697;
nodegauss(41)=0.6247857854492084;
nodegauss(42)=0.6468518602903194;
nodegauss(43)=0.6686091033979403;
nodegauss(44)=0.6900117589538373;
nodegauss(45)=0.7110148168431568;
nodegauss(46)=0.7315741073114695;
nodegauss(47)=0.7516463938545425;
nodegauss(48)=0.7711894641455017;
nodegauss(49)=0.7901622188081754;
nodegauss(50)=0.8085247578499417;
nodegauss(51)=0.8262384645723385;
nodegauss(52)=0.8432660867830065;
nodegauss(53)=0.8595718151382366;
nodegauss(54)=0.8751213584514582;
nodegauss(55)=0.8898820158094488;
nodegauss(56)=0.9038227453448543;
nodegauss(57)=0.9169142295208355;
nodegauss(58)=0.9291289367913299;
nodegauss(59)=0.940441179508728;
nodegauss(60)=0.950827167960054;
nodegauss(61)=0.9602650604239591;
nodegauss(62)=0.9687350091564004;
nodegauss(63)=0.9762192022398011;
nodegauss(64)=0.9827019012910999;
nodegauss(65)=0.9881694752001785;
nodegauss(66)=0.9926104307201223;
nodegauss(67)=0.9960154438712243;
nodegauss(68)=0.9983774183383322;
nodegauss(69)=0.9996919127648521;
tc=nodegauss;
A(2,2)=0.0003952850640932282;
A(3,2)=0.0008553326718363237;
A(4,2)=0.0007588442240225215;
A(5,2)=0.0008102824451118632;
A(6,2)=0.0007768060471869889;
A(7,2)=0.0008008797499919205;
A(8,2)=0.000782475930805434;
A(9,2)=0.0007971433978867038;
A(10,2)=0.00078509430267462;
A(11,2)=0.0007952233695430275;
A(12,2)=0.000786552261769359;
A(13,2)=0.0007940851229186538;
A(14,2)=0.0007874612349831001;
A(15,2)=0.0007933454609578211;
A(16,2)=0.0007880727652669989;
A(17,2)=0.0007928329341112878;
A(18,2)=0.0007885074176902282;
A(19,2)=0.0007924604931296247;
A(20,2)=0.0007888294534429187;
A(21,2)=0.0007921792197364988;
A(22,2)=0.0007890688012516799;
A(23,2)=0.0007918739535126788;
A(24,2)=0.000788326212407344;
A(25,2)=0.0007825413758237419;
A(26,2)=0.;
A(27,2)=0.;
A(28,2)=0.;
A(29,2)=0.;
A(30,2)=0.;
A(31,2)=0.;
A(32,2)=0.;
A(33,2)=0.;
A(34,2)=0.;
A(35,2)=0.;
A(36,2)=0.;
A(37,2)=0.;
A(38,2)=0.;
A(39,2)=0.;
A(40,2)=0.;
A(41,2)=0.;
A(42,2)=0.;
A(43,2)=0.;
A(44,2)=0.;
A(45,2)=0.;
A(46,2)=0.;
A(47,2)=0.;
A(48,2)=0.;
A(49,2)=0.;
A(50,2)=0.;
A(51,2)=0.;
A(52,2)=0.;
A(53,2)=0.;
A(54,2)=0.;
A(55,2)=0.;
A(56,2)=0.;
A(57,2)=0.;
A(58,2)=0.;
A(59,2)=0.;
A(60,2)=0.;
A(61,2)=0.;
A(62,2)=0.;
A(63,2)=0.;
A(64,2)=0.;
A(65,2)=0.;
A(66,2)=0.;
A(67,2)=0.;
A(68,2)=0.;
A(69,2)=0.;
B(2)=0.;
A(2,3)=-0.0001506227000837561;
A(3,3)=0.0009193416487529326;
A(4,3)=0.0019987337894966026;
A(5,3)=0.0017555556486013506;
A(6,3)=0.001892664569410439;
A(7,3)=0.00179971738689464;
A(8,3)=0.001868626487785921;
A(9,3)=0.0018146944389284434;
A(10,3)=0.001858485247997718;
A(11,3)=0.001821964200710579;
A(12,3)=0.0018530514889528004;
A(13,3)=0.0018261580912190894;
A(14,3)=0.0018497309748297746;
A(15,3)=0.0018288423341526656;
A(16,3)=0.001847523202443164;
A(17,3)=0.0018306850152679808;
A(18,3)=0.0018459657734260075;
A(19,3)=0.0018320158960570463;
A(20,3)=0.0018448186125206464;
A(21,3)=0.001833025718947982;
A(22,3)=0.001844040969881749;
A(23,3)=0.0018344474448507568;
A(24,3)=0.0018450771757200003;
A(25,3)=0.0018044118386102358;
A(26,3)=0.;
A(27,3)=0.;
A(28,3)=0.;
A(29,3)=0.;
A(30,3)=0.;
A(31,3)=0.;
A(32,3)=0.;
A(33,3)=0.;
A(34,3)=0.;
A(35,3)=0.;
A(36,3)=0.;
A(37,3)=0.;
A(38,3)=0.;
A(39,3)=0.;
A(40,3)=0.;
A(41,3)=0.;
A(42,3)=0.;
A(43,3)=0.;
A(44,3)=0.;
A(45,3)=0.;
A(46,3)=0.;
A(47,3)=0.;
A(48,3)=0.;
A(49,3)=0.;
A(50,3)=0.;
A(51,3)=0.;
A(52,3)=0.;
A(53,3)=0.;
A(54,3)=0.;
A(55,3)=0.;
A(56,3)=0.;
A(57,3)=0.;
A(58,3)=0.;
A(59,3)=0.;
A(60,3)=0.;
A(61,3)=0.;
A(62,3)=0.;
A(63,3)=0.;
A(64,3)=0.;
A(65,3)=0.;
A(66,3)=0.;
A(67,3)=0.;
A(68,3)=0.;
A(69,3)=0.;
B(3)=0.;
A(2,4)=0.00011575556692617857;
A(3,4)=-0.00025108360831497335;
A(4,4)=0.001442242479682488;
A(5,4)=0.0031391984190117105;
A(6,4)=0.0027495516800670338;
A(7,4)=0.002973742693554135;
A(8,4)=0.00281901387181182;
A(9,4)=0.002935487863300048;
A(10,4)=0.0028431459284748613;
A(11,4)=0.0029189507846598757;
A(12,4)=0.0028551334038109254;
A(13,4)=0.0029098988895962445;
A(14,4)=0.002862184986061203;
A(15,4)=0.00290426857073243;
A(16,4)=0.002866771383081163;
A(17,4)=0.0029004699411668707;
A(18,4)=0.0028699620431245736;
A(19,4)=0.0028977574742252298;
A(20,4)=0.0028722921254128136;
A(21,4)=0.0028957364404170773;
A(22,4)=0.0028740590261404505;
A(23,4)=0.0028944324771640966;
A(24,4)=0.0028819883925609003;
A(25,4)=0.;
A(26,4)=0.;
A(27,4)=0.;
A(28,4)=0.;
A(29,4)=0.;
A(30,4)=0.;
A(31,4)=0.;
A(32,4)=0.;
A(33,4)=0.;
A(34,4)=0.;
A(35,4)=0.;
A(36,4)=0.;
A(37,4)=0.;
A(38,4)=0.;
A(39,4)=0.;
A(40,4)=0.;
A(41,4)=0.;
A(42,4)=0.;
A(43,4)=0.;
A(44,4)=0.;
A(45,4)=0.;
A(46,4)=0.;
A(47,4)=0.;
A(48,4)=0.;
A(49,4)=0.;
A(50,4)=0.;
A(51,4)=0.;
A(52,4)=0.;
A(53,4)=0.;
A(54,4)=0.;
A(55,4)=0.;
A(56,4)=0.;
A(57,4)=0.;
A(58,4)=0.;
A(59,4)=0.;
A(60,4)=0.;
A(61,4)=0.;
A(62,4)=0.;
A(63,4)=0.;
A(64,4)=0.;
A(65,4)=0.;
A(66,4)=0.;
A(67,4)=0.;
A(68,4)=0.;
A(69,4)=0.;
B(4)=0.;
A(2,5)=-0.0000978510829856885;
A(3,5)=0.00017742177946847198;
A(4,5)=-0.00034653889011177527;
A(5,5)=0.001962177848294292;
A(6,5)=0.004272812773501311;
A(7,5)=0.003738096215702097;
A(8,5)=0.004048739026866983;
A(9,5)=0.00383229787429996;
A(10,5)=0.003996658026312212;
A(11,5)=0.003865321846708366;
A(12,5)=0.003973897857591233;
A(13,5)=0.003881917094766852;
A(14,5)=0.003961294318639417;
A(15,5)=0.0038917899298728073;
A(16,5)=0.003953369833770042;
A(17,5)=0.0038982772242751864;
A(18,5)=0.003947971697757329;
A(19,5)=0.0039028312195370264;
A(20,5)=0.003944083801734442;
A(21,5)=0.0039061810447169327;
A(22,5)=0.003941182856898819;
A(23,5)=0.003909440205730822;
A(24,5)=0.0039514549462720625;
A(25,5)=0.004086116808336331;
A(26,5)=0.;
A(27,5)=0.;
A(28,5)=0.;
A(29,5)=0.;
A(30,5)=0.;
A(31,5)=0.;
A(32,5)=0.;
A(33,5)=0.;
A(34,5)=0.;
A(35,5)=0.;
A(36,5)=0.;
A(37,5)=0.;
A(38,5)=0.;
A(39,5)=0.;
A(40,5)=0.;
A(41,5)=0.;
A(42,5)=0.;
A(43,5)=0.;
A(44,5)=0.;
A(45,5)=0.;
A(46,5)=0.;
A(47,5)=0.;
A(48,5)=0.;
A(49,5)=0.;
A(50,5)=0.;
A(51,5)=0.;
A(52,5)=0.;
A(53,5)=0.;
A(54,5)=0.;
A(55,5)=0.;
A(56,5)=0.;
A(57,5)=0.;
A(58,5)=0.;
A(59,5)=0.;
A(60,5)=0.;
A(61,5)=0.;
A(62,5)=0.;
A(63,5)=0.;
A(64,5)=0.;
A(65,5)=0.;
A(66,5)=0.;
A(67,5)=0.;
A(68,5)=0.;
A(69,5)=0.;
B(5)=0.;
A(2,6)=0.0000862855698877831;
A(3,6)=-0.00014550152149805682;
A(4,6)=0.00023183668005262225;
A(5,6)=-0.0004400603881912876;
A(6,6)=0.0024780003128964845;
A(7,6)=0.0053972450233643506;
A(8,6)=0.004719002002910043;
A(9,6)=0.005115141028214724;
A(10,6)=0.004837565773132191;
A(11,6)=0.005049511607523683;
A(12,6)=0.0048792734558224075;
A(13,6)=0.005020684476595178;
A(14,6)=0.004900359764877548;
A(15,6)=0.005004616110102698;
A(16,6)=0.004912989756790518;
A(17,6)=0.004994444239990205;
A(18,6)=0.004921344434033635;
A(19,6)=0.004987470207423992;
A(20,6)=0.004927248681017678;
A(21,6)=0.0049824391909377985;
