nodegauss(2)=0.00022873576021507783;
nodegauss(3)=0.0012048028315292823;
nodegauss(4)=0.002959222607228689;
nodegauss(5)=0.0054896461561078315;
nodegauss(6)=0.008792170374360534;
nodegauss(7)=0.01286165020109644;
nodegauss(8)=0.017691735442567608;
nodegauss(9)=0.023274886055365433;
nodegauss(10)=0.029602385346711373;
nodegauss(11)=0.036664354059548064;
nodegauss(12)=0.044449765982709596;
nodegauss(13)=0.05294646524788245;
nodegauss(14)=0.06214118534823526;
nodegauss(15)=0.07201956987239032;
nodegauss(16)=0.08256619493111106;
nodegauss(17)=0.09376459324609661;
nodegauss(18)=0.10559727986540111;
nodegauss(19)=0.11804577946641495;
nodegauss(20)=0.1310906552043609;
nodegauss(21)=0.14471153906158793;
nodegauss(22)=0.15888716365046446;
nodegauss(23)=0.173595395420328;
nodegauss(24)=0.18881326921671138;
nodegauss(25)=0.20451702413893;
nodegauss(26)=0.22068214064007055;
nodegauss(27)=0.23728337881147274;
nodegauss(28)=0.2542948177919401;
nodegauss(29)=0.27168989624015544;
nodegauss(30)=0.28944145380711406;
nodegauss(31)=0.30752177354382454;
nodegauss(32)=0.32590262517806606;
nodegauss(33)=0.3445553091926318;
nodegauss(34)=0.3634507016362382;
nodegauss(35)=0.38255929959713403;
nodegauss(36)=0.4018512672684077;
nodegauss(37)=0.42129648253306917;
nodegauss(38)=0.44086458399616957;
nodegauss(39)=0.4605250183905228;
nodegauss(40)=0.48024708828201296;
nodegauss(41)=0.5;
nodegauss(42)=0.519752911717987;
nodegauss(43)=0.5394749816094772;
nodegauss(44)=0.5591354160038304;
nodegauss(45)=0.5787035174669308;
nodegauss(46)=0.5981487327315923;
nodegauss(47)=0.6174407004028659;
nodegauss(48)=0.6365492983637617;
nodegauss(49)=0.6554446908073682;
nodegauss(50)=0.6740973748219339;
nodegauss(51)=0.6924782264561754;
nodegauss(52)=0.7105585461928859;
nodegauss(53)=0.7283101037598446;
nodegauss(54)=0.7457051822080599;
nodegauss(55)=0.7627166211885272;
nodegauss(56)=0.7793178593599295;
nodegauss(57)=0.79548297586107;
nodegauss(58)=0.8111867307832886;
nodegauss(59)=0.826404604579672;
nodegauss(60)=0.8411128363495355;
nodegauss(61)=0.855288460938412;
nodegauss(62)=0.8689093447956391;
nodegauss(63)=0.8819542205335851;
nodegauss(64)=0.8944027201345989;
nodegauss(65)=0.9062354067539033;
nodegauss(66)=0.9174338050688889;
nodegauss(67)=0.9279804301276097;
nodegauss(68)=0.9378588146517647;
nodegauss(69)=0.9470535347521175;
nodegauss(70)=0.9555502340172904;
nodegauss(71)=0.963335645940452;
nodegauss(72)=0.9703976146532887;
nodegauss(73)=0.9767251139446346;
nodegauss(74)=0.9823082645574324;
nodegauss(75)=0.9871383497989036;
nodegauss(76)=0.9912078296256395;
nodegauss(77)=0.9945103538438922;
nodegauss(78)=0.9970407773927713;
nodegauss(79)=0.9987951971684708;
nodegauss(80)=0.9997712642397849;
tc=nodegauss;
A(2,2)=0.00029348253248915327;
A(3,2)=0.0006350485308567911;
A(4,2)=0.0005634099106214193;
A(5,2)=0.0006016006425021479;
A(6,2)=0.0005767457928764827;
A(7,2)=0.0005946195596088598;
A(8,2)=0.0005809554125934109;
A(9,2)=0.0005918455141508712;
A(10,2)=0.0005828993955452152;
A(11,2)=0.0005904200318549492;
A(12,2)=0.0005839818001401262;
A(13,2)=0.0005895750118078169;
A(14,2)=0.0005846565820528702;
A(15,2)=0.0005890259494576722;
A(16,2)=0.0005851104980998601;
A(17,2)=0.0005886455540509888;
A(18,2)=0.0005854330591114047;
A(19,2)=0.0005883692024372987;
A(20,2)=0.0005856720845142579;
A(21,2)=0.0005881624636392003;
A(22,2)=0.0005858719849112733;
A(23,2)=0.0005881084429207217;
A(24,2)=0.000585431866099384;
A(25,2)=0.0005567065931354986;
A(26,2)=-0.00002100470419596089;
A(27,2)=-0.008196295384232681;
A(28,2)=-0.10642947342183931;
A(29,2)=-1.153327476411853;
A(30,2)=-11.3087059135824;
A(31,2)=0.;
A(32,2)=0.;
A(33,2)=0.;
A(34,2)=0.;
A(35,2)=0.;
A(36,2)=0.;
A(37,2)=0.;
A(38,2)=0.;
A(39,2)=0.;
A(40,2)=0.;
A(41,2)=0.;
A(42,2)=0.;
A(43,2)=0.;
A(44,2)=0.;
A(45,2)=0.;
A(46,2)=0.;
A(47,2)=0.;
A(48,2)=0.;
A(49,2)=0.;
A(50,2)=0.;
A(51,2)=0.;
A(52,2)=0.;
A(53,2)=0.;
A(54,2)=0.;
A(55,2)=0.;
A(56,2)=0.;
A(57,2)=0.;
A(58,2)=0.;
A(59,2)=0.;
A(60,2)=0.;
A(61,2)=0.;
A(62,2)=0.;
A(63,2)=0.;
A(64,2)=0.;
A(65,2)=0.;
A(66,2)=0.;
A(67,2)=0.;
A(68,2)=0.;
A(69,2)=0.;
A(70,2)=0.;
A(71,2)=0.;
A(72,2)=0.;
A(73,2)=0.;
A(74,2)=0.;
A(75,2)=0.;
A(76,2)=0.;
A(77,2)=0.;
A(78,2)=0.;
A(79,2)=0.;
A(80,2)=0.;
B(2)=0.;
A(2,3)=-0.0001118562965228511;
A(3,3)=0.000682726766438714;
A(4,3)=0.0014843111583120962;
A(5,3)=0.0013037207690873786;
A(6,3)=0.0014055414795342207;
A(7,3)=0.0013365163346580398;
A(8,3)=0.0013876902862213088;
A(9,3)=0.0013476385445456483;
A(10,3)=0.0013801593072789518;
A(11,3)=0.0013530370550724157;
A(12,3)=0.0013761242972221562;
A(13,3)=0.0013561512665836845;
A(14,3)=0.0013736587204912338;
A(15,3)=0.0013581442861313074;
A(16,3)=0.0013720195889974265;
A(17,3)=0.0013595122396615437;
A(18,3)=0.0013708635245169025;
A(19,3)=0.0013604999491949516;
A(20,3)=0.0013700110506905702;
A(21,3)=0.0013612277305662288;
A(22,3)=0.0013691079373186522;
A(23,3)=0.001357887893541668;
A(24,3)=0.0013166949329459499;
A(25,3)=0.0007496197598051424;
A(26,3)=-0.005142696264154978;
A(27,3)=-0.06290928889036351;
A(28,3)=-0.6080201425051719;
A(29,3)=-5.7579292739448;
A(30,3)=-55.644437570124865;
A(31,3)=-548.9961476267781;
A(32,3)=-5401.864083843771;
A(33,3)=0.;
A(34,3)=0.;
A(35,3)=0.;
A(36,3)=0.;
A(37,3)=0.;
A(38,3)=0.;
A(39,3)=0.;
A(40,3)=0.;
A(41,3)=0.;
A(42,3)=0.;
A(43,3)=0.;
A(44,3)=0.;
A(45,3)=0.;
A(46,3)=0.;
A(47,3)=0.;
A(48,3)=0.;
A(49,3)=0.;
A(50,3)=0.;
A(51,3)=0.;
A(52,3)=0.;
A(53,3)=0.;
A(54,3)=0.;
A(55,3)=0.;
A(56,3)=0.;
A(57,3)=0.;
A(58,3)=0.;
A(59,3)=0.;
A(60,3)=0.;
A(61,3)=0.;
A(62,3)=0.;
A(63,3)=0.;
A(64,3)=0.;
A(65,3)=0.;
A(66,3)=0.;
A(67,3)=0.;
A(68,3)=0.;
A(69,3)=0.;
A(70,3)=0.;
A(71,3)=0.;
A(72,3)=0.;
A(73,3)=0.;
A(74,3)=0.;
A(75,3)=0.;
A(76,3)=0.;
A(77,3)=0.;
A(78,3)=0.;
A(79,3)=0.;
A(80,3)=0.;
B(3)=0.;
A(2,4)=0.00008599806687481767;
A(3,4)=-0.00018653705340453393;
A(4,4)=0.0010714822782816329;
A(5,4)=0.002332198347943281;
A(6,4)=0.0020427187509941664;
A(7,4)=0.0022092768080074036;
A(8,4)=0.002094323956267784;
A(9,4)=0.0021808564831574295;
A(10,4)=0.002112252013792349;
A(11,4)=0.002168571016139156;
A(12,4)=0.0021211573792343443;
A(13,4)=0.0021618466546334206;
A(14,4)=0.0021263955678114447;
A(15,4)=0.002157664452492898;
A(16,4)=0.0021298021153702724;
A(17,4)=0.002154843261235593;
A(18,4)=0.0021321715161092187;
A(19,4)=0.0021528290853156324;
A(20,4)=0.0021338981476308186;
A(21,4)=0.002151273475316097;
A(22,4)=0.0021343829932208703;
A(23,4)=0.002139505848293312;
A(24,4)=0.002014895376234449;
A(25,4)=0.0009376379307077798;
A(26,4)=-0.00816611989640137;
A(27,4)=-0.06549722294209204;
A(28,4)=-0.20076752021007493;
A(29,4)=2.991700521738778;
A(30,4)=72.46844388381578;
A(31,4)=991.9340608518105;
A(32,4)=10680.043720774353;
A(33,4)=0.;
A(34,4)=0.;
A(35,4)=0.;
A(36,4)=0.;
A(37,4)=0.;
A(38,4)=0.;
A(39,4)=0.;
A(40,4)=0.;
A(41,4)=0.;
A(42,4)=0.;
A(43,4)=0.;
A(44,4)=0.;
A(45,4)=0.;
A(46,4)=0.;
A(47,4)=0.;
A(48,4)=0.;
A(49,4)=0.;
A(50,4)=0.;
A(51,4)=0.;
A(52,4)=0.;
A(53,4)=0.;
A(54,4)=0.;
A(55,4)=0.;
A(56,4)=0.;
A(57,4)=0.;
A(58,4)=0.;
A(59,4)=0.;
A(60,4)=0.;
A(61,4)=0.;
A(62,4)=0.;
A(63,4)=0.;
A(64,4)=0.;
A(65,4)=0.;
A(66,4)=0.;
A(67,4)=0.;
A(68,4)=0.;
A(69,4)=0.;
A(70,4)=0.;
A(71,4)=0.;
A(72,4)=0.;
A(73,4)=0.;
A(74,4)=0.;
A(75,4)=0.;
A(76,4)=0.;
A(77,4)=0.;
A(78,4)=0.;
A(79,4)=0.;
A(80,4)=0.;
B(4)=0.;
A(2,5)=-0.00007273915843882889;
A(3,5)=0.00013188926764936995;
A(4,5)=-0.0002576050448989459;
A(5,5)=0.0014586149671908665;
A(6,5)=0.0031762609299710014;
A(7,5)=0.002778770877223245;
A(8,5)=0.0030096925817797524;
A(9,5)=0.002848796724691908;
A(10,5)=0.0029709778729815573;
A(11,5)=0.002873344989523975;
A(12,5)=0.002954059482033327;
A(13,5)=0.0028856804658782377;
A(14,5)=0.00294469143860209;
A(15,5)=0.00289301845523365;
A(16,5)=0.0029388019377985975;
A(17,5)=0.0028978394358430415;
A(18,5)=0.0029347907695271213;
A(19,5)=0.0029012229252074998;
A(20,5)=0.0029319023856543003;
A(21,5)=0.0029036874256616026;
A(22,5)=0.0029290124565098472;
A(23,5)=0.0028900930667662616;
A(24,5)=0.0026576387120584855;
A(25,5)=-0.0010944400235608498;
