nodegauss(2)=0.0002750327735186789;
nodegauss(3)=0.0014485641786354609;
nodegauss(4)=0.003557524491599046;
nodegauss(5)=0.0065984238120847674;
nodegauss(6)=0.010565610721383114;
nodegauss(7)=0.015451651000609787;
nodegauss(8)=0.021247376211150887;
nodegauss(9)=0.027941907363731016;
nodegauss(10)=0.03552267705954099;
nodegauss(11)=0.043975453655664264;
nodegauss(12)=0.05328436820595437;
nodegauss(13)=0.06343194435061054;
nodegauss(14)=0.07439913117278107;
nodegauss(15)=0.08616533898862284;
nodegauss(16)=0.09870847801535407;
nodegauss(17)=0.11200499985000872;
nodegauss(18)=0.1260299416835838;
nodegauss(19)=0.14075697316888253;
nodegauss(20)=0.1561584458547661;
nodegauss(21)=0.17220544509439947;
nodegauss(22)=0.1888678443302659;
nodegauss(23)=0.2061143616541722;
nodegauss(24)=0.2239126185361428;
nodegauss(25)=0.24222920061199824;
nodegauss(26)=0.2610297204155298;
nodegauss(27)=0.28027888193751965;
nodegauss(28)=0.2999405468904192;
nodegauss(29)=0.31997780255429037;
nodegauss(30)=0.34035303107664394;
nodegauss(31)=0.3610279800960762;
nodegauss(32)=0.38196383455712;
nodegauss(33)=0.40312128958148696;
nodegauss(34)=0.42446062425889497;
nodegauss(35)=0.4459417762189486;
nodegauss(36)=0.4675244168440714;
nodegauss(37)=0.48916802698228795;
nodegauss(38)=0.510831973017712;
nodegauss(39)=0.5324755831559286;
nodegauss(40)=0.5540582237810514;
nodegauss(41)=0.575539375741105;
nodegauss(42)=0.596878710418513;
nodegauss(43)=0.61803616544288;
nodegauss(44)=0.6389720199039238;
nodegauss(45)=0.6596469689233561;
nodegauss(46)=0.6800221974457096;
nodegauss(47)=0.7000594531095808;
nodegauss(48)=0.7197211180624804;
nodegauss(49)=0.7389702795844703;
nodegauss(50)=0.7577707993880017;
nodegauss(51)=0.7760873814638573;
nodegauss(52)=0.7938856383458278;
nodegauss(53)=0.8111321556697341;
nodegauss(54)=0.8277945549056005;
nodegauss(55)=0.8438415541452339;
nodegauss(56)=0.8592430268311175;
nodegauss(57)=0.8739700583164162;
nodegauss(58)=0.8879950001499913;
nodegauss(59)=0.9012915219846459;
nodegauss(60)=0.9138346610113771;
nodegauss(61)=0.9256008688272189;
nodegauss(62)=0.9365680556493895;
nodegauss(63)=0.9467156317940456;
nodegauss(64)=0.9560245463443358;
nodegauss(65)=0.964477322940459;
nodegauss(66)=0.972058092636269;
nodegauss(67)=0.9787526237888491;
nodegauss(68)=0.9845483489993903;
nodegauss(69)=0.9894343892786169;
nodegauss(70)=0.9934015761879152;
nodegauss(71)=0.9964424755084009;
nodegauss(72)=0.9985514358213645;
nodegauss(73)=0.9997249672264813;
tc=nodegauss;
A(2,2)=0.00035287909849335855;
A(3,2)=0.0007635730511408904;
A(4,2)=0.0006774358277256819;
A(5,2)=0.0007233557935328114;
A(6,2)=0.0006934707076737433;
A(7,2)=0.0007149618267708266;
A(8,2)=0.0006985323127373142;
A(9,2)=0.0007116263296241471;
A(10,2)=0.000700869760927034;
A(11,2)=0.0007099123124963615;
A(12,2)=0.0007021712734731988;
A(13,2)=0.0007088962201390121;
A(14,2)=0.000702982682008544;
A(15,2)=0.0007082359664308982;
A(16,2)=0.000703528542267144;
A(17,2)=0.0007077784967509901;
A(18,2)=0.0007039164836910102;
A(19,2)=0.0007074461141201143;
A(20,2)=0.0007042040653252793;
A(21,2)=0.0007071978738426479;
A(22,2)=0.000704451424335084;
A(23,2)=0.0007072978979693935;
A(24,2)=0.0007075198348331743;
A(25,2)=0.0007336029266129178;
A(26,2)=0.0009394052766857897;
A(27,2)=0.;
A(28,2)=0.;
A(29,2)=0.;
A(30,2)=0.;
A(31,2)=0.;
A(32,2)=0.;
A(33,2)=0.;
A(34,2)=0.;
A(35,2)=0.;
A(36,2)=0.;
A(37,2)=0.;
A(38,2)=0.;
A(39,2)=0.;
A(40,2)=0.;
A(41,2)=0.;
A(42,2)=0.;
A(43,2)=0.;
A(44,2)=0.;
A(45,2)=0.;
A(46,2)=0.;
A(47,2)=0.;
A(48,2)=0.;
A(49,2)=0.;
A(50,2)=0.;
A(51,2)=0.;
A(52,2)=0.;
A(53,2)=0.;
A(54,2)=0.;
A(55,2)=0.;
A(56,2)=0.;
A(57,2)=0.;
A(58,2)=0.;
A(59,2)=0.;
A(60,2)=0.;
A(61,2)=0.;
A(62,2)=0.;
A(63,2)=0.;
A(64,2)=0.;
A(65,2)=0.;
A(66,2)=0.;
A(67,2)=0.;
A(68,2)=0.;
A(69,2)=0.;
A(70,2)=0.;
A(71,2)=0.;
A(72,2)=0.;
A(73,2)=0.;
B(2)=0.;
A(2,3)=-0.00013447663980115543;
A(3,3)=0.000820792443666874;
A(4,3)=0.0017844787073908897;
A(5,3)=0.0015673681231449198;
A(6,3)=0.001689779650033689;
A(7,3)=0.0016067958834718153;
A(8,3)=0.0016683183974414988;
A(9,3)=0.0016201673910654025;
A(10,3)=0.0016592643428710594;
A(11,3)=0.0016266577577823786;
A(12,3)=0.0016544131884013834;
A(13,3)=0.0016304019298613772;
A(14,3)=0.0016514487943744798;
A(15,3)=0.001632798232850491;
A(16,3)=0.0016494779133078656;
A(17,3)=0.0016344431297268462;
A(18,3)=0.0016480877141971698;
A(19,3)=0.001635630925581548;
A(20,3)=0.0016470625183339488;
A(21,3)=0.0016365160760407704;
A(22,3)=0.0016462009929449472;
A(23,3)=0.0016361745229566183;
A(24,3)=0.001632011050975401;
A(25,3)=0.0014602885550560724;
A(26,3)=0.;
A(27,3)=0.;
A(28,3)=0.;
A(29,3)=0.;
A(30,3)=0.;
A(31,3)=0.;
A(32,3)=0.;
A(33,3)=0.;
A(34,3)=0.;
A(35,3)=0.;
A(36,3)=0.;
A(37,3)=0.;
A(38,3)=0.;
A(39,3)=0.;
A(40,3)=0.;
A(41,3)=0.;
A(42,3)=0.;
A(43,3)=0.;
A(44,3)=0.;
A(45,3)=0.;
A(46,3)=0.;
A(47,3)=0.;
A(48,3)=0.;
A(49,3)=0.;
A(50,3)=0.;
A(51,3)=0.;
A(52,3)=0.;
A(53,3)=0.;
A(54,3)=0.;
A(55,3)=0.;
A(56,3)=0.;
A(57,3)=0.;
A(58,3)=0.;
A(59,3)=0.;
A(60,3)=0.;
A(61,3)=0.;
A(62,3)=0.;
A(63,3)=0.;
A(64,3)=0.;
A(65,3)=0.;
A(66,3)=0.;
A(67,3)=0.;
A(68,3)=0.;
A(69,3)=0.;
A(70,3)=0.;
A(71,3)=0.;
A(72,3)=0.;
A(73,3)=0.;
B(3)=0.;
A(2,4)=0.0001033646323710627;
A(3,4)=-0.00022420661191044656;
A(4,4)=0.0012878590046977217;
A(5,4)=0.002803165929477895;
A(6,4)=0.0024552284812317973;
A(7,4)=0.0026554213345105055;
A(8,4)=0.0025172550498845296;
A(9,4)=0.0026212615970199996;
A(10,4)=0.0025388037378202806;
A(11,4)=0.002606494927563796;
A(12,4)=0.0025495077714204916;
A(13,4)=0.0025984122812626955;
A(14,4)=0.0025558041800648923;
A(15,4)=0.0025933850477551333;
A(16,4)=0.0025598991845697436;
A(17,4)=0.002589993541449751;
A(18,4)=0.0025627477501804895;
A(19,4)=0.0025875722204343962;
A(20,4)=0.0025648304234612866;
A(21,4)=0.002585806268160022;
A(22,4)=0.0025668676827647124;
A(23,4)=0.0025893509992270594;
A(24,4)=0.0026118200004905403;
A(25,4)=0.002872365680222258;
A(26,4)=0.;
A(27,4)=-0.017924588980310574;
A(28,4)=0.;
A(29,4)=0.;
A(30,4)=0.;
A(31,4)=0.;
A(32,4)=0.;
A(33,4)=0.;
A(34,4)=0.;
A(35,4)=0.;
A(36,4)=0.;
A(37,4)=0.;
A(38,4)=0.;
A(39,4)=0.;
A(40,4)=0.;
A(41,4)=0.;
A(42,4)=0.;
A(43,4)=0.;
A(44,4)=0.;
A(45,4)=0.;
A(46,4)=0.;
A(47,4)=0.;
A(48,4)=0.;
A(49,4)=0.;
A(50,4)=0.;
A(51,4)=0.;
A(52,4)=0.;
A(53,4)=0.;
A(54,4)=0.;
A(55,4)=0.;
A(56,4)=0.;
A(57,4)=0.;
A(58,4)=0.;
A(59,4)=0.;
A(60,4)=0.;
A(61,4)=0.;
A(62,4)=0.;
A(63,4)=0.;
A(64,4)=0.;
A(65,4)=0.;
A(66,4)=0.;
A(67,4)=0.;
A(68,4)=0.;
A(69,4)=0.;
A(70,4)=0.;
A(71,4)=0.;
A(72,4)=0.;
A(73,4)=0.;
B(4)=0.;
A(2,5)=-0.00008739816591935292;
A(3,5)=0.00015846872489674445;
A(4,5)=-0.0003095198800883689;
A(5,5)=0.0017525680804654658;
A(6,5)=0.0038163693376124437;
A(7,5)=0.003338773741646697;
A(8,5)=0.0036162324483336107;
A(9,5)=0.0034229120852018046;
A(10,5)=0.0035697152767228397;
A(11,5)=0.0034524079366940494;
A(12,5)=0.003549386862103788;
A(13,5)=0.0034672299294505687;
A(14,5)=0.0035381302378436497;
A(15,5)=0.0034760474785864343;
A(16,5)=0.003531052990245424;
A(17,5)=0.003481840973137254;
A(18,5)=0.003526232383895587;
A(19,5)=0.0034859072844209012;
A(20,5)=0.003522757956763768;
A(21,5)=0.003488860757514132;
A(22,5)=0.0035197514196501755;
A(23,5)=0.0034877538675816295;
A(24,5)=0.0034965914326926407;
A(25,5)=0.0034389414164488668;
A(26,5)=0.004460011096696803;
A(27,5)=0.021922424356603187;
A(28,5)=0.;
A(29,5)=0.;
A(30,5)=0.;
A(31,5)=0.;
A(32,5)=0.;
A(33,5)=0.;
A(34,5)=0.;
A(35,5)=0.;
A(36,5)=0.;
A(37,5)=0.;
A(38,5)=0.;
A(39,5)=0.;
A(40,5)=0.;
A(41,5)=0.;
A(42,5)=0.;
A(43,5)=0.;
A(44,5)=0.;
A(45,5)=0.;
A(46,5)=0.;
A(47,5)=0.;
A(48,5)=0.;
A(49,5)=0.;
A(50,5)=0.;
A(51,5)=0.;
A(52,5)=0.;
A(53,5)=0.;
A(54,5)=0.;
A(55,5)=0.;
A(56,5)=0.;
A(57,5)=0.;
A(58,5)=0.;
A(59,5)=0.;
A(60,5)=0.;
A(61,5)=0.;
A(62,5)=0.;
A(63,5)=0.;
A(64,5)=0.;
A(65,5)=0.;
A(66,5)=0.;
A(67,5)=0.;
A(68,5)=0.;
A(69,5)=0.;
A(70,5)=0.;
A(71,5)=0.;
A(72,5)=0.;
A(73,5)=0.;
B(5)=0.;
A(2,6)=0.000077092945980654;
A(3,6)=-0.00013000017012129811;
A(4,6)=0.00020713734664424868;
A(5,6)=-0.00039317727816407037;
A(6,6)=0.0022139990184265384;
