nodegauss(2)=0.0008001905049687925;
nodegauss(3)=0.00421135582956954;
nodegauss(4)=0.010328745968125903;
nodegauss(5)=0.019120317330897755;
nodegauss(6)=0.03053822132250591;
nodegauss(7)=0.044520137547936274;
nodegauss(8)=0.06098971509391363;
nodegauss(9)=0.07985700836909156;
nodegauss(10)=0.1010189733722563;
nodegauss(11)=0.12436003215525976;
nodegauss(12)=0.1497527047219144;
nodegauss(13)=0.17705830556537608;
nodegauss(14)=0.20612770125744534;
nodegauss(15)=0.23680212503440384;
nodegauss(16)=0.268914043964789;
nodegauss(17)=0.3022880739785125;
nodegauss(18)=0.3367419377672942;
nodegauss(19)=0.37208746032856044;
nodegauss(20)=0.4081315967175727;
nodegauss(21)=0.44467748639574006;
nodegauss(22)=0.4815255284173241;
nodegauss(23)=0.5184744715826759;
nodegauss(24)=0.5553225136042599;
nodegauss(25)=0.5918684032824273;
nodegauss(26)=0.6279125396714396;
nodegauss(27)=0.6632580622327058;
nodegauss(28)=0.6977119260214876;
nodegauss(29)=0.731085956035211;
nodegauss(30)=0.7631978749655961;
nodegauss(31)=0.7938722987425547;
nodegauss(32)=0.822941694434624;
nodegauss(33)=0.8502472952780856;
nodegauss(34)=0.8756399678447403;
nodegauss(35)=0.8989810266277437;
nodegauss(36)=0.9201429916309084;
nodegauss(37)=0.9390102849060864;
nodegauss(38)=0.9554798624520637;
nodegauss(39)=0.9694617786774941;
nodegauss(40)=0.9808796826691022;
nodegauss(41)=0.9896712540318741;
nodegauss(42)=0.9957886441704304;
nodegauss(43)=0.9991998094950312;
tc=nodegauss;
A(2,2)=0.00102649965116227115265069487421;
A(3,2)=0.00222117844420052417366357850717;
A(4,2)=0.00197061182366219072351128182798;
A(5,2)=0.00210418890104551315265765475729;
A(6,2)=0.00201725686581086160435400203583;
A(7,2)=0.00207977039708495120480219648176;
A(8,2)=0.00203198213760294983049872112013;
A(9,2)=0.00207006583943954483303989287397;
A(10,2)=0.00203878389498355876622179767619;
A(11,2)=0.00206507710112995323613183534324;
A(12,2)=0.00204257323147341561123212682934;
A(13,2)=0.00206211743649805824221235010755;
A(14,2)=0.00204493813518694793795393394538;
A(15,2)=0.00206019152220923530409372582685;
A(16,2)=0.00204653206145783541609250019186;
A(17,2)=0.0020588538715263394160944615569;
A(18,2)=0.00204766838342223431657605240755;
A(19,2)=0.00205787811726996307099555355313;
A(20,2)=0.00204851439512005601020809419986;
A(21,2)=0.00205713813487451315871034154784;
A(22,2)=0.00204916687329056892253438620948;
A(23,2)=0.00205655848422388494388040318398;
A(24,2)=0.00204968547670948774384114314774;
A(25,2)=0.00205609135529519458559074815905;
A(26,2)=0.00205010900345208300243045680175;
A(27,2)=0.00205570487932281123453843305976;
A(28,2)=0.00205046394807659430923244938059;
A(29,2)=0.00205537675468480537019808849064;
A(30,2)=0.0020507693333475949812984978222;
A(31,2)=0.00205509051464029041190535756098;
A(32,2)=0.00205103965757980355925483807927;
A(33,2)=0.00205483313337966136740265825662;
A(34,2)=0.00205128691523965742813833108937;
A(35,2)=0.0020545932256455944501859226003;
A(36,2)=0.00205152232673799418002097215486;
A(37,2)=0.0020543592117294013261690363768;
A(38,2)=0.00205175852994838093766163910775;
A(39,2)=0.00205411634190063772635840821351;
A(40,2)=0.00205201418397511251534451380679;
A(41,2)=0.00205383853266633393472990051362;
A(42,2)=0.00205233101778754594606325876941;
A(43,2)=0.00205344248515326852965651759708;
B(2)=0.00205299930232454230530138974842;
A(2,3)=-0.000390597635681721507092013804799;
A(3,3)=0.00238405507543712560295502507317;
A(4,3)=0.00518315576399649679452288610302;
A(5,3)=0.00455254333709842245004325303344;
A(6,3)=0.00490809253425096045230035665502;
A(7,3)=0.00466706795268510119308220486614;
A(8,3)=0.00484575174282747994760451620555;
A(9,3)=0.00470591288731393600528025257399;
A(10,3)=0.00481944560133458762780389131;
A(11,3)=0.00472477433849302321367325231498;
A(12,3)=0.00480534346434009110755160370764;
A(13,3)=0.00473566324086461822835789651682;
A(14,3)=0.00479671721532779970555115200319;
A(15,3)=0.00474264190574081006243233530012;
A(16,3)=0.00479097151325034479861817882857;
A(17,3)=0.00474744372150962599446703597146;
A(18,3)=0.00478690625739298712860396463577;
A(19,3)=0.00475092474586710463043474489423;
A(20,3)=0.00478389517787836547461078479658;
A(21,3)=0.00475355321813362051108345827466;
A(22,3)=0.00478158146541706969566555799733;
A(23,3)=0.00475560566631630898609738916621;
A(24,3)=0.0047797475211141193122626202136;
A(25,3)=0.00475725572818482206259239969019;
A(26,3)=0.00477825296148016306593408832648;
A(27,3)=0.00475861833601098017786807917031;
A(28,3)=0.00477700251654216064235308650537;
A(29,3)=0.00475977346917044744989088950665;
A(30,3)=0.00477592813292277725056039468702;
A(31,3)=0.00476077990190089849287308760076;
A(32,3)=0.00477497817504911410088047637306;
A(33,3)=0.00476168392781188536444247994495;
A(34,3)=0.00477411010229601946037903999489;
A(35,3)=0.00476252584555033960325647677057;
A(36,3)=0.00477328427728065174278802661716;
A(37,3)=0.00476334648546129816764469852486;
A(38,3)=0.00477245621485654324467541057999;
A(39,3)=0.00476419768886057679244181346745;
A(40,3)=0.00477156041341917227011999903741;
A(41,3)=0.00476517093518399987134613494506;
A(42,3)=0.00477045061759777620310340188731;
A(43,3)=0.00476655805376398101528505597301;
B(3)=0.00476811015087425120591005014635;
A(2,4)=0.000299421073917109832248878781263;
A(3,4)=-0.000649470607607117636212715997218;
A(4,4)=0.00373061092433937353616941952647;
A(5,4)=0.00812008080360359180982181869155;
A(6,4)=0.00711219787667716034333210892649;
A(7,4)=0.00769209419886388717842918361344;
A(8,4)=0.00729188297557064245808449503576;
A(9,4)=0.00759312963454733705104452625941;
A(10,4)=0.00735431954400424866276456773812;
A(11,4)=0.00755033548858323162466429137389;
A(12,4)=0.00738534897213488322954606088281;
A(13,4)=0.00752689549068613219919056236967;
A(14,4)=0.00740361913600728700828840578803;
A(15,4)=0.00751229695129262071071795318112;
A(16,4)=0.0074155225469721440456788047187;
A(17,4)=0.00750242559876352186058036983959;
A(18,4)=0.00742382745507392359480123453416;
A(19,4)=0.00749535086340242702509184806814;
A(20,4)=0.00742992075837736867162946176655;
A(21,4)=0.00749005114534397311517348870222;
A(22,4)=0.00743457136185256465884447127027;
A(23,4)=0.0074859367195431883480123309585;
A(24,4)=0.00743823921560720551190172181162;
A(25,4)=0.00748264335731123241016661779273;
A(26,4)=0.00744121683420439742162638863132;
A(27,4)=0.0074799329825895043547719071791;
A(28,4)=0.00744370052826267732310607282035;
A(29,4)=0.0074776415764320460936085936157;
A(30,4)=0.00744582924800683204860107100401;
A(31,4)=0.00747564962635829738782563147858;
A(32,4)=0.00744770758074350441182146521579;
A(33,4)=0.00747386371825341047526699944031;
A(34,4)=0.00744942105172297015090125722752;
A(35,4)=0.00747220312672281966948226123051;
A(36,4)=0.00745104878234853340446536379339;
A(37,4)=0.00747058662276824690557145421142;
A(38,4)=0.00745267899901480417576333403127;
A(39,4)=0.00746891166848291315880343103141;
A(40,4)=0.00745444097168413674296808739606;
A(41,4)=0.00746699802997072538586807864496;
A(42,4)=0.00745662251275064111884641814566;
A(43,4)=0.00746427186616056498792441120101;
B(4)=0.00746122184867874707233883905293;
A(2,5)=-0.000252181412104604630714386373457;
A(3,5)=0.000457252166424282210142607144948;
A(4,5)=-0.000893105263113315073468421187376;
A(5,5)=0.00505696739226316118926392976984;
A(6,5)=0.0110119819663763402458862394966;
A(7,5)=0.00963391261291495670088836732611;
A(8,5)=0.0104344804785135825583976542241;
A(9,5)=0.00987670929971778888810995778244;
A(10,5)=0.0103002332633934874255643226516;
A(11,5)=0.00996184759255871181560618526099;
A(12,5)=0.0102415413117859088530234511265;
A(13,5)=0.0100046574628410156385255783974;
A(14,5)=0.0102090121001479201443829518212;
A(15,5)=0.0100301565339512417114789482293;
A(16,5)=0.0101885261804183460129185983274;
A(17,5)=0.010046947437625625667820851232;
A(18,5)=0.0101745324979599282622876485778;
A(19,5)=0.0100587764450696125812651875378;
A(20,5)=0.0101644097157461954156558701139;
A(21,5)=0.0100675333717400501116788640916;
A(22,5)=0.0101567606140416697942726361707;
