nodegauss(2)=0.006003740989757286;
nodegauss(3)=0.031363303799647045;
nodegauss(4)=0.0758967082947864;
nodegauss(5)=0.13779113431991497;
nodegauss(6)=0.21451391369573058;
nodegauss(7)=0.3029243264612183;
nodegauss(8)=0.39940295300128276;
nodegauss(9)=0.5;
nodegauss(10)=0.6005970469987173;
nodegauss(11)=0.6970756735387816;
nodegauss(12)=0.7854860863042694;
nodegauss(13)=0.862208865680085;
nodegauss(14)=0.9241032917052137;
nodegauss(15)=0.968636696200353;
nodegauss(16)=0.9939962590102427;
tc=nodegauss;
A(2,2)=0.0076883104990293170886570983943;
A(3,2)=0.0166362227509783404984961450415;
A(4,2)=0.0147596657935835599495579379109;
A(5,2)=0.0157597621061541406071917707671;
A(6,2)=0.0151094077411841340124542675513;
A(7,2)=0.015576303098908424432922924479;
A(8,2)=0.0152205067962909603616678765363;
A(9,2)=0.0155025009302956829281881053093;
A(10,2)=0.0152729660096446532887154273776;
A(11,2)=0.0154630934349343582976100582551;
A(12,2)=0.0153041078232737867489637491751;
A(13,2)=0.0154371523082268973898038831633;
A(14,2)=0.0153271048969542698801510736972;
A(15,2)=0.0154149845381304964785920680481;
A(16,2)=0.0153515586543041220778263521014;
B(2)=0.0153766209980586341773141967886;
A(2,3)=-0.0028820765229643958006354695664;
A(3,3)=0.0175915118720270311773168541127;
A(4,3)=0.0382453177464055777555361371554;
A(5,3)=0.0335931318479854185736211582802;
A(6,3)=0.0362144152536475076570565761402;
A(7,3)=0.0344401095551792856353578159705;
A(8,3)=0.035751657792347683834301949773;
A(9,3)=0.0347305608049307295822013036312;
A(10,3)=0.0355523462958812372687600312419;
A(11,3)=0.0348767697187613364810841206012;
A(12,3)=0.0354387621889013578219961703825;
A(13,3)=0.0349701700965956794214221281987;
A(14,3)=0.0353567926924731252859830038328;
A(15,3)=0.0350485664711121967400961078037;
A(16,3)=0.0352708028043186492299303902441;
B(3)=0.0351830237440540623546337082253;
A(2,4)=0.00214977135688850644287947195441;
A(3,4)=-0.0046635138656713992091094519264;
A(4,4)=0.0267898051167929837529673866715;
A(5,4)=0.0583100851091268661824035925216;
A(6,4)=0.0510754948901790939145299350867;
A(7,4)=0.0552331478312634465959558708142;
A(8,4)=0.0523709704994615078630784944098;
A(9,4)=0.0545152787351061594892301878124;
A(10,4)=0.0528291945367959129786560876928;
A(11,4)=0.0541945719204691770117320692737;
A(12,4)=0.0530702461040920435625933472082;
A(13,4)=0.0540011739496616839037545023195;
A(14,4)=0.053236773081219222606825139159;
A(15,4)=0.0538442399196164914735729464765;
A(16,4)=0.0534070721058793904661710561782;
B(4)=0.0535796102335859675059347733429;
A(2,5)=-0.00173884965380298083558788216578;
A(3,5)=0.00315354205167060177481027904195;
A(4,5)=-0.00616125782189826452701945604677;
A(5,5)=0.0348926694815385786119511986278;
A(6,5)=0.075979806400440883304578685389;
A(7,5)=0.0664782993761123615184061906267;
A(8,5)=0.0719875245446854731616228980248;
A(9,5)=0.0681643199523595268233594122982;
A(10,5)=0.071046362232111082860671215606;
A(11,5)=0.0687721204859768289684868458782;
A(12,5)=0.0706135246721655479853071552664;
A(13,5)=0.0691060729626259177897392795008;
A(14,5)=0.0703344091540065648083178776879;
A(15,5)=0.0693631448945550928225379355329;
A(16,5)=0.070060054584832075342485192233;
B(5)=0.0697853389630771572239023972555;
A(2,6)=0.00144470413915726138708869767716;
A(3,6)=-0.00243709364541861248927066133076;
A(4,6)=0.00388540778485748995650797025289;
A(5,6)=-0.00737940946173976384827296895624;
A(6,6)=0.0415673014542484833883002151203;
A(7,6)=0.0905323400785462625916172751623;
A(8,6)=0.0791688488804997618371713772904;
A(9,6)=0.0857860006893487479412995056538;
A(10,6)=0.0811775780039442352442256266788;
A(11,6)=0.0846576232967598076232698461493;
A(12,6)=0.0819151209543428309003571374768;
A(13,6)=0.0841212125758367469420726820803;
A(14,6)=0.0823442689651050929600866127266;
A(15,6)=0.0837388919035384894817605598375;
A(16,6)=0.0827425561778053647624860344631;
B(6)=0.0831346029084969667766004302406;
A(2,7)=-0.00120875124593688546658128485878;
A(3,7)=0.00196545995211755642319833638016;
A(4,7)=-0.00287258727158500903381330889237;
A(5,7)=0.00441096801812590706555516092206;
A(6,7)=-0.00828277336540880503184844886533;
A(7,7)=0.0465402500038905527567001404666;
A(8,7)=0.10137333529676784031488147991;
A(9,7)=0.0886264983355843505212644083221;
A(10,7)=0.0960621911492772619098913177212;
A(11,7)=0.0908807668209337041045323411993;
A(12,7)=0.0947857285684754258484748084227;
A(13,7)=0.0917290573714485634010968222851;
A(14,7)=0.094148834418038472771893814293;
A(15,7)=0.0922702718133252457642679765807;
A(16,7)=0.0936039503589538305715368766084;
B(7)=0.0930805000077811055134002809332;
A(2,8)=0.00100730755285335470627173001461;
A(3,8)=-0.00160354180515170935773759150855;
A(4,8)=0.00223809184708612148925667948642;
A(5,8)=-0.00313090802751342417934286012797;
A(6,8)=0.0047328695554341243697369855643;
A(7,8)=-0.00883944340559603285861769562966;
A(8,8)=0.049607871331777894114029581611;
A(9,8)=0.1080597001132652517746925181;
A(10,8)=0.0944637878373826340839046195961;
A(11,8)=0.102393966899267419177083822404;
A(12,8)=0.0968801606974040225850747241171;
A(13,8)=0.101008574252715544023945432482;
A(14,8)=0.0978261646069251217759600144662;
A(15,8)=0.100257228225697823847381237719;
A(16,8)=0.0985469216880258710401187935394;
B(8)=0.0992157426635557882280591632219;
A(2,9)=-0.000829198279957270056165475383331;
A(3,9)=0.00130260473646139385678049832465;
A(4,9)=-0.00176882660434387913394492107044;
A(5,9)=0.00235280924473860437078970068009;
A(6,9)=-0.00323039674394951171049944257285;
A(7,9)=0.00484679298140696426300794637272;
A(8,9)=-0.00902877559412104678208843334635;
A(9,9)=0.0506445604813903182201550499919;
A(10,9)=0.11031789655690168322239853333;
A(11,9)=0.096442327981373672177302153611;
A(12,9)=0.104519517706730148150809542557;
A(13,9)=0.0989363117180420320695203993037;
A(14,9)=0.103057947567124515574255021054;
A(15,9)=0.0999865162263192425835296016591;
A(16,9)=0.102118319242737906496475575367;
B(9)=0.101289120962780636440310099984;
A(2,10)=0.000668820975529917187940369682562;
A(3,10)=-0.00104148556214203561932207449711;
A(4,10)=0.00138957805663066645209914875568;
A(5,10)=-0.00179283158915975579588626926021;
A(6,10)=0.00233558196615176564298443910486;
A(7,10)=-0.00317822423571163094902465918219;
A(8,10)=0.00475195482617315414415454362578;
A(9,10)=-0.00884395744970946354663335487842;
A(10,10)=0.049607871331777894114029581611;
A(11,10)=0.108055186069151821086676858852;
A(12,10)=0.0944828731081216638583221776576;
A(13,10)=0.10234665069106921240740202335;
A(14,10)=0.0969776508164696667388024837355;
A(15,10)=0.10081928446870749758579675473;
A(16,10)=0.0982084351107024335217874332073;
B(10)=0.0992157426635557882280591632219;
A(2,11)=-0.000523450351172725058136595675165;
A(3,11)=0.000810228194455859749132304352514;
A(4,11)=-0.00106833441025736725849353335977;
A(5,11)=0.00135144263633254211230345864811;
A(6,11)=-0.00170522856069432033507452748948;
A(7,11)=0.00219973318684740140886793973389;
A(8,11)=-0.00298169114149615639649103678795;
A(9,11)=0.00445400167219675499213587261109;
A(10,11)=-0.00829283528898673480148119897699;
A(11,11)=0.0465402500038905527567001404666;
A(12,11)=0.101363273373189910545248729799;
A(13,11)=0.0886695319896551984478451200112;
A(14,11)=0.0959530872793661145472135898256;
A(15,11)=0.091115040055663549090201944553;
A(16,11)=0.094289251253717990979981565792;
B(11)=0.0930805000077811055134002809332;
A(2,12)=0.000392046730691602014114395777497;
A(3,12)=-0.000604288995041522705160129596905;
A(4,12)=0.000790333943391873816513817513981;
A(5,12)=-0.000986609667339780165472251839727;
A(6,12)=0.00121948195415413587624329276382;
A(7,12)=-0.0015230203882628408466694159087;
A(8,12)=0.00195702490455273153237480356184;
A(9,12)=-0.00265139778085178116469907541323;
A(10,12)=0.00396575402799720493942905295023;
A(11,12)=-0.00739773717004929581501684492168;
A(12,12)=0.0415673014542484833883002151203;
A(13,12)=0.0905140123702367306248733991968;
A(14,12)=0.0792491951236394768200924599877;
A(15,12)=0.0855716965539155792658710915714;
