nodegauss(2)=0.001660278869701707;
nodegauss(3)=0.008727247369293412;
nodegauss(4)=0.021357202110956135;
nodegauss(5)=0.03940988352347061;
nodegauss(6)=0.0626810975399486;
nodegauss(7)=0.09090725619237378;
nodegauss(8)=0.12376857413276143;
nodegauss(9)=0.16089273119865674;
nodegauss(10)=0.2018591014308861;
nodegauss(11)=0.24620352243788618;
nodegauss(12)=0.2934235559129957;
nodegauss(13)=0.34298418106618;
nodegauss(14)=0.39432385691699945;
nodegauss(15)=0.4468608849336604;
nodegauss(16)=0.5;
nodegauss(17)=0.5531391150663396;
nodegauss(18)=0.6056761430830006;
nodegauss(19)=0.65701581893382;
nodegauss(20)=0.7065764440870044;
nodegauss(21)=0.7537964775621139;
nodegauss(22)=0.798140898569114;
nodegauss(23)=0.8391072688013432;
nodegauss(24)=0.8762314258672386;
nodegauss(25)=0.9090927438076262;
nodegauss(26)=0.9373189024600513;
nodegauss(27)=0.9605901164765294;
nodegauss(28)=0.9786427978890438;
nodegauss(29)=0.9912727526307066;
nodegauss(30)=0.9983397211302983;
tc=nodegauss;
A(2,2)=0.00212922596968660241356595332556;
A(3,2)=0.00460729848784802540703580596656;
A(4,2)=0.00408756082087424071960297927187;
A(5,2)=0.00436462825513897300153330512367;
A(6,2)=0.00418432057297318402743310489254;
A(7,2)=0.00431396946967752601753507937742;
A(8,2)=0.00421487612817529164948420857461;
A(9,2)=0.00429382468765558047794351933845;
A(10,2)=0.00422900372963925797873084344185;
A(11,2)=0.00428345322561816097176275076155;
A(12,2)=0.00423689248549349513674209343106;
A(13,2)=0.00427727952836206528312373267376;
A(14,2)=0.00424183924637982457532021374274;
A(15,2)=0.00427323558278972442921611406069;
A(16,2)=0.00424520352885514041585459282682;
A(17,2)=0.00427039247004841142204122336099;
A(18,2)=0.00424764120001795111808737635787;
A(19,2)=0.00426827354174113705956341126867;
A(20,2)=0.00424950799080705469812359159936;
A(21,2)=0.00426660634946692354233009360345;
A(22,2)=0.00425101829272107032789252053715;
A(23,2)=0.0042652169142491467672818450634;
A(24,2)=0.00425231874848731829675588691335;
A(25,2)=0.00426397531490049938406434700248;
A(26,2)=0.00425353256105135020167001965679;
A(27,2)=0.00426275329619046533207589063829;
A(28,2)=0.00425481125245259473700958337916;
A(29,2)=0.00426133817203047141844951799459;
A(30,2)=0.00425654259331259398187446144623;
B(2)=0.00425845193937320482713190665112;
A(2,3)=-0.000808212686680357362125552832016;
A(3,3)=0.0049330212640306764959649504101;
A(4,3)=0.0107248393818583979414390722695;
A(5,3)=0.00942000944879615595933757910761;
A(6,3)=0.0101556663843124519241978809288;
A(7,3)=0.0096570095942676724449222549555;
A(8,3)=0.0100266329088763679969752054078;
A(9,3)=0.00973743829390211310432292238379;
A(10,3)=0.00997213522484498182539215026683;
A(11,3)=0.00977654746406021290942087453176;
A(12,3)=0.0099428558585164092834319830734;
A(13,3)=0.00979919868542132631573940755808;
A(14,3)=0.00992486287665119080657227214009;
A(15,3)=0.00981380964225907692543724852722;
A(16,3)=0.00991277181594629528789814358537;
A(17,3)=0.00982398401119713886815154828155;
A(18,3)=0.00990407901119051917610317974867;
A(19,3)=0.00983151796470323948444533339787;
A(20,3)=0.009897458103356639357047023456;
A(21,3)=0.00983741827127956135965212178734;
A(22,3)=0.00989212302193487486857004119178;
A(23,3)=0.00984231835396081832459705500517;
A(24,3)=0.00988754336825658748782440611469;
A(25,3)=0.00984668516863601792422500489908;
A(26,3)=0.00988327904361151983536388507443;
A(27,3)=0.00985097420513011168265025332024;
A(28,3)=0.00987879468040737827431052654921;
A(29,3)=0.00985593392131363920013872997292;
A(30,3)=0.00987272939327619512820639024803;
B(3)=0.0098660425280613529919299008202;
A(2,4)=0.000616805962637878845116900072034;
A(3,4)=-0.00133791426056816745498572078298;
A(4,4)=0.00768512305052340566110213134365;
A(5,4)=0.0167274932405965281402968703334;
A(6,4)=0.0146512865893021879183495519529;
A(7,4)=0.0158457792305764068533923048234;
A(8,4)=0.0150215161969994722996602290393;
A(9,4)=0.015641811365644026003197646796;
A(10,4)=0.0151502630126776063373028219917;
A(11,4)=0.0155534972874370966640172752154;
A(12,4)=0.0152143768537100154789435927555;
A(13,4)=0.0155049775359600939553914636883;
A(14,4)=0.0152522927654091312570128964581;
A(15,4)=0.0154745722226106516820114018163;
A(16,4)=0.0152772073106168647080620991847;
A(17,4)=0.0154537726097946801582627504645;
A(18,4)=0.0152948631822245192636792155251;
A(19,4)=0.0154385530133259662919285333311;
A(20,4)=0.0153081772059972237801672618013;
A(21,4)=0.0154267345835193703588784386949;
A(22,4)=0.01531882707302314333619558336;
A(23,4)=0.0154169822695946031292056151161;
A(24,4)=0.015327917670737076059687048097;
A(25,4)=0.0154083342636069872039757373662;
A(26,4)=0.0153363455626189680274809061974;
A(27,4)=0.0153998723315904317606208392222;
A(28,4)=0.0153451799981707863973280115317;
A(29,4)=0.0153901125996270646725315434348;
A(30,4)=0.015357105585492495644913602323;
B(4)=0.0153702461010468113222042626873;
A(2,5)=-0.000516140433885555684785671701484;
A(3,5)=0.000935871165191852877818614861588;
A(4,5)=-0.001827974339367075422157077675;
A(5,5)=0.0103505156296707090262075025285;
A(6,5)=0.0225391068945747746022459046966;
A(7,5)=0.0197186100413745785964492161735;
A(8,5)=0.0213569730200650822936063945807;
A(9,5)=0.0202157138139432577583617903882;
A(10,5)=0.0210820033011100131044157379854;
A(11,5)=0.0203902172445970597156825107501;
A(12,5)=0.0209615740263967260273563246363;
A(13,5)=0.0204782029607338634107320906921;
A(14,5)=0.0208945577568102434437080205307;
A(15,5)=0.0205309137979893713773491901662;
A(16,5)=0.0208520109920706292442148749707;
A(17,5)=0.0205660101014895233458720653495;
A(18,5)=0.0208225085157781936782210270527;
A(19,5)=0.0205912368081203725059906885037;
A(20,5)=0.0208005902084045694042388604378;
A(21,5)=0.0206105799111460183917650681999;
A(22,5)=0.0207832474454389000879402946363;
A(23,5)=0.0206263910978459525039856105262;
A(24,5)=0.0207685662212106575658838244987;
A(25,5)=0.0206403098538054391356072044352;
A(26,5)=0.0207550422538487646507578059555;
A(27,5)=0.0206538535545889559838437639191;
A(28,5)=0.0207409326064342387071680522016;
A(29,5)=0.0206694147501749234397630910091;
A(30,5)=0.0207219408582283781480848372013;
B(5)=0.020701031259341418052415005057;
A(2,6)=0.000449082797212182426166414603333;
A(3,6)=-0.000757299225480110638480610502788;
A(4,6)=0.00120670128879204772592726040054;
A(5,6)=-0.0022905910590992709128095328509;
A(6,6)=0.0128987067256244809781485952949;
A(7,6)=0.0280941396378218259934120568725;
A(8,6)=0.0245639551371058394866225251541;
A(9,6)=0.0266254522475387872234407663622;
A(10,6)=0.0251814435547885971544117482763;
A(11,6)=0.0262834178447163906245948741115;
A(12,6)=0.0253990538039140402049997894454;
A(13,6)=0.026132746644487840237123131137;
A(14,6)=0.0255095543621596737433246936791;
A(15,6)=0.0260482261544627599036506827906;
A(16,6)=0.0255763372817041445133291325249;
A(17,6)=0.0259940539159754382646700334104;
A(18,6)=0.0256212643573453825668698206767;
A(19,6)=0.0259560623368473765985340470299;
A(20,6)=0.0256539679460726416455162720459;
A(21,6)=0.0259274285706320920708052208899;
A(22,6)=0.0256794659850724008692339181207;
A(23,6)=0.0259043202331700284717860335194;
A(24,6)=0.0257008110530076824417992148451;
A(25,6)=0.0258841764789064651789003616936;
A(26,6)=0.0257203050018075414201781649437;
A(27,6)=0.0258647214002474160911566113791;
A(28,6)=0.0257405148043246641858948975299;
A(29,6)=0.025842482942571528742681895979;
A(30,6)=0.0257676121905329200731122827556;
B(6)=0.0257974134512489619562971905898;
A(2,7)=-0.000398953010230829543367949817752;
A(3,7)=0.00064835832406470114132228606442;
A(4,7)=-0.000946767444246134038744416305206;
A(5,7)=0.00145227583383146548420595717446;
A(6,7)=-0.00272443478252082715234663214946;
A(7,7)=0.015300772664269784635527462006;
A(8,7)=0.033330044698285684198430910494;
A(9,7)=0.0291320292557620144294681202438;
A(10,7)=0.0315914017154156725692655117122;
A(11,7)=0.0298626177419784326675877446667;
A(12,7)=0.0311865449022746868776063753046;
A(13,7)=0.0301205243412799304278275624416;
A(14,7)=0.0310076235130524488289771815437;
