nodegauss(2)=0.00023460000378812025;
nodegauss(3)=0.0012356808106378193;
nodegauss(4)=0.0030350191527556284;
nodegauss(5)=0.005630133953141283;
nodegauss(6)=0.00901691845022475;
nodegauss(7)=0.01318996074688178;
nodegauss(8)=0.018142582006622048;
nodegauss(9)=0.023866852655068316;
nodegauss(10)=0.030353606542526702;
nodegauss(11)=0.037592456109968114;
nodegauss(12)=0.045571809213405874;
nodegauss(13)=0.05427888777059071;
nodegauss(14)=0.06369974826363775;
nodegauss(15)=0.07381930408872114;
nodegauss(16)=0.08462134972704437;
nodegauss(17)=0.09608858670289916;
nodegauss(18)=0.1082026512894286;
nodegauss(19)=0.12094414391884234;
nodegauss(20)=0.1342926602505848;
nodegauss(21)=0.14822682384803812;
nodegauss(22)=0.1627243204116246;
nodegauss(23)=0.17776193351360356;
nodegauss(24)=0.19331558177740762;
nodegauss(25)=0.2093603574420241;
nodegauss(26)=0.2258705662496937;
nodegauss(27)=0.24281976859306798;
nodegauss(28)=0.2601808218559464;
nodegauss(29)=0.2779259238797957;
nodegauss(30)=0.2960266574864508;
nodegauss(31)=0.3144540359857019;
nodegauss(32)=0.33317854959489474;
nodegauss(33)=0.3521702126962099;
nodegauss(34)=0.3713986118559438;
nodegauss(35)=0.390832954528894;
nodegauss(36)=0.41044211836985545;
nodegauss(37)=0.4301947010732582;
nodegauss(38)=0.4500590706611358;
nodegauss(39)=0.47000341613889113;
nodegauss(40)=0.48999579843774105;
nodegauss(41)=0.510004201562259;
nodegauss(42)=0.5299965838611088;
nodegauss(43)=0.5499409293388642;
nodegauss(44)=0.5698052989267418;
nodegauss(45)=0.5895578816301446;
nodegauss(46)=0.609167045471106;
nodegauss(47)=0.6286013881440562;
nodegauss(48)=0.64782978730379;
nodegauss(49)=0.6668214504051053;
nodegauss(50)=0.6855459640142981;
nodegauss(51)=0.7039733425135491;
nodegauss(52)=0.7220740761202044;
nodegauss(53)=0.7398191781440536;
nodegauss(54)=0.757180231406932;
nodegauss(55)=0.7741294337503063;
nodegauss(56)=0.7906396425579759;
nodegauss(57)=0.8066844182225924;
nodegauss(58)=0.8222380664863964;
nodegauss(59)=0.8372756795883753;
nodegauss(60)=0.8517731761519619;
nodegauss(61)=0.8657073397494152;
nodegauss(62)=0.8790558560811577;
nodegauss(63)=0.8917973487105714;
nodegauss(64)=0.9039114132971009;
nodegauss(65)=0.9153786502729556;
nodegauss(66)=0.9261806959112788;
nodegauss(67)=0.9363002517363622;
nodegauss(68)=0.9457211122294092;
nodegauss(69)=0.9544281907865941;
nodegauss(70)=0.9624075438900319;
nodegauss(71)=0.9696463934574733;
nodegauss(72)=0.9761331473449317;
nodegauss(73)=0.981857417993378;
nodegauss(74)=0.9868100392531183;
nodegauss(75)=0.9909830815497752;
nodegauss(76)=0.9943698660468587;
nodegauss(77)=0.9969649808472444;
nodegauss(78)=0.9987643191893621;
nodegauss(79)=0.9997653999962118;
tc=nodegauss;
A(2,2)=0.0003010061415168383;
A(3,2)=0.0006513283986619652;
A(4,2)=0.0005778532778331283;
A(5,2)=0.0006170230520329285;
A(6,2)=0.0005915310348429203;
A(7,2)=0.0006098630032118623;
A(8,2)=0.0005958485727876414;
A(9,2)=0.0006070178408242328;
A(10,2)=0.0005978423940936787;
A(11,2)=0.0006055558116180256;
A(12,2)=0.0005989525512800258;
A(13,2)=0.000604689123740219;
A(14,2)=0.0005996446376515973;
A(15,2)=0.0006041259789923956;
A(16,2)=0.0006001101978564234;
A(17,2)=0.0006037358232997345;
A(18,2)=0.0006004410380637216;
A(19,2)=0.0006034523748836091;
A(20,2)=0.0006006860675945128;
A(21,2)=0.0006032374939908184;
A(22,2)=0.0006008516736079934;
A(23,2)=0.0006027965053018187;
A(24,2)=0.0005985038152118705;
A(25,2)=0.000591512565048158;
A(26,2)=0.0007391296157418763;
A(27,2)=0.005340411941364516;
A(28,2)=0.08416565405985713;
A(29,2)=1.1577897658308487;
A(30,2)=13.823799362031544;
A(31,2)=0.;
A(32,2)=0.;
A(33,2)=0.;
A(34,2)=0.;
A(35,2)=0.;
A(36,2)=0.;
A(37,2)=0.;
A(38,2)=0.;
A(39,2)=0.;
A(40,2)=0.;
A(41,2)=0.;
A(42,2)=0.;
A(43,2)=0.;
A(44,2)=0.;
A(45,2)=0.;
A(46,2)=0.;
A(47,2)=0.;
A(48,2)=0.;
A(49,2)=0.;
A(50,2)=0.;
A(51,2)=0.;
A(52,2)=0.;
A(53,2)=0.;
A(54,2)=0.;
A(55,2)=0.;
A(56,2)=0.;
A(57,2)=0.;
A(58,2)=0.;
A(59,2)=0.;
A(60,2)=0.;
A(61,2)=0.;
A(62,2)=0.;
A(63,2)=0.;
A(64,2)=0.;
A(65,2)=0.;
A(66,2)=0.;
A(67,2)=0.;
A(68,2)=0.;
A(69,2)=0.;
A(70,2)=0.;
A(71,2)=0.;
A(72,2)=0.;
A(73,2)=0.;
A(74,2)=0.;
A(75,2)=0.;
A(76,2)=0.;
A(77,2)=0.;
A(78,2)=0.;
A(79,2)=0.;
B(2)=0.;
A(2,3)=-0.00011472188697566322;
A(3,3)=0.0007002172029596576;
A(4,3)=0.0015223369848352322;
A(5,3)=0.0013371201433697434;
A(6,3)=0.0014415493414388606;
A(7,3)=0.0013707558872560286;
A(8,3)=0.0014232408204726465;
A(9,3)=0.0013821630402579576;
A(10,3)=0.0014155168982702968;
A(11,3)=0.0013876998656661202;
A(12,3)=0.0014113785017390626;
A(13,3)=0.0013908938767711076;
A(14,3)=0.0014088497396983922;
A(15,3)=0.0013929379783609135;
A(16,3)=0.001407168589116904;
A(17,3)=0.0013943410070630321;
A(18,3)=0.0014059828756915434;
A(19,3)=0.001395354112860602;
A(20,3)=0.00140510981523511;
A(21,3)=0.0013961255540349477;
A(22,3)=0.001404605056975221;
A(23,3)=0.0013990640277512512;
A(24,3)=0.00143782697411865;
A(25,3)=0.0018631787706199297;
A(26,3)=0.00741581358611076;
A(27,3)=0.07354264523668434;
A(28,3)=0.803761140226744;
A(29,3)=8.260074125422477;
A(30,3)=78.58554209226583;
A(31,3)=690.1731598619124;
A(32,3)=5582.2069295971505;
A(33,3)=0.;
A(34,3)=0.;
A(35,3)=0.;
A(36,3)=0.;
A(37,3)=0.;
A(38,3)=0.;
A(39,3)=0.;
A(40,3)=0.;
A(41,3)=0.;
A(42,3)=0.;
A(43,3)=0.;
A(44,3)=0.;
A(45,3)=0.;
A(46,3)=0.;
A(47,3)=0.;
A(48,3)=0.;
A(49,3)=0.;
A(50,3)=0.;
A(51,3)=0.;
A(52,3)=0.;
A(53,3)=0.;
A(54,3)=0.;
A(55,3)=0.;
A(56,3)=0.;
A(57,3)=0.;
A(58,3)=0.;
A(59,3)=0.;
A(60,3)=0.;
A(61,3)=0.;
A(62,3)=0.;
A(63,3)=0.;
A(64,3)=0.;
A(65,3)=0.;
A(66,3)=0.;
A(67,3)=0.;
A(68,3)=0.;
A(69,3)=0.;
A(70,3)=0.;
A(71,3)=0.;
A(72,3)=0.;
A(73,3)=0.;
A(74,3)=0.;
A(75,3)=0.;
A(76,3)=0.;
A(77,3)=0.;
A(78,3)=0.;
A(79,3)=0.;
B(3)=0.;
A(2,4)=0.00008819855555247208;
A(3,4)=-0.000191310100215318;
A(4,4)=0.0010988990098650866;
A(5,4)=0.0023918738598538883;
A(6,4)=0.0020949871643043084;
A(7,4)=0.0022658070349427925;
A(8,4)=0.002147912839426203;
A(9,4)=0.0022366594834216744;
A(10,4)=0.0021662996551259045;
A(11,4)=0.0022240596344875723;
A(12,4)=0.002175432918359081;
A(13,4)=0.0022171631768798878;
A(14,4)=0.002180805180783095;
A(15,4)=0.0022128739153385317;
A(16,4)=0.00218429894666007;
A(17,4)=0.0022099804772179664;
A(18,4)=0.0021867290486843466;
A(19,4)=0.002207914908012166;
A(20,4)=0.0021885043240539984;
A(21,4)=0.002206391703213109;
A(22,4)=0.002190030694102063;
A(23,4)=0.002207295586444502;
A(24,4)=0.0022150315031339574;
A(25,4)=0.0025112322523835502;
A(26,4)=0.006618790401484288;
A(27,4)=0.06931055127784645;
A(28,4)=0.9868903886223034;
A(29,4)=13.42392580211057;
A(30,4)=167.87921840896888;
A(31,4)=0.;
A(32,4)=0.;
A(33,4)=0.;
A(34,4)=0.;
A(35,4)=0.;
A(36,4)=0.;
A(37,4)=0.;
A(38,4)=0.;
A(39,4)=0.;
A(40,4)=0.;
A(41,4)=0.;
A(42,4)=0.;
A(43,4)=0.;
A(44,4)=0.;
A(45,4)=0.;
A(46,4)=0.;
A(47,4)=0.;
A(48,4)=0.;
A(49,4)=0.;
A(50,4)=0.;
A(51,4)=0.;
A(52,4)=0.;
A(53,4)=0.;
A(54,4)=0.;
A(55,4)=0.;
A(56,4)=0.;
A(57,4)=0.;
A(58,4)=0.;
A(59,4)=0.;
A(60,4)=0.;
A(61,4)=0.;
A(62,4)=0.;
A(63,4)=0.;
A(64,4)=0.;
A(65,4)=0.;
A(66,4)=0.;
A(67,4)=0.;
A(68,4)=0.;
A(69,4)=0.;
A(70,4)=0.;
A(71,4)=0.;
A(72,4)=0.;
A(73,4)=0.;
A(74,4)=0.;
A(75,4)=0.;
A(76,4)=0.;
A(77,4)=0.;
A(78,4)=0.;
A(79,4)=0.;
B(4)=0.;
A(2,5)=-0.00007459713688293397;
A(3,5)=0.00013525812123143805;
A(4,5)=-0.00026418506783021866;
A(5,5)=0.001495872486110102;
A(6,5)=0.0032573924114882307;
A(7,5)=0.002849749258531688;
A(8,5)=0.0030865693747608694;
A(9,5)=0.002921563807841512;
A(10,5)=0.00304686574040764;
A(11,5)=0.002946739150754374;
A(12,5)=0.003029515154215579;
A(13,5)=0.0029593897687509906;
A(14,5)=0.0030199077578453894;
A(15,5)=0.0029669152664177343;
A(16,5)=0.003013867737802659;
A(17,5)=0.002971859482466407;
A(18,5)=0.003009753990802365;
A(19,5)=0.0029753292701324967;
A(20,5)=0.003006789604352311;
A(21,5)=0.002977864301933341;
A(22,5)=0.003004581849446011;
A(23,5)=0.0029830544370031955;
A(24,5)=0.003072997092924897;
A(25,5)=0.004036652386503192;
A(26,5)=0.015634601040993346;
A(27,5)=0.1257062599025538;
A(28,5)=0.9259154220943628;
A(29,5)=4.195361219579354;
A(30,5)=0.;
A(31,5)=0.;
