nodegauss(2)=0.010885670926971503;
nodegauss(3)=0.05646870011595235;
nodegauss(4)=0.13492399721297535;
nodegauss(5)=0.2404519353965941;
nodegauss(6)=0.3652284220238275;
nodegauss(7)=0.5;
nodegauss(8)=0.6347715779761725;
nodegauss(9)=0.759548064603406;
nodegauss(10)=0.8650760027870247;
nodegauss(11)=0.9435312998840476;
nodegauss(12)=0.9891143290730285;
tc=nodegauss;
A(2,2)=0.0139171417790434166206884301106;
A(3,2)=0.0301142391948244556850291647703;
A(4,2)=0.026717983850266181145122249227;
A(5,2)=0.0285266689062404033539906138636;
A(6,2)=0.027352859999379614071645268331;
A(7,2)=0.0281917210618671959125369757793;
A(8,2)=0.0275583838281919851272674497649;
A(9,2)=0.0280513489489271785306298340015;
A(10,2)=0.0276639114408912122742042902317;
A(11,2)=0.0279627824950834869951998439409;
A(12,2)=0.0277515346650022497223795690914;
B(2)=0.0278342835580868332413768602213;
A(2,3)=-0.00514325562983490553945482672729;
A(3,3)=0.031395092366226156158673574806;
A(4,3)=0.0682542809171542158094247997672;
A(5,3)=0.0599560307356048885110634313934;
A(6,3)=0.0646238924302517439343240111127;
A(7,3)=0.0614771890632044979378652513022;
A(8,3)=0.063783071008098146828514510894;
A(9,3)=0.0620186537724371355693267757426;
A(10,3)=0.0633911326754473576838145274879;
A(11,3)=0.0623389998015362431456118757483;
A(12,3)=0.0630800600574307943557851424657;
B(3)=0.062790184732452312317347149612;
A(2,4)=0.00373560374914085018725131470439;
A(3,4)=-0.00810562697907984411509038761875;
A(4,4)=0.0465725527319335628565244103579;
A(5,4)=0.101365041153570591950231026008;
A(6,4)=0.0888021849343891269062705363845;
A(7,4)=0.0959986109028957617417890032486;
A(8,4)=0.0910818650883202820797656360428;
A(9,4)=0.0947074765439341312295735863765;
A(10,4)=0.0919468888987936035525848598334;
A(11,4)=0.0940365721758552711150433197362;
A(12,4)=0.0925749694015836813966928311178;
B(4)=0.0931451054638671257130488207158;
A(2,5)=-0.0029003790513831500378182807085;
A(3,5)=0.00526282127353501507194118571646;
A(4,5)=-0.0102895248152872145428450144856;
A(5,5)=0.0582984411479976199796309262108;
A(6,5)=0.126937527092484729329395593359;
A(7,5)=0.111095774316370167736965659832;
A(8,5)=0.120227515679858481084492789178;
A(9,5)=0.113976263390274376720065573067;
A(10,5)=0.11855262217108621937844423258;
A(11,5)=0.115164204483118666826484257969;
A(12,5)=0.117506161953706880610319082407;
B(5)=0.116596882295995239959261852422;
A(2,6)=0.00227274215264998537669600797676;
A(3,6)=-0.00383743668169242759363413819373;
A(4,6)=0.00612667324766953732872518254749;
A(5,6)=-0.0116536925866713892045122531529;
A(6,6)=0.0657011361275616655451722174726;
A(7,6)=0.143076752307042779412913905065;
A(8,6)=0.125183009680873312000545041254;
A(9,6)=0.135493920907904876133625411828;
A(10,6)=0.128491604301018753340218129509;
A(11,6)=0.133480105172269677585635985366;
A(12,6)=0.13009978313780510181851066918;
B(6)=0.131402272255123331090344434945;
A(2,7)=-0.00175240116264082742702346957094;
A(3,7)=0.00285354676447749860209788071218;
A(4,7)=-0.00418053753704864073577283170383;
A(5,7)=0.00643838129780483330857548404618;
A(6,7)=-0.0121240615804220011533673101424;
A(7,7)=0.0682312716944751576786208820841;
A(8,7)=0.148586604969372316510609074311;
A(9,7)=0.130024162091145482048666280122;
A(10,7)=0.140643080925998956093014595872;
A(11,7)=0.133608996624472816755143883456;
A(12,7)=0.138214944551591142784265233739;
B(7)=0.136462543388950315357241764168;
A(2,8)=0.00130248911731822927183376576527;
A(3,8)=-0.00207783291714634649529155042045;
A(4,8)=0.00291066795410457775012630543616;
A(5,8)=-0.00409164865278154504328097688233;
A(6,8)=0.00621926257425001908979939369157;
A(7,8)=-0.0116744800519194483225694701198;
A(8,8)=0.0657011361275616655451722174726;
A(9,8)=0.143055964841794720294856688098;
A(10,8)=0.125275599007453793761619252398;
A(11,8)=0.135239708936815758683978573139;
A(12,8)=0.129129530102473345713648426968;
B(8)=0.131402272255123331090344434945;
A(2,9)=-0.000909279657711640651057229985874;
A(3,9)=0.00143267781287657313277759445234;
A(4,9)=-0.00195573987509097941918238015793;
A(5,9)=0.00262061890572086323919627935495;
A(6,9)=-0.00363063338386324112523093675664;
A(7,9)=0.00550110797962507222229619258964;
A(8,9)=-0.0103406447964894893701337409373;
A(9,9)=0.0582984411479976199796309262108;
A(10,9)=0.126886407111282454502106866907;
A(11,9)=0.111334061022460224887320666705;
A(12,9)=0.11949726134737838999708013313;
B(9)=0.116596882295995239959261852422;
A(2,10)=0.000570136062283444316355989598063;
A(3,10)=-0.000891466711988145401994499020387;
A(4,10)=0.0011982165650735221604639608824;
A(5,10)=-0.0015623710800670055165247656607;
A(6,10)=0.00206324037554684363328318467301;
A(7,10)=-0.00285350543902863602874018253281;
A(8,10)=0.00434292052947799880677828433134;
A(9,10)=-0.00821993568970346623718220529265;
A(10,10)=0.0465725527319335628565244103579;
A(11,10)=0.101250732442946969828139208335;
A(12,10)=0.0894095017147262755257975060114;
B(10)=0.0931451054638671257130488207158;
A(2,11)=-0.000289875324978482038437992853765;
A(3,11)=0.0004511849309160691717352738637;
A(4,11)=-0.000600947942995045366467377875974;
A(5,11)=0.000771530960015176748020373869401;
A(6,11)=-0.000992886275645834511167361281997;
A(7,11)=0.00131299566924781437948189830974;
A(8,11)=-0.00183370769779943161697686150073;
A(9,11)=0.00283415399684742380628371821853;
A(10,11)=-0.00546409618470190349207765015523;
A(11,11)=0.031395092366226156158673574806;
A(12,11)=0.0679334403622872178568019763393;
B(11)=0.062790184732452312317347149612;
A(2,12)=0.0000827488930845835189972911298262;
A(3,12)=-0.000128498936996653753822983719663;
A(4,12)=0.000170372117195620967172569989546;
A(5,12)=-0.00021706539084034528925297378019;
A(6,12)=0.000275899729894848114109410456412;
A(7,12)=-0.000357437503780362671160115558015;
A(8,12)=0.000481423558707219169731591890294;
A(9,12)=-0.000692385348153570112613753642336;
A(10,12)=0.00111629970782065209625461099423;
A(11,12)=-0.00227995563673762244365230454907;
A(12,12)=0.0139171417790434166206884301106;
B(12)=0.0278342835580868332413768602213;
