nodegauss(2)=0.002852707258800354;
nodegauss(3)=0.014969751082285637;
nodegauss(4)=0.036521613906413;
nodegauss(5)=0.06709371113984994;
nodegauss(6)=0.10609159701039592;
nodegauss(7)=0.1527563684066586;
nodegauss(8)=0.2061797982465442;
nodegauss(9)=0.26532208100662147;
nodegauss(10)=0.3290320895539579;
nodegauss(11)=0.3960697866558894;
nodegauss(12)=0.4651303633401389;
nodegauss(13)=0.5348696366598611;
nodegauss(14)=0.6039302133441107;
nodegauss(15)=0.6709679104460421;
nodegauss(16)=0.7346779189933785;
nodegauss(17)=0.7938202017534558;
nodegauss(18)=0.8472436315933414;
nodegauss(19)=0.8939084029896041;
nodegauss(20)=0.93290628886015;
nodegauss(21)=0.963478386093587;
nodegauss(22)=0.9850302489177144;
nodegauss(23)=0.9971472927411996;
tc=nodegauss;
A(2,2)=0.0036569988245680501712477745118;
A(3,2)=0.00791314802657740473794964398781;
A(4,2)=0.00702049596376091320539363271567;
A(5,2)=0.00749633971376221362482832130154;
A(6,2)=0.00718670948260321388035523499816;
A(7,2)=0.00740929350317812082539420772977;
A(8,2)=0.00723924254924709149807343812764;
A(9,2)=0.00737462374283090321024320067029;
A(10,2)=0.00726359846676625424542753178601;
A(11,2)=0.00735669416209687852263368155055;
A(12,2)=0.00727729398252039056384095925055;
A(13,2)=0.00734590778691701473733123839642;
A(14,2)=0.00728601788745506415063668741235;
A(15,2)=0.00733867881401066550666423007221;
A(16,2)=0.0072921496587694106244447484898;
A(17,2)=0.00733335228477726975486604711092;
A(18,2)=0.00729689750643476546745097670296;
A(19,2)=0.00732899347297531398890325693601;
A(20,2)=0.00730104479884811510679883867103;
A(21,2)=0.00732486135433952729095167496551;
A(22,2)=0.00730543863160614870390975801125;
A(23,2)=0.00731964039217314512564647220932;
B(2)=0.00731399764913610034249554902359;
A(2,3)=-0.00138339154613855623884146763642;
A(3,3)=0.00844372539620353869832556171648;
A(4,3)=0.018357413108713485706468774328;
A(5,3)=0.0161240398211041700841079703562;
A(6,3)=0.0173830863438912993066709632487;
A(7,3)=0.0165298378211459694532804896508;
A(8,3)=0.017162040897202846192769255672;
A(9,3)=0.0166677486374445812868537222913;
A(10,3)=0.0170684429504496174731172376971;
A(11,3)=0.0167350933583365286425692793589;
A(12,3)=0.0170178189098641325011253703438;
A(13,3)=0.0167744994959875769282660649649;
A(14,3)=0.0169862298233359044458411982325;
A(15,3)=0.0168004939187779652328620907821;
A(16,3)=0.0169643038174280851767362571366;
A(17,3)=0.0168194530642920614818534061285;
A(18,3)=0.0169474694591598230475507320644;
A(19,3)=0.0168348576492696858546810555773;
A(20,3)=0.0169328528386497366286721848138;
A(21,3)=0.0168493874257920046924010815014;
A(22,3)=0.0169174308467128597010028329383;
A(23,3)=0.0168676886877001555478562752261;
B(3)=0.016887450792407077396651123433;
A(2,4)=0.00104923345190129560950461368212;
A(3,4)=-0.00227592764039281564932296183311;
A(4,4)=0.0130733337881708214850780128183;
A(5,4)=0.0284554504514123060319869321639;
A(6,4)=0.0249237890407440872803133270231;
A(7,4)=0.0269553031573680559286144207642;
A(8,4)=0.0255539390599942219869625309631;
A(9,4)=0.0266078657939754567494729178272;
A(10,4)=0.0257735577245855430452663235457;
A(11,4)=0.0264568588230602163701374958358;
A(12,4)=0.0258836012493329282583807684927;
A(13,4)=0.0263730945490733679681239881527;
A(14,4)=0.0259496320247416488777090353591;
A(15,4)=0.0263194610611018515245153852395;
A(16,4)=0.0259944032713396420116194025956;
A(17,4)=0.0262810761451500640017586599895;
A(18,4)=0.0260282448945644418620426427683;
A(19,4)=0.0262502941796541201666336331061;
A(20,4)=0.0260573044560398297163791281915;
A(21,4)=0.0262215287479465772058248511199;
A(22,4)=0.0260877344545842607924386369044;
A(23,4)=0.0261855040242361713721209595767;
B(4)=0.0261466675763416429701560256366;
A(2,5)=-0.000870032557204993879537898588477;
A(3,5)=0.00157760310921033514766823834373;
A(4,5)=-0.00308155696263091505442163140752;
A(5,5)=0.0174491171061301220237403547326;
A(6,5)=0.037996758256923653196355026764;
A(7,5)=0.0332424056626262387552740865573;
A(8,5)=0.0360033758072377005753335695401;
A(9,5)=0.0340811372434666426458711608685;
A(10,5)=0.0355388999657788512677551065616;
A(11,5)=0.0343765110292415315403118557465;
A(12,5)=0.0353343647259992815711820103793;
A(13,5)=0.0345267425209785482740845677803;
A(14,5)=0.0352190041001507116335289534868;
A(15,5)=0.0346185840347005206690972896493;
A(16,5)=0.0351435431661028682888370076718;
A(17,5)=0.0346824539090418587642061463296;
A(18,5)=0.0350878311720194442283491109605;
A(19,5)=0.0347326754459200057766249707035;
A(20,5)=0.0350407778952813659202064033503;
A(21,5)=0.0347789603088794211746936078359;
A(22,5)=0.034992058393480336296298979051;
A(23,5)=0.034836430582460083605571889831;
B(5)=0.0348982342122602440474807094651;
A(2,6)=0.000747836546375837219513496192826;
A(3,6)=-0.00126116475234936139986556713724;
A(4,6)=0.00200974264216989526073866441726;
A(5,6)=-0.00381526657883203852299915441261;
A(6,6)=0.0214854015542669318536109203432;
A(7,6)=0.046796185881548355062761082503;
A(8,6)=0.0409169071406046473784731035748;
A(9,6)=0.0443488490345656295806222698124;
A(10,6)=0.0419467122929956829628357586685;
A(11,6)=0.0437774951935318496733049714749;
A(12,6)=0.0423112622308082114489329349898;
A(13,6)=0.0435238983512804611389757759029;
A(14,6)=0.0424986205338556308680037827333;
A(15,6)=0.0433789753169006643696249828719;
A(16,6)=0.0426150601629960094403905902981;
A(17,6)=0.0432821743159315599652740806698;
A(18,6)=0.042698259503610341208745912131;
A(19,6)=0.0432080953687984622448300794807;
A(20,6)=0.0427669477183720650492905534491;
A(21,6)=0.0431411084965816983906264709387;
A(22,6)=0.0428369777238504681114025774278;
A(23,6)=0.04305890576108547066963378012;
B(6)=0.0429708031085338637072218406864;
A(2,7)=-0.000654160153696070990558372620408;
A(3,7)=0.00106319778491986159910549907365;
A(4,7)=-0.0015527495004432268289572161218;
A(5,7)=0.00238219226428915683470281879368;
A(6,7)=-0.00446957597404666796215762299046;
A(7,7)=0.0251035361107202412330197094576;
A(8,7)=0.0546831584847388829523546555906;
A(9,7)=0.0477972336019729272473050588563;
A(10,7)=0.0518290558709749834489360936144;
A(11,7)=0.0489979364706193009161288485171;
A(12,7)=0.0511621853853247577627618816119;
A(13,7)=0.0494244241961719216771804670704;
A(14,7)=0.050864406125139739188279383354;
A(15,7)=0.0496455836988464179422949712504;
A(16,7)=0.0506920947492566492067611538999;
A(17,7)=0.0497854077063729303283204744668;
A(18,7)=0.0505742559957433830460415696517;
A(19,7)=0.0498886323630714050309558153542;
A(20,7)=0.0504798398403892804774265371252;
A(21,7)=0.0499796758957219261463683659709;
A(22,7)=0.0503855101380527715692260220464;
A(23,7)=0.0500896879753976543517251655513;
B(7)=0.0502070722214404824660394189153;
A(2,8)=0.00057713069371802418463682115455;
A(3,8)=-0.000918140085107599154636709446292;
A(4,8)=0.0012800520775369006272723461826;
A(5,8)=-0.00178814459573813187276199533014;
A(6,8)=0.00269893940523935866732655558218;
A(7,8)=-0.00503409855228505423255314150527;
A(8,8)=0.0282330740201348045983501518554;
A(9,8)=0.0615045932738698808128116122687;
A(10,8)=0.0537490330702122055191247337165;
A(11,8)=0.0582984916955743883301552790136;
A(12,8)=0.0550976561089724860599514046659;
A(13,8)=0.0575487874019957465742353092107;
A(14,8)=0.0555781486163389795612902674678;
A(15,8)=0.057212069754373361050325493343;
A(16,8)=0.0558296397232195663044299657041;
A(17,8)=0.0570144913081372893536044537513;
A(18,8)=0.0559919166247009247536808332571;
A(19,8)=0.0568753080144964835636057566517;
A(20,8)=0.0561170105317184430993512694911;
A(21,8)=0.0567564157817344650859154919718;
A(22,8)=0.0562387857326399202912836559426;
A(23,8)=0.0566155713479881777540420262152;
B(8)=0.0564661480402696091967003037109;
A(2,9)=-0.000510822569481128652173592838642;
A(3,9)=0.000801743647469111133949845730858;
A(4,9)=-0.00108701761588106993415476555253;
A(5,9)=0.0014428974095929461474646448793;
A(6,9)=-0.00197631209391717865696951188927;
A(7,9)=0.00295793325957275342622606026435;
A(8,9)=-0.00549887297100517677172799945882;
A(9,9)=0.0308130942026281060713902465387;
