tc(2)=0.015919880246186954;
tc(3)=0.0819844463366821;
tc(4)=0.1933142836497048;
tc(5)=0.33787328829809554;
tc(6)=0.5;
tc(7)=0.6621267117019045;
tc(8)=0.8066857163502952;
tc(9)=0.9180155536633179;
tc(10)=0.984080119753813;
A(2,2)=0.0203185970903936029929730395276;
A(3,2)=0.0439655272265284041585412645645;
A(4,2)=0.0390086533962843337053406260552;
A(5,2)=0.0416450870273228085684590957995;
A(6,2)=0.0399403728698347433203974299378;
A(7,2)=0.0411477676557158920111340399479;
A(8,2)=0.0402546620678691503092248735434;
A(9,2)=0.0409174684184281467032303876016;
A(10,2)=0.040459415718042407333166063762;
B(2)=0.0406371941807872059859460790553;
A(2,3)=-0.00739786856614878686542489503086;
A(3,3)=0.0451620401737143510146180078107;
A(4,3)=0.0981815119598481585602972012796;
A(5,3)=0.0862554727725037766071341170647;
A(6,3)=0.0929433722727170869747695620131;
A(7,3)=0.0884713941466061780807381803681;
A(8,3)=0.0916857523305017059100089579837;
A(9,3)=0.0893369082437627548783828076123;
A(10,3)=0.090947044439077616510395587108;
B(3)=0.0903240803474287020292360156215;
A(2,4)=0.00522200359210005389185584360565;
A(3,4)=-0.0113354640123350470465925464814;
A(4,4)=0.0651526741007338655796857173547;
A(5,4)=0.141795216041145464700711349265;
A(6,4)=0.124257110410775669930284959188;
A(7,4)=0.134238188116506462441245417766;
A(8,4)=0.127534519308708711343304235895;
A(9,4)=0.132269753941421239776471552908;
A(10,4)=0.129078738412655170410976771865;
B(4)=0.130305348201467731159371434709;
A(2,5)=-0.00387345129174498055049537887339;
A(3,5)=0.00703476680173468143903695814227;
A(4,5)=-0.013770833986608572198870637725;
A(5,5)=0.0780867692600007100171576016461;
A(6,5)=0.170000445255253483576298037267;
A(7,5)=0.148873110257821193659850891835;
A(8,5)=0.160887124987800614589386662816;
A(9,5)=0.152970178368016564271643111941;
A(10,5)=0.158135732708392639204576390748;
B(5)=0.156173538520001420034315203292;
A(2,6)=0.00283136945006983986354937012364;
A(3,6)=-0.00478827613101664029445945068615;
A(4,6)=0.00766417562464213864225207092505;
A(5,6)=-0.014618957875912557428631373859;
A(6,6)=0.0825598387503149407911312673217;
A(7,6)=0.179738635376542439010893908502;
A(8,6)=0.157455501875987742940010463718;
A(9,6)=0.16990795363164652187672198533;
A(10,6)=0.16228830805056004171871316452;
B(6)=0.165119677500629881582262534643;
A(2,7)=-0.00196219418839121917026118745578;
A(3,7)=0.00320336015198485576267209135093;
A(4,7)=-0.00471358646779919455507145952427;
A(5,7)=0.00730042826218022637446431145744;
A(6,7)=-0.0138269067352520635419828339752;
A(7,7)=0.0780867692600007100171576016461;
A(8,7)=0.169944372506609992233185841017;
A(9,7)=0.14913877171826673859527824515;
A(10,7)=0.160046989811746400584810582166;
B(7)=0.156173538520001420034315203292;
A(2,8)=0.00122660978881256074839466284463;
A(3,8)=-0.00196440573995350861710011819853;
A(4,8)=0.00277082889275901981606719881443;
A(5,8)=-0.00393283991503873128187398305622;
A(6,8)=0.00604823779069206122908647552113;
A(7,8)=-0.0114898678396777335413399145557;
A(8,8)=0.0651526741007338655796857173547;
A(9,8)=0.141640812213802778205963981191;
A(10,8)=0.125083344609367677267515591104;
B(8)=0.130305348201467731159371434709;
A(2,9)=-0.000622964091648914481159571486571;
A(3,9)=0.000987172103665947150853208009195;
A(4,9)=-0.00136167198307300388077294236227;
A(5,9)=0.00185268620082252394849783525334;
A(6,9)=-0.00261929192528838494553354639162;
A(7,9)=0.00406860757492492542210189855671;
A(8,9)=-0.00785743161241945653106118565811;
A(9,9)=0.0451620401737143510146180078107;
A(10,9)=0.0977219489135774888946609106523;
B(9)=0.0903240803474287020292360156215;
A(2,10)=0.000177778462744798652780015293222;
A(3,10)=-0.000280274237640940717284308546381;
A(4,10)=0.000382532112918055676721205511906;
A(5,10)=-0.000510573474928686025187960892673;
A(6,10)=0.000696821310952462665548649117419;
A(7,10)=-0.00100789284653560258251301674426;
A(8,10)=0.00162854078450287228060545300008;
A(9,10)=-0.00332833304574119817259518550925;
A(10,10)=0.0203185970903936029929730395276;
B(10)=0.0406371941807872059859460790553;
