tc(2)=0.046910077030668004;
tc(3)=0.23076534494715845;
tc(4)=0.5;
tc(5)=0.7692346550528415;
tc(6)=0.953089922969332;
A(2,2)=0.05923172126404727187856601018;
A(3,2)=0.12815100567004528349616684833;
A(4,2)=0.113776288004224602528741273815;
A(5,2)=0.121232436926864146801414651119;
A(6,2)=0.116875329560228545217766777889;
B(2)=0.11846344252809454375713202036;
A(2,3)=-0.0195703643590760374926432140509;
A(3,3)=0.119657167624841617010322878709;
A(4,3)=0.260004651680641518592405895188;
A(5,3)=0.228996054578999876611691812361;
A(6,3)=0.244908128910495418897463479382;
B(3)=0.239314335249683234020645757418;
A(2,4)=0.0112544008186429555527162442151;
A(3,4)=-0.024592114619642200389318251686;
A(4,4)=0.142222222222222222222222222222;
A(5,4)=0.30903655906408664483376269613;
A(6,4)=0.273190043625801488891728200229;
B(4)=0.284444444444444444444444444444;
A(2,5)=-0.00559379366081218487681772196448;
A(3,5)=0.0103182806706833574089539450564;
A(4,5)=-0.0206903164309582845717601377698;
A(5,5)=0.119657167624841617010322878709;
A(6,5)=0.258884699608759271513288971469;
B(5)=0.239314335249683234020645757418;
A(2,6)=0.00158811296786599853936524247059;
A(3,6)=-0.00276899439876960304428263075888;
A(4,6)=0.00468715452386994122839074654459;
A(5,6)=-0.00968756314195073973903482796956;
A(6,6)=0.05923172126404727187856601018;
B(6)=0.11846344252809454375713202036;
