nodegauss(2)=0.0007638338787461432;
nodegauss(3)=0.0040202212033779265;
nodegauss(4)=0.009860889509872335;
nodegauss(5)=0.018256693492960004;
nodegauss(6)=0.02916402157618107;
nodegauss(7)=0.04252604639693063;
nodegauss(8)=0.05827311739069157;
nodegauss(9)=0.07632314189534248;
nodegauss(10)=0.09658201793153068;
nodegauss(11)=0.11894412640252244;
nodegauss(12)=0.14329288236552148;
nodegauss(13)=0.16950134312425094;
nodegauss(14)=0.19743287018019953;
nodegauss(15)=0.22694184166995765;
nodegauss(16)=0.25787441160713265;
nodegauss(17)=0.2900693119853654;
nodegauss(18)=0.3233586935678481;
nodegauss(19)=0.35756900098354316;
nodegauss(20)=0.3925218775697409;
nodegauss(21)=0.42803509524464334;
nodegauss(22)=0.46392350456270687;
nodegauss(23)=0.5;
nodegauss(24)=0.5360764954372931;
nodegauss(25)=0.5719649047553567;
nodegauss(26)=0.6074781224302591;
nodegauss(27)=0.6424309990164568;
nodegauss(28)=0.6766413064321519;
nodegauss(29)=0.7099306880146347;
nodegauss(30)=0.7421255883928674;
nodegauss(31)=0.7730581583300423;
nodegauss(32)=0.8025671298198005;
nodegauss(33)=0.8304986568757491;
nodegauss(34)=0.8567071176344785;
nodegauss(35)=0.8810558735974776;
nodegauss(36)=0.9034179820684693;
nodegauss(37)=0.9236768581046575;
nodegauss(38)=0.9417268826093085;
nodegauss(39)=0.9574739536030694;
nodegauss(40)=0.970835978423819;
nodegauss(41)=0.98174330650704;
nodegauss(42)=0.9901391104901277;
nodegauss(43)=0.995979778796622;
nodegauss(44)=0.9992361661212539;
tc=nodegauss;
A(2,2)=0.000979872563461031820741791298144;
A(3,2)=0.00212028500952420585038284587114;
A(4,2)=0.00188109994369525936097580160572;
A(5,2)=0.00200860957199155587495058477988;
A(6,2)=0.0019256261385497197976340735305;
A(7,2)=0.00198530034219901088258161036631;
A(8,2)=0.00193968239972586608787524415477;
A(9,2)=0.00197603677767019926656394563159;
A(10,2)=0.0019461749740035366695651484859;
A(11,2)=0.00197127491897655374827283347811;
A(12,2)=0.00194979185640577513387484822186;
A(13,2)=0.00196845008319001545980725855474;
A(14,2)=0.00195204887954264373301320297159;
A(15,2)=0.00196661218414656615959207098508;
A(16,2)=0.00195356978738164110529770122791;
A(17,2)=0.00196533600339007546763128685714;
A(18,2)=0.00195465368163200855493347441579;
A(19,2)=0.00196440549800608190712334971331;
A(20,2)=0.00195546020953761384866953913657;
A(21,2)=0.0019637003270683620418611519153;
A(22,2)=0.00195608168908339074687298508539;
A(23,2)=0.00196314854980622692567192978089;
A(24,2)=0.00195657498481814518244072335798;
A(25,2)=0.00196270462636880882874531908552;
A(26,2)=0.00195697701677791441281232112405;
A(27,2)=0.00196233827240382096562041257788;
A(28,2)=0.0019573129130536032220053775501;
A(29,2)=0.00196202839506606905464044426934;
A(30,2)=0.0019576005950339963538739873162;
A(31,2)=0.00196175956628194774844436176094;
A(32,2)=0.00195785354202748518033963516622;
A(33,2)=0.00196151980518961631352606290453;
A(34,2)=0.00195808262415709707606821508505;
A(35,2)=0.00196129899932837824149600685244;
A(36,2)=0.00195829754320136251999045476033;
A(37,2)=0.00196108748202586002442148577119;
A(38,2)=0.00195850838521619007077755489638;
A(39,2)=0.00196087412951743681812788052205;
A(40,2)=0.00195872825671817511508788222336;
A(41,2)=0.0019606422273225229007495536243;
A(42,2)=0.00195898067181008489304836172445;
A(43,2)=0.00196035398152804472980599151077;
A(44,2)=0.00195934131402746491243177967505;
B(2)=0.00195974512692206364148358259629;
A(2,3)=-0.000372894038949393118587484205873;
A(3,3)=0.00227599915935035082971715207397;
A(4,3)=0.00494823228061094201145042988698;
A(5,3)=0.00434620180012113303390313173015;
A(6,3)=0.00468563637404687450985426177225;
A(7,3)=0.00445553530135953642588928757975;
A(8,3)=0.0046261216213786010072901212913;
A(9,3)=0.00449261899184438030646243455516;
A(10,3)=0.00460100856820484133606078356251;
A(11,3)=0.00451062460594027626736823119391;
A(12,3)=0.0045875467489591326913719454151;
A(13,3)=0.0045210186141414246027100945561;
A(14,3)=0.00457931307787328500484843190642;
A(15,3)=0.00452767911427295308972971011509;
A(16,3)=0.00457382994833324956169763025137;
A(17,3)=0.00453226081533353737547640304249;
A(18,3)=0.00456995178275816720116828625434;
A(19,3)=0.00453558082811173405240190510694;
A(20,3)=0.00456708086361782276842856519952;
A(21,3)=0.00453808597804783124965951746445;
A(22,3)=0.00456487677370439219102873807059;
A(23,3)=0.0045400400055312962049074985491;
A(24,3)=0.00456313207188571676945175750293;
A(25,3)=0.00454160833348646508516719523576;
A(26,3)=0.00456171314262106879786382594146;
A(27,3)=0.00454290020577510272332121929226;
A(28,3)=0.0045605296048563308082714891391;
A(29,3)=0.00454399129107854742093171599343;
A(30,3)=0.00455951732091211214647289737478;
A(31,3)=0.00454493668140843686710486581069;
A(32,3)=0.00455862825830418813115177800088;
A(33,3)=0.00454577898412596259183864714223;
A(34,3)=0.00455782383492488821611599734426;
A(35,3)=0.00454655402381741779736610939494;
A(36,3)=0.00455706974513053749607570161704;
A(37,3)=0.00454729592024626515309617556403;
A(38,3)=0.00455633044974847605227559744939;
A(39,3)=0.00454804380802136122418032431479;
A(40,3)=0.00455555990071417465930481825556;
A(41,3)=0.00454885634714066382662391453162;
A(42,3)=0.0045546756427578551660633307075;
A(43,3)=0.00454986599001957895081951910872;
A(44,3)=0.00455341253583775966174768038237;
B(3)=0.00455199831870070165943430414795;
A(2,4)=0.000285903520034624185488428152975;
A(3,4)=-0.000620149747198180942012385861224;
A(4,4)=0.0035621891078941215271354004305;
A(5,4)=0.00775349255431667581776633094423;
A(6,4)=0.00679111080619239170004640952306;
A(7,4)=0.00734482845561428228540393429149;
A(8,4)=0.00696268294663589484907902975509;
A(9,4)=0.00725033292692836727552992147194;
A(10,4)=0.00702229925859714232788420071314;
A(11,4)=0.00720947260650298308645380404849;
A(12,4)=0.00705192560937551194497538659063;
A(13,4)=0.00718709347515080388140059166968;
A(14,4)=0.00706936783806774062830314310748;
A(15,4)=0.00717315762734455239969113021531;
A(16,4)=0.00708072966039266885056026319769;
A(17,4)=0.00716373675843811636795070290891;
A(18,4)=0.00708865409782597749401818623014;
A(19,4)=0.00715698774355379163779373240103;
A(20,4)=0.00709446510795731278535377311598;
A(21,4)=0.00715193547912993820313756149597;
A(22,4)=0.00709889645114869567248009618425;
A(23,4)=0.00714801736281765094909317418998;
A(24,4)=0.00710238673285089280650114631454;
A(25,4)=0.00714488628668395992412876268702;
A(26,4)=0.00710521446581707263812707372823;
A(27,4)=0.00714231586438555941931401780639;
A(28,4)=0.00710756597615126305098654047835;
A(29,4)=0.0071401508294785200735208249795;
A(30,4)=0.00710957230704814583517711173151;
A(31,4)=0.00713827906700976029245298368046;
A(32,4)=0.00711133084130698914897130400588;
A(33,4)=0.00713661450280700652229057085674;
A(34,4)=0.00711291925020415291440523917935;
A(35,4)=0.00713508526273578997830488223678;
A(36,4)=0.00711440613031361751168004252538;
A(37,4)=0.007133623343430520948441311124;
A(38,4)=0.0071158620958567455047183691217;
A(39,4)=0.0071321512053593286157597627566;
A(40,4)=0.00711737816209428028954487705751;
A(41,4)=0.00713055313515271647660652369064;
A(42,4)=0.00711911673717836613531204239393;
A(43,4)=0.00712856852251815298495184107725;
A(44,4)=0.00712159914657566480665989844089;
B(4)=0.007124378215788243054270800861;
A(2,5)=-0.000240862000087818195904020190605;
A(3,5)=0.000436727803255151197837011093502;
A(4,5)=-0.000853016686962249832029321519193;
A(5,5)=0.00482997535592097509903115272302;
A(6,5)=0.0105176876579108796605995766307;
A(7,5)=0.00920147430555488111867468538957;
A(8,5)=0.00996610985724146994328642222779;
A(9,5)=0.00943337074962997275613208332193;
A(10,5)=0.00983789092084714993862578315698;
A(11,5)=0.0095146845677366196837353722693;
A(12,5)=0.0097818369525973837425025207856;
A(13,5)=0.00955556868476600952236817688197;
A(14,5)=0.00975077276555315566812813295406;
A(15,5)=0.00957991747524590873358221991491;
A(16,5)=0.00973121300753730639772460687705;
A(17,5)=0.00959594706905062246853660902615;
A(18,5)=0.00971785619584943302540568129507;
