nodegauss(2)=0.006858095651593831;
nodegauss(3)=0.03578255816821324;
nodegauss(4)=0.0863993424651175;
nodegauss(5)=0.15635354759415726;
nodegauss(6)=0.24237568182092295;
nodegauss(7)=0.3404438155360551;
nodegauss(8)=0.44597252564632817;
nodegauss(9)=0.5540274743536718;
nodegauss(10)=0.6595561844639449;
nodegauss(11)=0.757624318179077;
nodegauss(12)=0.8436464524058427;
nodegauss(13)=0.9136006575348825;
nodegauss(14)=0.9642174418317867;
nodegauss(15)=0.9931419043484062;
tc=nodegauss;
A(2,2)=0.00877986508293796575795821903455;
A(3,2)=0.0189981535901935692032565753457;
A(4,2)=0.0168552230279503139456460219204;
A(5,2)=0.0179971729465900660094843746827;
A(6,2)=0.0172547617984066298930832342739;
A(7,2)=0.0177874472666498987219915789898;
A(8,2)=0.0173819598204594481529414082956;
A(9,2)=0.0177026954293613013303046828863;
A(10,2)=0.0174425456973092601078527146718;
A(11,2)=0.0176567095513048294334431010415;
A(12,2)=0.0174795628483083434887895540101;
A(13,2)=0.0176248519392044115286060700065;
A(14,2)=0.0175095083982726342178871903086;
A(15,2)=0.0175924575863221332767052962139;
B(2)=0.0175597301658759315159164380691;
A(2,3)=-0.00328311623042934086798688316216;
A(3,3)=0.0200395217899400524514083192657;
A(4,3)=0.0435673907696408731646233759169;
A(5,3)=0.0382681743915636711701172340552;
A(6,3)=0.0412533979917853903899376777087;
A(7,3)=0.0392337598958662474135725228744;
A(8,3)=0.0407251338880214787650397745445;
A(9,3)=0.0395662463399620243916498119149;
A(10,3)=0.0404957501866760362744094045944;
A(11,3)=0.0397361986708418500577297439906;
A(12,3)=0.0403613214393456706447433680319;
A(13,3)=0.0398503599457380237882233167421;
A(14,3)=0.0402551035405518654124045816039;
A(15,3)=0.03996441537127911261329894259;
B(3)=0.0400790435798801049028166385314;
A(2,4)=0.00243769977190523648369753867532;
A(3,4)=-0.00528828692877905772827154588732;
A(4,4)=0.0303796426719757961723537022681;
A(5,4)=0.066123334553687190574902181409;
A(6,4)=0.057920462373854404781745279192;
A(7,4)=0.0626327197421615393472331900915;
A(8,4)=0.0593916061259882977498028646063;
A(9,4)=0.0618156038686490443538610067702;
A(10,4)=0.0599156783591797288696216759241;
A(11,4)=0.0614454148960683679037104079444;
A(12,4)=0.0601987394695793353798811744455;
A(13,4)=0.0612110571899330110984868023031;
A(14,4)=0.0604126040626820530672697352783;
A(15,4)=0.0609846163923442644295778571381;
B(4)=0.0607592853439515923447074045362;
A(2,5)=-0.00195809929677580446849837789112;
A(3,5)=0.00355141173896972234311116783155;
A(4,5)=-0.00693923175519035119345305019604;
A(5,5)=0.039300791789548383642400484656;
A(6,5)=0.0855778714769197311989090537154;
A(7,5)=0.0748787154811760310330609299934;
A(8,5)=0.0810781747135810532747494681899;
A(9,5)=0.076782307092562067332707617327;
A(10,5)=0.0800113743471702541854782900716;
A(11,5)=0.0774768534096849128471085942411;
A(12,5)=0.0795088607002790799985270408844;
A(13,5)=0.077876430326470914025544921915;
A(14,5)=0.0791551767984332046118172762667;
A(15,5)=0.0782427353477984228210847070933;
B(5)=0.0786015835790967672848009693119;
A(2,6)=0.00161116775847946349648444265712;
A(3,6)=-0.00271822648688944300089230331347;
A(4,6)=0.00433440470550090540006755914466;
A(5,6)=-0.00823373536491335826742210350288;
A(6,6)=0.0463845993694844534354291475313;
A(7,6)=0.10102275350074334164102858908;
A(8,6)=0.0883477443625841108910902653689;
A(9,6)=0.0957203795859810646182420504007;
A(10,6)=0.0905982315924528417121003972431;
A(11,6)=0.0944477925982297785392948864394;
A(12,6)=0.0914417405394927495055534419114;
A(13,6)=0.0938168030420918897671829973284;
A(14,6)=0.0919756307128301771933129561382;
A(15,6)=0.0932815471518118279198264825437;
B(6)=0.0927691987389689068708582950626;
A(2,7)=-0.00133052156270291506772693351446;
A(3,7)=0.00216386043522498030367910884029;
A(4,7)=-0.0031635153229594358006317143609;
A(5,7)=0.00485948742725785845997735856907;
A(6,7)=-0.00912812000306882147124445709483;
A(7,7)=0.0512996159303239009914810164153;
A(8,7)=0.11173735846979930474746200959;
A(9,7)=0.0976968110243335134955416753237;
A(10,7)=0.10587221386350725214344014393;
A(11,7)=0.100198224148443793570764361647;
A(12,7)=0.104439442239399493941091435739;
A(13,7)=0.101174701796808159756072608437;
A(14,7)=0.103665968338111605133389515327;
A(15,7)=0.101914538169607876529031149546;
B(7)=0.102599231860647801982962032831;
A(2,8)=0.00108963888466220974785039375878;
A(3,8)=-0.0017350699641636410831403585059;
A(4,8)=0.00242277289054359102627535965473;
A(5,8)=-0.00339128378072244485517029851665;
A(6,8)=0.0051298239065868269242832000993;
A(7,8)=-0.0095863697595316087095113485092;
A(8,8)=0.0538159633657894475489691108291;
A(9,8)=0.117221371759045956640870381911;
A(10,8)=0.102489032475038857363789764585;
A(11,8)=0.111055921818472128782737399398;
A(12,8)=0.10514072713244942884971311784;
A(13,8)=0.109503140282097779345661908941;
A(14,8)=0.106254814155401401521265278343;
A(15,8)=0.108508228737319346913052597785;
B(8)=0.107631926731578895097938221658;
A(2,9)=-0.000876302005740451815114376127002;
A(3,9)=0.00137711257617749357667294331529;
A(4,9)=-0.00187121355051888424772368728277;
A(5,9)=0.00249119959912946624822510381855;
A(6,9)=-0.00342399508689323368479917773962;
A(7,9)=0.00514289425654003773414845707324;
A(8,9)=-0.00958944502746706154293216025288;
A(9,9)=0.0538159633657894475489691108291;
A(10,9)=0.117218296491110503807449570167;
A(11,9)=0.102502102824992068173655021559;
A(12,9)=0.111023210512301339953108520175;
A(13,9)=0.105209153841035304071662862003;
A(14,9)=0.109366996695742536181078580164;
A(15,9)=0.106542287846916685350087827899;
B(9)=0.107631926731578895097938221658;
A(2,10)=0.000684693691039925453930883284841;
A(3,10)=-0.00106673647746380315042748249638;
A(4,10)=0.0014245300638396422268894243935;
A(5,10)=-0.00184021037875169195812940290872;
A(6,10)=0.00240100771220400841219767118394;
A(7,10)=-0.00327298200285945016047811109921;
A(8,10)=0.00490242083631428848742035750692;
A(9,10)=-0.0091381266091515027644999767589;
A(10,10)=0.0512996159303239009914810164153;
A(11,10)=0.111727351863716623454206489925;
A(12,10)=0.0977397444333899435229846742615;
A(13,10)=0.105762747183607237783593747192;
A(14,10)=0.10043537142542282167928292399;
A(15,10)=0.103929753423350717050688966345;
B(10)=0.102599231860647801982962032831;
A(2,11)=-0.000512348412842921048968187481165;
A(3,11)=0.000793568026138729677545338924363;
A(4,11)=-0.00104760430312298289632470226584;
A(5,11)=0.00132745819947615736530485315119;
A(6,11)=-0.00167859385926087166843659137678;
A(7,11)=0.00217096714651606515875789781948;
A(8,11)=-0.0029511808470121577473837553381;
A(9,11)=0.00442145437638479597976802969364;
A(10,11)=-0.00825355476177443477017029401779;
A(11,11)=0.0463845993694844534354291475313;
A(12,11)=0.101002934103882265138280398565;
A(13,11)=0.0884347940334680014707907359179;
A(14,11)=0.095487425225858349871750598376;
A(15,11)=0.0911580309804894433743738524055;
B(11)=0.0927691987389689068708582950626;
A(2,12)=0.000358848231298344463716262218572;
A(3,12)=-0.00055359321933643732701630695481;
A(4,12)=0.000725153252625853259256047396927;
A(5,12)=-0.000907277121182312713726071572432;
A(6,12)=0.00112473016941185443769237507084;
A(7,12)=-0.00140979076807348690067732075972;
A(8,12)=0.00181927648653469995209335198496;
A(9,12)=-0.00247659113448428598994849887794;
A(10,12)=0.00372286809792073625174003931855;
A(11,12)=-0.00697628789782296391410808440349;
A(12,12)=0.039300791789548383642400484656;
A(13,12)=0.085540815334287118478254019508;
A(14,12)=0.0750501718401270449416898014804;
A(15,12)=0.080559682875872571753299347203;
B(12)=0.0786015835790967672848009693119;
A(2,13)=-0.000225331048392672084870452601877;
A(3,13)=0.000346681281269539277437669257944;
A(4,13)=-0.000451771845981418753779397766857;
A(5,13)=0.000560545874372256964826230090779;
A(6,13)=-0.000686129552116775559003003408178;
A(7,13)=0.000843606984771863475085728612171;
A(8,13)=-0.00105631852469745200915360223397;
A(9,13)=0.00136767921796329459490453992989;
A(10,13)=-0.00187343439820994700252578555525;
A(11,13)=0.00283882297009718756296212534423;
