nodegauss(2)=0.00024069268329499514;
nodegauss(3)=0.00126776106539295;
nodegauss(4)=0.003113764525060876;
nodegauss(5)=0.005776080888719347;
nodegauss(6)=0.009250386334430769;
nodegauss(7)=0.013530984625445806;
nodegauss(8)=0.018610846766132845;
nodegauss(9)=0.024481628199704064;
nodegauss(10)=0.03113368402046948;
nodegauss(11)=0.0385560853202989;
nodegauss(12)=0.04673663733937109;
nodegauss(13)=0.05566189958721796;
nodegauss(14)=0.06531720796613297;
nodegauss(15)=0.07568669888518798;
nodegauss(16)=0.08675333533549894;
nodegauss(17)=0.09849893488853739;
nodegauss(18)=0.11090419957372843;
nodegauss(19)=0.12394874758739204;
nodegauss(20)=0.13761114678154412;
nodegauss(21)=0.15186894987787888;
nodegauss(22)=0.16669873134927427;
nodegauss(23)=0.18207612590834382;
nodegauss(24)=0.1979758685398713;
nodegauss(25)=0.21437183601140086;
nodegauss(26)=0.23123708979381113;
nodegauss(27)=0.24854392032137423;
nodegauss(28)=0.2662638925185941;
nodegauss(29)=0.28436789251903216;
nodegauss(30)=0.30282617549936824;
nodegauss(31)=0.32160841455010947;
nodegauss(32)=0.34068375050265637;
nodegauss(33)=0.3600208426308619;
nodegauss(34)=0.3795879201437839;
nodegauss(35)=0.39935283438502783;
nodegauss(36)=0.41928311165291954;
nodegauss(37)=0.4393460065547237;
nodegauss(38)=0.4595085558072484;
nodegauss(39)=0.47973763239544204;
nodegauss(40)=0.5;
nodegauss(41)=0.520262367604558;
nodegauss(42)=0.5404914441927515;
nodegauss(43)=0.5606539934452763;
nodegauss(44)=0.5807168883470805;
nodegauss(45)=0.6006471656149722;
nodegauss(46)=0.620412079856216;
nodegauss(47)=0.639979157369138;
nodegauss(48)=0.6593162494973437;
nodegauss(49)=0.6783915854498905;
nodegauss(50)=0.6971738245006318;
nodegauss(51)=0.7156321074809678;
nodegauss(52)=0.7337361074814059;
nodegauss(53)=0.7514560796786257;
nodegauss(54)=0.7687629102061889;
nodegauss(55)=0.7856281639885991;
nodegauss(56)=0.8020241314601287;
nodegauss(57)=0.8179238740916562;
nodegauss(58)=0.8333012686507257;
nodegauss(59)=0.8481310501221211;
nodegauss(60)=0.8623888532184558;
nodegauss(61)=0.876051252412608;
nodegauss(62)=0.8890958004262716;
nodegauss(63)=0.9015010651114627;
nodegauss(64)=0.9132466646645011;
nodegauss(65)=0.924313301114812;
nodegauss(66)=0.9346827920338671;
nodegauss(67)=0.944338100412782;
nodegauss(68)=0.9532633626606289;
nodegauss(69)=0.9614439146797011;
nodegauss(70)=0.9688663159795305;
nodegauss(71)=0.9755183718002959;
nodegauss(72)=0.9813891532338671;
nodegauss(73)=0.9864690153745542;
nodegauss(74)=0.9907496136655692;
nodegauss(75)=0.9942239191112806;
nodegauss(76)=0.9968862354749392;
nodegauss(77)=0.998732238934607;
nodegauss(78)=0.999759307316705;
tc=nodegauss;
A(2,2)=0.0003088227942848524;
A(3,2)=0.0006682423655117519;
A(4,2)=0.0005928592126284981;
A(5,2)=0.0006330461626508295;
A(6,2)=0.0006068921604606304;
A(7,2)=0.0006257001770791487;
A(8,2)=0.0006113218201963846;
A(9,2)=0.0006227811275604323;
A(10,2)=0.0006133674213087824;
A(11,2)=0.0006212811276391239;
A(12,2)=0.0006145064124107543;
A(13,2)=0.0006203919275458464;
A(14,2)=0.0006152164777388191;
A(15,2)=0.0006198141513308503;
A(16,2)=0.0006156941362684759;
A(17,2)=0.0006194138543650538;
A(18,2)=0.0006160335779174747;
A(19,2)=0.0006191230293258619;
A(20,2)=0.0006162849889505827;
A(21,2)=0.000618903403386446;
A(22,2)=0.0006164727571042509;
A(23,2)=0.0006187031546637853;
A(24,2)=0.0006167169444984495;
A(25,2)=0.0006254533285851996;
A(26,2)=0.0007536566162339299;
A(27,2)=0.0026079462673911386;
A(28,2)=0.024989393159079745;
A(29,2)=0.26910090878626747;
A(30,2)=2.772129003901849;
A(31,2)=0.;
A(32,2)=0.;
A(33,2)=0.;
A(34,2)=0.;
A(35,2)=0.;
A(36,2)=0.;
A(37,2)=0.;
A(38,2)=0.;
A(39,2)=0.;
A(40,2)=0.;
A(41,2)=0.;
A(42,2)=0.;
A(43,2)=0.;
A(44,2)=0.;
A(45,2)=0.;
A(46,2)=0.;
A(47,2)=0.;
A(48,2)=0.;
A(49,2)=0.;
A(50,2)=0.;
A(51,2)=0.;
A(52,2)=0.;
A(53,2)=0.;
A(54,2)=0.;
A(55,2)=0.;
A(56,2)=0.;
A(57,2)=0.;
A(58,2)=0.;
A(59,2)=0.;
A(60,2)=0.;
A(61,2)=0.;
A(62,2)=0.;
A(63,2)=0.;
A(64,2)=0.;
A(65,2)=0.;
A(66,2)=0.;
A(67,2)=0.;
A(68,2)=0.;
A(69,2)=0.;
A(70,2)=0.;
A(71,2)=0.;
A(72,2)=0.;
A(73,2)=0.;
A(74,2)=0.;
A(75,2)=0.;
A(76,2)=0.;
A(77,2)=0.;
A(78,2)=0.;
B(2)=0.;
A(2,3)=-0.00011769899040434779;
A(3,3)=0.0007183882709131729;
A(4,3)=0.001561842566978034;
A(5,3)=0.001371819237469521;
A(6,3)=0.0014789584306149287;
A(7,3)=0.0014063278551926155;
A(8,3)=0.0014601747847703555;
A(9,3)=0.001418031040434454;
A(10,3)=0.0014522504101384566;
A(11,3)=0.001423711564243815;
A(12,3)=0.0014480046026338783;
A(13,3)=0.0014269884817850347;
A(14,3)=0.0014454101947467333;
A(15,3)=0.0014290856552045563;
A(16,3)=0.0014436853876653695;
A(17,3)=0.0014305251258360913;
A(18,3)=0.001442468856771091;
A(19,3)=0.0014315644153377618;
A(20,3)=0.0014415710613827472;
A(21,3)=0.0014323285553586472;
A(22,3)=0.001440687275767924;
A(23,3)=0.001430453829918242;
A(24,3)=0.0014096993323405762;
A(25,3)=0.0010573133594863294;
A(26,3)=-0.003102105217108083;
A(27,3)=-0.05108605943342768;
A(28,3)=-0.5651714129098586;
A(29,3)=-5.6086483641383715;
A(30,3)=-50.6121141107037;
A(31,3)=-415.8381198915505;
A(32,3)=0.;
A(33,3)=0.;
A(34,3)=0.;
A(35,3)=0.;
A(36,3)=0.;
A(37,3)=0.;
A(38,3)=0.;
A(39,3)=0.;
A(40,3)=0.;
A(41,3)=0.;
A(42,3)=0.;
A(43,3)=0.;
A(44,3)=0.;
A(45,3)=0.;
A(46,3)=0.;
A(47,3)=0.;
A(48,3)=0.;
A(49,3)=0.;
A(50,3)=0.;
A(51,3)=0.;
A(52,3)=0.;
A(53,3)=0.;
A(54,3)=0.;
A(55,3)=0.;
A(56,3)=0.;
A(57,3)=0.;
A(58,3)=0.;
A(59,3)=0.;
A(60,3)=0.;
A(61,3)=0.;
A(62,3)=0.;
A(63,3)=0.;
A(64,3)=0.;
A(65,3)=0.;
A(66,3)=0.;
A(67,3)=0.;
A(68,3)=0.;
A(69,3)=0.;
A(70,3)=0.;
A(71,3)=0.;
A(72,3)=0.;
A(73,3)=0.;
A(74,3)=0.;
A(75,3)=0.;
A(76,3)=0.;
A(77,3)=0.;
A(78,3)=0.;
B(3)=0.;
A(2,4)=0.00009048453460930964;
A(3,4)=-0.00019626858303538507;
A(4,4)=0.0011273809000514588;
A(5,4)=0.0024538678056466555;
A(6,4)=0.0021492862414125686;
A(7,4)=0.0023245334985357983;
A(8,4)=0.0022035836885855474;
A(9,4)=0.0022946304657295597;
A(10,4)=0.0022224470872297176;
A(11,4)=0.002281704018859644;
A(12,4)=0.002231817104701583;
A(13,4)=0.0022746287762127147;
A(14,4)=0.0022373286531731634;
A(15,4)=0.00227022829212335;
A(16,4)=0.002240913030274667;
A(17,4)=0.0022672597957396796;
A(18,4)=0.002243406190295599;
A(19,4)=0.002265140573401386;
A(20,4)=0.002245226662114322;
A(21,4)=0.0022635625962564056;
A(22,4)=0.0022465791953272534;
A(23,4)=0.002261865696507797;
A(24,4)=0.0022438542892465763;
A(25,4)=0.0023042296492280074;
A(26,4)=0.004479347295618086;
A(27,4)=0.05197157043597872;
A(28,4)=0.8201955372989929;
A(29,4)=11.117375056411166;
A(30,4)=130.62916479106457;
A(31,4)=1360.8677432316244;
A(32,4)=0.;
A(33,4)=0.;
A(34,4)=0.;
A(35,4)=0.;
A(36,4)=0.;
A(37,4)=0.;
A(38,4)=0.;
A(39,4)=0.;
A(40,4)=0.;
A(41,4)=0.;
A(42,4)=0.;
A(43,4)=0.;
A(44,4)=0.;
A(45,4)=0.;
A(46,4)=0.;
A(47,4)=0.;
A(48,4)=0.;
A(49,4)=0.;
A(50,4)=0.;
A(51,4)=0.;
A(52,4)=0.;
A(53,4)=0.;
A(54,4)=0.;
A(55,4)=0.;
A(56,4)=0.;
A(57,4)=0.;
A(58,4)=0.;
A(59,4)=0.;
A(60,4)=0.;
A(61,4)=0.;
A(62,4)=0.;
A(63,4)=0.;
A(64,4)=0.;
A(65,4)=0.;
A(66,4)=0.;
A(67,4)=0.;
A(68,4)=0.;
A(69,4)=0.;
A(70,4)=0.;
A(71,4)=0.;
A(72,4)=0.;
A(73,4)=0.;
A(74,4)=0.;
A(75,4)=0.;
A(76,4)=0.;
A(77,4)=0.;
A(78,4)=0.;
B(4)=0.;
A(2,5)=-0.00007652712695570568;
A(3,5)=0.00013875754519724516;
A(4,5)=-0.0002710201204308513;
A(5,5)=0.0015345740399390854;
A(6,5)=0.0033416684039015926;
A(7,5)=0.002923478636317774;
A(8,5)=0.0031664257729008107;
A(9,5)=0.0029971512164635524;
A(10,5)=0.003125694881356887;
A(11,5)=0.0030229779451159773;
A(12,5)=0.0031078953449436356;
A(13,5)=0.00303595592361865;
A(14,5)=0.0030980393134843534;
A(15,5)=0.0030436762031242196;
A(16,5)=0.0030918429336590086;
A(17,5)=0.0030487484413567836;
A(18,5)=0.003087622663421021;
A(19,5)=0.0030523084289293748;
A(20,5)=0.0030845857479532847;
A(21,5)=0.003054973549274115;
A(22,5)=0.0030832324914698006;
A(23,5)=0.003071723171910934;
A(24,5)=0.0032762393484269473;
A(25,5)=0.005280589907085682;
A(26,5)=0.02524286498004682;
A(27,5)=0.20033494933099008;
A(28,5)=1.5842624580951963;
A(29,5)=11.403122512345334;
A(30,5)=0.;
A(31,5)=0.;
A(32,5)=0.;
A(33,5)=0.;
A(34,5)=0.;
A(35,5)=0.;
A(36,5)=0.;
