tc(2)=0.019855071751231884;
tc(3)=0.10166676129318664;
tc(4)=0.2372337950418355;
tc(5)=0.4082826787521751;
tc(6)=0.591717321247825;
tc(7)=0.7627662049581645;
tc(8)=0.8983332387068134;
tc(9)=0.9801449282487681;
A(2,2)=0.0253071340725940647881328385775;
A(3,2)=0.054759321767554320283190797385;
A(4,2)=0.0485875359989128809431601473474;
A(5,2)=0.051865520970581234565312077965;
A(6,2)=0.0497550315609232768867987754316;
A(7,2)=0.0512330738404386449438689821435;
A(8,2)=0.0501714658408458917606387325203;
A(9,2)=0.0508917764723050487991641237688;
B(2)=0.050614268145188129576265677155;
A(2,3)=-0.00910594330597007502136365210466;
A(3,3)=0.0555952586133436176360889986066;
A(4,3)=0.120859524997173167441653743003;
A(5,3)=0.106193490148348406878869450083;
A(6,3)=0.114388331537048005594660740309;
A(7,3)=0.108964802451402335553862695805;
A(8,3)=0.112755452137636177647973108618;
A(9,3)=0.110217759562627971745453473389;
B(3)=0.111190517226687235272177997213;
A(2,4)=0.00628083114703047398060942073781;
A(3,4)=-0.01363979623578166925303066207;
A(4,4)=0.0784266614694718218344905504967;
A(5,4)=0.170671134274553621284710784604;
A(6,4)=0.149612116377721373807178037978;
A(7,4)=0.161496788801048123459107271064;
A(8,4)=0.153713569953479974726636094092;
A(9,4)=0.158770998193580596009906736113;
B(4)=0.156853322938943643668981100993;
A(2,5)=-0.0044830156130547514419133142353;
A(3,5)=0.00814970885836055053604042748373;
A(4,5)=-0.0159751033618784314756701138557;
A(5,5)=0.0906709458445904957412876123193;
A(6,5)=0.197362933010206004651280442432;
A(7,5)=0.172970158968954827695664902574;
A(8,5)=0.186557243778328144862818594413;
A(9,5)=0.178263400320854211592721393989;
B(5)=0.181341891689180991482575224639;
A(2,6)=0.00307849136832677988985383064912;
A(3,6)=-0.00521535208914715338024336977464;
A(4,6)=0.00837173272022616378691032206439;
A(5,6)=-0.0160210413210250131687052177938;
A(6,6)=0.0906709458445904957412876123193;
A(7,6)=0.197316995051059422958245338494;
A(8,6)=0.173192182830820440946534797155;
A(9,6)=0.185824907302235742924488538874;
B(6)=0.181341891689180991482575224639;
A(2,7)=-0.00191767525463695234092563511949;
A(3,7)=0.00313975298546366894234500690116;
A(4,7)=-0.00464346586210447979012617007024;
A(5,7)=0.00724120656122226986180306301494;
A(6,7)=-0.0138178113356099776157296836107;
A(7,7)=0.0784266614694718218344905504967;
A(8,7)=0.170493119174725312922011763063;
A(9,7)=0.150572491791913169688371680255;
B(7)=0.156853322938943643668981100993;
A(2,8)=0.000972757664059263526724523824089;
A(3,8)=-0.00156493491094894237579511140443;
A(4,8)=0.00222571477528489971831530140789;
A(5,8)=-0.00319781431036077032248274309542;
A(6,8)=0.00499702707833882839330854713054;
A(7,8)=-0.00966900777048593216947574579036;
A(8,8)=0.0555952586133436176360889986066;
A(9,8)=0.120296460532657310293541649318;
B(8)=0.111190517226687235272177997213;
A(2,9)=-0.00027750832711691922289844661378;
A(3,9)=0.000442802304342237815626944634681;
A(4,9)=-0.00061880569525051536760330498854;
A(5,9)=0.000859236584264852689466901723349;
A(6,9)=-0.00125125282539310498904640080999;
A(7,9)=0.00202673214627524863310552980754;
A(8,9)=-0.00414505362236619070692512023002;
A(9,9)=0.0253071340725940647881328385775;
B(9)=0.050614268145188129576265677155;
