nodegauss(2)=0.005299532504175033;
nodegauss(3)=0.02771248846338371;
nodegauss(4)=0.06718439880608412;
nodegauss(5)=0.12229779582249849;
nodegauss(6)=0.19106187779867811;
nodegauss(7)=0.2709916111713863;
nodegauss(8)=0.35919822461037054;
nodegauss(9)=0.4524937450811813;
nodegauss(10)=0.5475062549188188;
nodegauss(11)=0.6408017753896295;
nodegauss(12)=0.7290083888286137;
nodegauss(13)=0.8089381222013219;
nodegauss(14)=0.8777022041775016;
nodegauss(15)=0.9328156011939158;
nodegauss(16)=0.9722875115366163;
nodegauss(17)=0.994700467495825;
tc=nodegauss;
A(2,2)=0.006788114852938523712945143114;
A(3,2)=0.0146883557390946385758642521469;
A(4,2)=0.0130314887570029239238070779943;
A(5,2)=0.0139145629895638718504511923415;
A(6,2)=0.0133402027362754284067900662363;
A(7,2)=0.0137527040949456381585719692774;
A(8,2)=0.013438119001842360161272808887;
A(9,2)=0.0136877916707669093796072977756;
A(10,2)=0.0134840860538742010450198746149;
A(11,2)=0.0136534910993508884618823314751;
A(12,2)=0.0135108799033143011799320922361;
A(13,2)=0.0136316092921565802422641827113;
A(14,2)=0.0135296349036562863191162942202;
A(15,2)=0.0136145629673421878771450105075;
A(16,2)=0.0135464177343650549658896080538;
A(17,2)=0.0135957453898776305199017672551;
B(2)=0.013576229705877047425890286228;
A(2,3)=-0.00254981560166642060794569067229;
A(3,3)=0.0155633809846619732157109592486;
A(4,3)=0.0338360541380276180593656116869;
A(5,3)=0.0297200191888691588371485995674;
A(6,3)=0.0320395557786961649790658295553;
A(7,3)=0.030468942878019499501028442412;
A(8,3)=0.031630746946389942560731744431;
A(9,3)=0.0307250535496773673535467999087;
A(10,3)=0.031455621626810900114700299504;
A(11,3)=0.0308526999370481088652267711589;
A(12,3)=0.0313575683200654272093191092524;
A(13,3)=0.0309317756236027363207345816192;
A(14,3)=0.0312904546821617165141440676078;
A(15,3)=0.0309923000776661059217701644317;
A(16,3)=0.0312312297255869071612024347827;
A(17,3)=0.0310584108761858896116286425393;
B(3)=0.0311267619693239464314219184972;
A(2,4)=0.00190909917813672352877801175229;
A(3,4)=-0.00414132717596763996878861232854;
A(4,4)=0.0237896279206231962024812769006;
A(5,4)=0.0517801403483892024010294171015;
A(6,4)=0.0453551063258562077032403018992;
A(7,4)=0.0490485387199112662446557436788;
A(8,4)=0.0465043796221450675754501548803;
A(9,4)=0.048412685417913376131067947895;
A(10,4)=0.0469089785472300272980955261528;
A(11,4)=0.0481311754322642949984184395261;
A(12,4)=0.0471183268286057487383900554618;
A(13,4)=0.0479663433693550016210589914771;
A(14,4)=0.0472556577169880921728028129868;
A(15,4)=0.0478442967764949000419313416681;
A(16,4)=0.0473737221994756451413615275589;
A(17,4)=0.0477135985928050059378121491785;
B(4)=0.0475792558412463924049625538011;
A(2,5)=-0.00155293958635445852534156874683;
A(3,5)=0.0028162406632917972397453634423;
A(4,5)=-0.00550189263400219470130649699861;
A(5,5)=0.031157242813883468013119070548;
A(6,5)=0.0678462253281563804520834767661;
A(7,5)=0.0593603918070741529829473498399;
A(8,5)=0.0642830051583429101538245285291;
A(9,5)=0.0608634670250274359810760616177;
A(10,5)=0.0634461232134128682468737924002;
A(11,5)=0.0614011467224921295887995150851;
A(12,5)=0.063066929514852669238202077977;
A(13,5)=0.0616885513013066416044273078543;
A(14,5)=0.0628342944281682934073314379887;
A(15,5)=0.06189066961159071606944820359;
A(16,5)=0.0626421916452303693055391350722;
A(17,5)=0.0621006168883438439009611066341;
B(5)=0.062314485627766936026238141096;
A(2,6)=0.0013003863616733528913114905879;
A(3,6)=-0.00219345482567798016982323843681;
A(4,6)=0.00349652217282333762047567566641;
A(5,6)=-0.00663991736447016847048675532054;
A(6,6)=0.0373989972041441830203754326369;
A(7,6)=0.0814547479489546900093434676952;
A(8,6)=0.0712277617588559187531155126205;
A(9,6)=0.0771876047046273585479673839731;
A(10,6)=0.0730303197571048941354241594351;
A(11,6)=0.0761792585832743446252620951945;
A(12,6)=0.0736838477565867125663535444851;
A(13,6)=0.0757116452440267989624189088091;
A(14,6)=0.074046666177318089622773447622;
A(15,6)=0.0754065236980190028109460042637;
A(16,6)=0.0743294398052968611059339437194;
A(17,6)=0.0751031072470227206968547784804;
B(6)=0.0747979944082883660407508652737;
A(2,7)=-0.00109941397810467496743881733363;
A(3,7)=0.00178743918153624175343071841289;
A(4,7)=-0.0026118396911344918838412069645;
A(5,7)=0.0040095350514456537430793344632;
A(6,7)=-0.00752716211388616522865856954022;
A(7,7)=0.0422891298487506345473280197576;
A(8,7)=0.0921151518921634601747533085147;
A(9,7)=0.0805272007369102555810475990729;
A(10,7)=0.0872949741645916896358873914595;
A(11,7)=0.0825669457489739518674462366174;
A(12,7)=0.0861478803848239309757550648848;
A(13,7)=0.0833184320029998503677792067151;
A(14,7)=0.0855995373963959978740743695689;
A(15,7)=0.083758898968882274362425716746;
A(16,7)=0.0852054113264462927626796448542;
A(17,7)=0.0841711383764809187500531602692;
B(7)=0.0845782596975012690946560395152;
A(2,8)=0.000928810382461165787713007929583;
A(3,8)=-0.00147829989566992546596208722498;
A(4,8)=0.00206262230133837007802008817732;
A(5,8)=-0.00288422816336006468552572977376;
A(6,8)=0.00435798231923588344843112214714;
A(7,8)=-0.00813602844568463378031886725894;
A(8,8)=0.0456508537612308972166909169923;
A(9,8)=0.0994428614738752770173381402428;
A(10,8)=0.0869221300997873120018658255736;
A(11,8)=0.094239144043641030377077271715;
A(12,8)=0.0891305065717556150224985864617;
A(13,8)=0.0929877390626584104367600962282;
A(14,8)=0.0899635050040873503460093591142;
A(15,8)=0.092360807758143690288744859558;
A(16,8)=0.0904978227001818534716954789844;
A(17,8)=0.0918212992870790951604556278872;
B(8)=0.0913017075224617944333818339846;
A(2,9)=-0.000778400292638016970213471818843;
A(3,9)=0.0012224834918901486662550983922;
A(4,9)=-0.00165927082379871426000051462803;
A(5,9)=0.00220571795868412616231539426489;
A(6,9)=-0.00302623842372018278324271394385;
A(7,9)=0.00453707368665636325875087328546;
A(8,9)=-0.00844642793523074838713993385384;
A(9,9)=0.0473626526137671240713491808021;
A(10,9)=0.10317333864857193167779320986;
A(11,9)=0.0901815040283245160398166309593;
A(12,9)=0.0977679500872368991630661894203;
A(13,9)=0.0924866954599737546659775523671;
A(14,9)=0.0964455266917309385424293315073;
A(15,9)=0.0933908534766570396068241599254;
A(16,9)=0.0957260945631925579711248883942;
A(17,9)=0.0940823921544760565702179592935;
B(9)=0.0947253052275342481426983616041;
A(2,10)=0.000642913073058191572480402310604;
A(3,10)=-0.00100078933565830982842652679008;
A(4,10)=0.00133445175087720853587420167871;
A(5,10)=-0.0017202214641966903997309699032;
A(6,10)=0.00223860976756049347672080923707;
A(7,10)=-0.00304264485970265102036782781615;
A(8,10)=0.00454380119920973210288173064488;
A(9,10)=-0.00844803342103768353509484825593;
A(10,10)=0.0473626526137671240713491808021;
A(11,10)=0.103171733162764996529838295458;
A(12,10)=0.0901882315408778848839474883187;
A(13,10)=0.097751543651254430925941075548;
A(14,10)=0.0925195872688501219803829673393;
A(15,10)=0.0963845760513329624026988762322;
A(16,10)=0.0935028217356440994764432632119;
A(17,10)=0.095503705520172265112911833423;
B(10)=0.0947253052275342481426983616041;
A(2,11)=-0.000519591764617300727073793902583;
A(3,11)=0.000803884822279940961686355000182;
A(4,11)=-0.00105910023568189585536302557341;
A(5,11)=0.00133820251837444408737247487044;
A(6,11)=-0.00168603154019661600337826224358;
A(7,11)=0.00217120095070617941088324752289;
A(8,11)=-0.00293743652117923594369543773038;
A(9,11)=0.00437957742267448243151600841105;
A(10,11)=-0.00814115395141348258395630625822;
A(11,11)=0.0456508537612308972166909169923;
A(12,11)=0.0994377359681464282137007012436;
A(13,11)=0.0869437252032259109849507118375;
A(14,11)=0.0941859356858218591189075637584;
A(15,11)=0.0892390852211234243553617458073;
A(16,11)=0.0927800074181317198993439212096;
A(17,11)=0.090372897140000628645668826055;
B(11)=0.0913017075224617944333818339846;
A(2,12)=0.000407121321020350344602879245932;
A(3,12)=-0.000627151628945023668023605338992;
A(4,12)=0.000819360728618994732230322769157;
