nodegauss(2)=0.000926308466783547;
nodegauss(3)=0.004874231572657008;
nodegauss(4)=0.011950645333264473;
nodegauss(5)=0.022112393837673862;
nodegauss(6)=0.03529542575663089;
nodegauss(7)=0.051416440353503554;
nodegauss(8)=0.07037353100004692;
nodegauss(9)=0.09204685128492844;
nodegauss(10)=0.11629937853446826;
nodegauss(11)=0.14297778205273265;
nodegauss(12)=0.17191339328399455;
nodegauss(13)=0.202923272521361;
nodegauss(14)=0.23581136566978125;
nodegauss(15)=0.270369743845432;
nodegauss(16)=0.30637991801421927;
nodegauss(17)=0.34361422037590705;
nodegauss(18)=0.3818372437690821;
nodegauss(19)=0.4208073300010811;
nodegauss(20)=0.4602780976956223;
nodegauss(21)=0.5;
nodegauss(22)=0.5397219023043778;
nodegauss(23)=0.5791926699989189;
nodegauss(24)=0.6181627562309179;
nodegauss(25)=0.656385779624093;
nodegauss(26)=0.6936200819857807;
nodegauss(27)=0.729630256154568;
nodegauss(28)=0.7641886343302188;
nodegauss(29)=0.797076727478639;
nodegauss(30)=0.8280866067160054;
nodegauss(31)=0.8570222179472673;
nodegauss(32)=0.8837006214655317;
nodegauss(33)=0.9079531487150716;
nodegauss(34)=0.929626468999953;
nodegauss(35)=0.9485835596464964;
nodegauss(36)=0.9647045742433691;
nodegauss(37)=0.9778876061623262;
nodegauss(38)=0.9880493546667355;
nodegauss(39)=0.995125768427343;
nodegauss(40)=0.9990736915332165;
tc=nodegauss;
A(2,2)=0.00118823617290877534269405328873;
A(3,2)=0.00257114996596053972260298831643;
A(4,2)=0.00228110390192266445412847118778;
A(5,2)=0.00243572720166280422007332661283;
A(6,2)=0.00233509872640952966638716491059;
A(7,2)=0.00240746080867867442122623542135;
A(8,2)=0.00235214477770441527501591226703;
A(9,2)=0.00239622635195113048158644953799;
A(10,2)=0.0023600192775122449824369106128;
A(11,2)=0.00239045029619734896027444243842;
A(12,2)=0.00236440721544276407956917966198;
A(13,2)=0.00238702246149152879810285492841;
A(14,2)=0.00236714690369458593497255913216;
A(15,2)=0.00238479056754773932520391117047;
A(16,2)=0.00236899490603439975484013552725;
A(17,2)=0.00238323876716570664564207818797;
A(18,2)=0.0023703141636532923516660693993;
A(19,2)=0.00238210480582276800361697034375;
A(20,2)=0.00237129858376449411524220343987;
A(21,2)=0.00238124239241406001574602131277;
A(22,2)=0.00237206053381102468416379124284;
A(23,2)=0.00238056379950857381074778196179;
A(24,2)=0.00237266954465617319120382349547;
A(25,2)=0.00238001312416675034092625417258;
A(26,2)=0.00237317119635818260498913224949;
A(27,2)=0.00237955267051053512891896658336;
A(28,2)=0.00237359713798938997976710461874;
A(29,2)=0.00237915541827740407461096840802;
A(30,2)=0.00237397088928459664704286578434;
A(31,2)=0.00237880041185818167489065369031;
A(32,2)=0.00237431166746730308829137469032;
A(33,2)=0.00237846937871214445826213943815;
A(34,2)=0.00237463765579389170556108761942;
A(35,2)=0.00237814316849865490480921486176;
A(36,2)=0.00237497047936040171557702446767;
A(37,2)=0.00237779519407423739412245835277;
A(38,2)=0.00237534646514201861441794366059;
A(39,2)=0.00237736830894854820097860433276;
A(40,2)=0.00237587838849170193734679756516;
B(2)=0.00237647234581755068538810657745;
A(2,3)=-0.000451978002865779612020703532557;
A(3,3)=0.00275869723479114856066920136304;
A(4,3)=0.005997662158514021800529156102;
A(5,3)=0.00526795310243239377330371161448;
A(6,3)=0.00567937301447449974723209767585;
A(7,3)=0.00540047632113145967147111504241;
A(8,3)=0.00560723345354874194332556155067;
A(9,3)=0.0054454284346378254362596768801;
A(10,3)=0.00557678979800141535737660831574;
A(11,3)=0.00546725833251979882494838980611;
A(12,3)=0.00556046619530938329699819484409;
A(13,3)=0.0054798647812365348880829343096;
A(14,3)=0.00555047682509201627691582999145;
A(15,3)=0.00548794892685933316284527412714;
A(16,3)=0.00554381798016751536593545463167;
A(17,3)=0.00549351714189298636510009399393;
A(18,3)=0.00553910029655234648495463411742;
A(19,3)=0.00549756078097248851558410721086;
A(20,3)=0.00553559820018485996461077761098;
A(21,3)=0.00550062269429379141011977233514;
A(22,3)=0.00553289761257347187374634101048;
A(23,3)=0.00550302426796210487413129829052;
A(24,3)=0.00553074508737624421712900567061;
A(25,3)=0.00550496838625984184289547040286;
A(26,3)=0.00552897583848756320925744446625;
A(27,3)=0.00550659086421570774848096423407;
A(28,3)=0.00552747619282665688206743344329;
A(29,3)=0.00550798846895545590451410740401;
A(30,3)=0.00552616214999958501756581664116;
A(31,3)=0.00550923584618386696596073262263;
A(32,3)=0.00552496543216278866393685713987;
A(33,3)=0.00551039775445338072214929667232;
A(34,3)=0.00552382175366907968102348642402;
A(35,3)=0.00551154174381562250661847237374;
A(36,3)=0.00552265499139081941542461689975;
A(37,3)=0.00551276124344526198679676163679;
A(38,3)=0.00552133765992592790310527987066;
A(39,3)=0.00551425661267385078683260927948;
A(40,3)=0.00551947460404404054901917425224;
B(3)=0.00551739446958229712133840272609;
A(2,4)=0.00034624844658060961130729008735;
A(3,4)=-0.000751043750107927570833047729774;
A(4,4)=0.00431405727343122976020136779584;
A(5,4)=0.00939001451261980464444039492446;
A(6,4)=0.00822450726128608536359196789755;
A(7,4)=0.00889509015394425560996933583972;
A(8,4)=0.00843229833478775271279220766979;
A(9,4)=0.00878064253972292411064147650113;
A(10,4)=0.00850450664290978620882737038188;
A(11,4)=0.00873114699122393721066955446542;
A(12,4)=0.00854039934616117492066825020507;
A(13,4)=0.00870402865303096627300099978616;
A(14,4)=0.00856154155185248876841986723988;
A(15,4)=0.00868712980502319594001409457878;
A(16,4)=0.00857532654443182148631281132346;
A(17,4)=0.00867569156940647423165849487;
A(18,4)=0.0085849568324994910037162547746;
A(19,4)=0.00866747993308419183784119901951;
A(20,4)=0.0085920379608663015047888760019;
A(21,4)=0.00866131150401370220600777032643;
A(22,4)=0.00859746143883601995387442482167;
A(23,4)=0.00865650157315154997976839358944;
A(24,4)=0.00860176239545191178647391358896;
A(25,4)=0.00865262509894390303311392465174;
A(26,4)=0.00860528369320966343386985633835;
A(27,4)=0.00864940122813004998192935617593;
A(28,4)=0.00860825908787704008776366159681;
A(29,4)=0.00864663199831629881907973132307;
A(30,4)=0.00861085958466257457717234125255;
A(31,4)=0.00864416616300094666250388022332;
A(32,4)=0.00861322289260757446790236344562;
A(33,4)=0.00864187369858262501521719564732;
A(34,4)=0.00861547752260004774813874795029;
A(35,4)=0.00863962012434580144385301587418;
A(36,4)=0.00861777446165396252544962664658;
A(37,4)=0.00863722070539370213982501181298;
A(38,4)=0.0086203651722606848227455533655;
A(39,4)=0.00863428091726655064556338616124;
A(40,4)=0.00862402687992550313035113156432;
B(4)=0.00862811454686245952040273559168;
A(2,5)=-0.000291345601361624937799888828459;
A(3,5)=0.00052826486615448138353679319543;
A(4,5)=-0.00103180905901866181833769057393;
A(5,5)=0.00584234620804454114867808611073;
A(6,5)=0.0127222101226348175054712975445;
A(7,5)=0.0111301243586407705179687745925;
A(8,5)=0.0120550125814236154227875645132;
A(9,5)=0.0114106374287425153706576991501;
A(10,5)=0.0118999050718309614104216622918;
A(11,5)=0.0115090116770109240850860218583;
A(12,5)=0.0118320815771726499958597342151;
A(13,5)=0.0115584896913949605832593168947;
A(14,5)=0.0117944773283762575996594778954;
A(15,5)=0.0115879759201485850021491700269;
A(16,5)=0.0117707784236995524159424171746;
A(17,5)=0.0116074108707731400789008448199;
A(18,5)=0.0117545696027675301781797707582;
A(19,5)=0.0116211250339003325977227532099;
A(20,5)=0.0117428196514408208584575955843;
A(21,5)=0.0116313049316020242742779346893;
A(22,5)=0.0117339106177254360265405349102;
A(23,5)=0.0116391745631097251818712174691;
A(24,5)=0.0117268981777317886046570229534;
A(25,5)=0.0116454756283693375650233907936;
A(26,5)=0.0117211899011534166434626850676;
A(27,5)=0.0116506891582651237467741481653;
A(28,5)=0.0117163886153129050734470504408;
A(29,5)=0.011655149023481385200249264109;
A(30,5)=0.0117122079289771312118379154261;
A(31,5)=0.0116591068191926140749743499014;
A(32,5)=0.0117084202733164367839134915846;
A(33,5)=0.0116627760249637523223317596275;
A(34,5)=0.0117048159804492873587784846958;
