nodegauss(2)=0.002221515104750951;
nodegauss(3)=0.011668039270241244;
nodegauss(4)=0.02851271438551283;
nodegauss(5)=0.05250400106086232;
nodegauss(6)=0.083278685619583;
nodegauss(7)=0.12037036848132118;
nodegauss(8)=0.16321681576326583;
nodegauss(9)=0.21116853487938853;
nodegauss(10)=0.26349863427714254;
nodegauss(11)=0.31941384709530607;
nodegauss(12)=0.3780665581395058;
nodegauss(13)=0.4385676536946448;
nodegauss(14)=0.5;
nodegauss(15)=0.5614323463053552;
nodegauss(16)=0.6219334418604943;
nodegauss(17)=0.6805861529046939;
nodegauss(18)=0.7365013657228575;
nodegauss(19)=0.7888314651206115;
nodegauss(20)=0.8367831842367341;
nodegauss(21)=0.8796296315186788;
nodegauss(22)=0.916721314380417;
nodegauss(23)=0.9474959989391377;
nodegauss(24)=0.9714872856144872;
nodegauss(25)=0.9883319607297587;
nodegauss(26)=0.997778484895249;
tc=nodegauss;
A(2,2)=0.00284844962525657198697574102831;
A(3,2)=0.00616358071095378447921385917093;
A(4,2)=0.00546828597193733182963017166306;
A(5,2)=0.0058389347058214750565952244721;
A(6,2)=0.0055977380569141712254327773324;
A(7,2)=0.00577115209186624190133322074525;
A(8,2)=0.00563863130931342943302963965781;
A(9,2)=0.00574418098035996256284990153989;
A(10,2)=0.00565755888215211290744594816136;
A(11,2)=0.00573027106856042471235293283547;
A(12,2)=0.00566815602911397909084766400651;
A(13,2)=0.0057219581282049938255795200054;
A(14,2)=0.00567483976147624405197115062779;
A(15,2)=0.00571646749514912131164396746532;
A(16,2)=0.00567943900948163840715844600034;
A(17,2)=0.0057125434912077911248109864593;
A(18,2)=0.00568284798977230028243317537163;
A(19,2)=0.00570952630267989673135812399184;
A(20,2)=0.00568557247290897465264081432121;
A(21,2)=0.00570701002614768243313481205133;
A(22,2)=0.00568795881051702217809334591229;
A(23,2)=0.00570467208936918509068640983717;
A(24,2)=0.00569034835896111487989719743103;
A(25,2)=0.00570207746491147871969944484198;
A(26,2)=0.00569347918557206450031129453164;
B(2)=0.00569689925051314397395148205662;
A(2,3)=-0.00107948052989429930015957923897;
A(3,3)=0.00658874665375803431547545382382;
A(4,3)=0.0143245320961024991306100742828;
A(5,3)=0.0125817695851381084286060920835;
A(6,3)=0.0135642936042594879259200417374;
A(7,3)=0.0128983575768120633013053981997;
A(8,3)=0.0133918947135260996880852491203;
A(9,3)=0.0130058562732788569899939441157;
A(10,3)=0.0133190090262584324520903137018;
A(11,3)=0.0130582137393792434745552953952;
A(12,3)=0.0132797507542798974324627195604;
A(13,3)=0.0130886547043173392599394418282;
A(14,3)=0.0132554890389893917916620363477;
A(15,3)=0.0131084504866328935908236782843;
A(16,3)=0.0132389965597029335054237702115;
A(17,3)=0.0131224597081592057511272546113;
A(18,3)=0.0132268705207704004178703033945;
A(19,3)=0.0131331589648048973085953997614;
A(20,3)=0.0132172347816863853673402605288;
A(21,3)=0.0131420380048541673587006009203;
A(22,3)=0.0132088308780199217291959907519;
A(23,3)=0.0131502575443871623634478510391;
A(24,3)=0.0132004417124951299202655872569;
A(25,3)=0.0131593565528751365218016409282;
A(26,3)=0.0131894710312879596576843440704;
B(3)=0.0131774933075160686309509076476;
A(2,4)=0.000821432363822437310100919592058;
A(3,4)=-0.00178178048026905360882428431325;
A(4,4)=0.0102347891753265781639058719279;
A(5,4)=0.0222770955522623564668627617809;
A(6,4)=0.019512142267613447121875746211;
A(7,4)=0.0211027821395183574251019215054;
A(8,4)=0.0200053085991260938664936266197;
A(9,4)=0.0208310017025562759808569812264;
A(10,4)=0.0201769542410437625820505138108;
A(11,4)=0.0207131535778497645977882462833;
A(12,4)=0.0202626316904182821301554566687;
A(13,4)=0.0206481744462059939463560392078;
A(14,4)=0.0203135719866554361578543493258;
A(15,4)=0.0206071363731407973505850019351;
A(16,4)=0.0203474196001528629942609996657;
A(17,4)=0.0205786187246952491223372013182;
A(18,4)=0.0203719377751004732632100572664;
A(19,4)=0.0205571080240225602052309461871;
A(20,4)=0.0203912164500393582944368807955;
A(21,4)=0.0205394175321547370844190486366;
A(22,4)=0.0204078998586736679591666301233;
A(23,4)=0.0205231505025874328773984219768;
A(24,4)=0.0204244598723661583383267714401;
A(25,4)=0.0205052258112725053284649990268;
A(26,4)=0.0204460402851206101831687236271;
B(4)=0.0204695783506531563278117438558;
A(2,5)=-0.000684443690204878428593595726558;
A(3,5)=0.00124105659170014601931863972979;
A(4,5)=-0.00242411398821702859816890371125;
A(5,5)=0.0137261739939587979814842228851;
A(6,5)=0.0298898382767503057280084162795;
A(7,5)=0.0261496378062293153587251484623;
A(8,5)=0.0283220089101371405383276546549;
A(9,5)=0.0268090820730557626825463166041;
A(10,5)=0.0279570778039962016956620272912;
A(11,5)=0.0270408593777514430634699578832;
A(12,5)=0.027796918028080835978424932233;
A(13,5)=0.0271581040229835256791726274309;
A(14,5)=0.0277073507498017007493766696761;
A(15,5)=0.027228858436345799840987159542;
A(16,5)=0.0276498826212536076984762987551;
A(17,5)=0.0272766836340706158735325832929;
A(18,5)=0.0276091793088764825720217390873;
A(19,5)=0.0273120921616616547158465800973;
A(20,5)=0.0275776734692830838875771282543;
A(21,5)=0.0273408233617281473052399761959;
A(22,5)=0.0275507227458904591347462571763;
A(23,5)=0.0273669813089814336479264834765;
A(24,5)=0.0275241951619124831193206146588;
A(25,5)=0.0273956083918743354801464896031;
A(26,5)=0.027489803921004498943215140509;
B(5)=0.0274523479879175959629684457702;
A(2,6)=0.000592143383149258628957751225707;
A(3,6)=-0.000998568054424162072144260805034;
A(4,6)=0.00159119925935779249423532523214;
A(5,6)=-0.00302055725814362712188583475539;
A(6,6)=0.0170095834530892293017967964142;
A(7,6)=0.0370477824444264916844540374652;
A(8,6)=0.032392812497137536562175469617;
A(9,6)=0.0351107246171297564779049122668;
A(10,6)=0.0332074840374783745068749843996;
A(11,6)=0.0346591856987446434099323666723;
A(12,6)=0.0334950738671280437994718562876;
A(13,6)=0.0344597146842580177047115699296;
A(14,6)=0.0336417561217626768030445927794;
A(15,6)=0.0343470696345528289905167170622;
A(16,6)=0.0337312823969296930879430168576;
A(17,6)=0.0342738377799794257125318793996;
A(18,6)=0.0337927416591286492252497109497;
A(19,6)=0.0342209926874774785245167669306;
A(20,6)=0.0338393007337459387963744627608;
A(21,6)=0.034178891220738197141572474413;
A(22,6)=0.0338785070965028126511620372918;
A(23,6)=0.0341410736848739155181131854944;
A(24,6)=0.0339166610862134542011445054858;
A(25,6)=0.034100068335344554467244871728;
A(26,6)=0.0339657788599679968141832093694;
B(6)=0.0340191669061784586035935928284;
A(2,7)=-0.000522273121414687990362756235503;
A(3,7)=0.000848800770567720348605674061321;
A(4,7)=-0.00123953200757586975670986528722;
A(5,7)=0.00190147863381274513759766208092;
A(6,7)=-0.00356733265911609080126992788371;
A(7,7)=0.0200351750837502545033087399173;
A(8,7)=0.0436429559826334003215170971891;
A(9,7)=0.0381464946482447210759627065697;
A(10,7)=0.0413658529545556945924812259203;
A(11,7)=0.0391037725849842337493969820009;
A(12,7)=0.040834925455484400141886265518;
A(13,7)=0.0394424821284313070095894842041;
A(14,7)=0.0405993989034827003562034077887;
A(15,7)=0.0396162738099108235835925154826;
A(16,7)=0.040465347135047705190946506038;
A(17,7)=0.0397234050717500447426036295585;
A(18,7)=0.0403771000697581415393954701427;
A(19,7)=0.0397981277524671341703168557994;
A(20,7)=0.0403121086604984125781216402236;
A(21,7)=0.0398562551626813334237424302849;
A(22,7)=0.0402584855569509289814582213814;
A(23,7)=0.0399075651545144562298646027611;
A(24,7)=0.0402070642907833986722913397598;
A(25,7)=0.0399625370683167085311062337562;
A(26,7)=0.0401414664541549544611736772101;
B(7)=0.0400703501675005090066174798346;
A(2,8)=0.000465518976507946844074128289723;
A(3,8)=-0.000740527310481165491692099314981;
A(4,8)=0.00103230432617637108154079689871;
A(5,8)=-0.0014418388237499436397924626449;
A(6,8)=0.00217589418976097460973200854936;
A(7,8)=-0.00405796426462900962889112401588;
A(8,8)=0.0227570654957409124528743051757;
A(9,8)=0.0495757139575394358674786488627;
A(10,8)=0.0433231210147301106650614524018;
A(11,8)=0.0469926633914348465146340775568;
