nodegauss(2)=0.0020571494271915355;
nodegauss(3)=0.010807277021764504;
nodegauss(4)=0.026420466669142877;
nodegauss(5)=0.04868106900784646;
nodegauss(6)=0.07727702860575099;
nodegauss(7)=0.11180702558966057;
nodegauss(8)=0.15178636979002136;
nodegauss(9)=0.19665385349119097;
nodegauss(10)=0.24577964258774715;
nodegauss(11)=0.29847412243825683;
nodegauss(12)=0.35399758025702155;
nodegauss(13)=0.4115705898215549;
nodegauss(14)=0.4703849532853434;
nodegauss(15)=0.5296150467146566;
nodegauss(16)=0.5884294101784451;
nodegauss(17)=0.6460024197429785;
nodegauss(18)=0.7015258775617431;
nodegauss(19)=0.7542203574122529;
nodegauss(20)=0.803346146508809;
nodegauss(21)=0.8482136302099786;
nodegauss(22)=0.8881929744103394;
nodegauss(23)=0.922722971394249;
nodegauss(24)=0.9513189309921536;
nodegauss(25)=0.9735795333308571;
nodegauss(26)=0.9891927229782355;
nodegauss(27)=0.9979428505728085;
tc=nodegauss;
A(2,2)=0.00263784315433575178891279692131;
A(3,2)=0.00570786285098539692621024065998;
A(4,2)=0.0050639753013800923866976224878;
A(5,2)=0.00540722178793273658632924839546;
A(6,2)=0.00518385359568070445204654047574;
A(7,2)=0.0053444544374039965487442630487;
A(8,2)=0.00522171835045040201850758005396;
A(9,2)=0.00531948406711718732190055403412;
A(10,2)=0.00523923799644032448427029048936;
A(11,2)=0.00530661334800881468841629867063;
A(12,2)=0.00524903819443131494592265135159;
A(13,2)=0.00529893170191402885708962809317;
A(14,2)=0.00525520717895945945966576733854;
A(15,2)=0.00529387238111156534808004427811;
A(16,2)=0.00525943512174180243360801140709;
A(17,2)=0.00529027713101442658974168822047;
A(18,2)=0.00526254407279317242206948222066;
A(19,2)=0.00528754308448371491757955830053;
A(20,2)=0.0052649911062272791561607690319;
A(21,2)=0.00528531052359547864558943330928;
A(22,2)=0.00526707279711594623783134967339;
A(23,2)=0.00528331901743644021611759156164;
A(24,2)=0.00526903927595075437596959640351;
A(25,2)=0.00528129542082364239315411582736;
A(26,2)=0.00527124873244679484584007547837;
A(27,2)=0.00527861858584249268047011534624;
B(2)=0.00527568630867150357782559384263;
A(2,3)=-0.00100013740758276234534995330972;
A(3,3)=0.00610446277315797719740395687995;
A(4,3)=0.0132716567790065023004100695045;
A(5,3)=0.0116569835777699611174918878936;
A(6,3)=0.0125673053662663156453679199009;
A(7,3)=0.0119502895296027854967086598472;
A(8,3)=0.0124075951351838292621914423119;
A(9,3)=0.0120498642158716942808782517602;
A(10,3)=0.0123400959921680869085908347585;
A(11,3)=0.0120983361095982624131502442602;
A(12,3)=0.0123037698858836653289100630304;
A(13,3)=0.0121264817015949855739390163286;
A(14,3)=0.0122813630287120051589914801832;
A(15,3)=0.0121447341781459228846198223873;
A(16,3)=0.012266191681136523063398382821;
A(17,3)=0.012157579002318986693283031421;
A(18,3)=0.0122551243504632434643522113117;
A(19,3)=0.0121672821402276316695899611554;
A(20,3)=0.0122464624034802648909891315085;
A(21,3)=0.0121751671396876118544360937118;
A(22,3)=0.0122391246190068578326734120082;
A(23,3)=0.0121821751196562829256273969631;
A(24,3)=0.0122322147751084128114004447019;
A(25,3)=0.0121892770463300208759735418961;
A(26,3)=0.0122244679807187447882690689679;
A(27,3)=0.0121986561643694728984068137862;
B(3)=0.0122089255463159543948079137599;
A(2,4)=0.000761707002292942580931386257147;
A(3,4)=-0.00165222608006086807210824929255;
A(4,4)=0.00949059582359069098757578531221;
A(5,4)=0.0206572861324591379326622829712;
A(6,4)=0.018093357719974869287891967608;
A(7,4)=0.0195683825447685267321021822924;
A(8,4)=0.0185506325322508242308384266454;
A(9,4)=0.0193164072052073211288370573957;
A(10,4)=0.0187097410816552605494573975428;
A(11,4)=0.0192071998653983810459667201211;
A(12,4)=0.0187890985508148389815552021626;
A(13,4)=0.0191470577847474078337823189584;
A(14,4)=0.0188361958427434334923767911955;
A(15,4)=0.019109175397405446988724540046;
A(16,4)=0.0188673702077016098405715940731;
A(17,4)=0.01908299399044344667781957822;
A(18,4)=0.0188897787610885094627286000107;
A(19,4)=0.0190634572185242131454294269087;
A(20,4)=0.0189071361176611237939007769063;
A(21,4)=0.0190477216824257723652025034225;
A(22,4)=0.0189217273488367071105354666745;
A(23,4)=0.0190338294281861978020666467461;
A(24,4)=0.0189353886940739990066591538148;
A(25,4)=0.0190198193904592400660954289316;
A(26,4)=0.0189506441643256786631679255924;
A(27,4)=0.0190013724590229205602740203275;
B(4)=0.0189811916471813819751515706244;
A(2,5)=-0.000635474630113638668303302211166;
A(3,5)=0.00115225935550300567147328694403;
A(4,5)=-0.00225065689370770504975689248295;
A(5,5)=0.012743956324286952999579975181;
A(6,5)=0.0277509945202253898726759363931;
A(7,5)=0.0242783878988059277161409727807;
A(8,5)=0.0262954046872653316738997184439;
A(9,5)=0.0248905774023709305247369675435;
A(10,5)=0.0259566741418885393169412439317;
A(11,5)=0.0251056579960085880105847657292;
A(12,5)=0.0258081153265134600966957391023;
A(13,5)=0.0252143376977133907968515248948;
A(14,5)=0.0257251747404023289667827571142;
A(15,5)=0.0252797599059070591442503980044;
A(16,5)=0.0256721520436948929588883193249;
A(17,5)=0.0253237495856662044794336126238;
A(18,5)=0.0256348764661292706411773983389;
A(19,5)=0.0253559774563926769677321351501;
A(20,5)=0.0256064464086012006126994013592;
A(21,5)=0.025381594089295368049646632946;
A(22,5)=0.0255828181104227345223206055931;
A(23,5)=0.0254039874932283869701610244567;
A(24,5)=0.0255608833422497358435372004812;
A(25,5)=0.0254264085191415971218505670246;
A(26,5)=0.025536532310219229859965457903;
A(27,5)=0.025455799482732298098120492596;
B(5)=0.025487912648573905999159950362;
A(2,6)=0.000550698714478114534272653035376;
A(3,6)=-0.000928670637112959365372022983092;
A(4,6)=0.00147980290403356351169199533434;
A(5,6)=-0.00280906383290098297639762230885;
A(6,6)=0.0158185115823937088848634224768;
A(7,6)=0.0344535907954701479042419613904;
A(8,6)=0.030124487348460991914255071032;
A(9,6)=0.0326522619784832808614124290546;
A(10,6)=0.0308819943081760190121258845903;
A(11,6)=0.032232494198317480690794890132;
A(12,6)=0.031149252292989228504052214915;
A(13,6)=0.0320472339106412738271015723377;
A(14,6)=0.0312853605384045513507624453255;
A(15,6)=0.031942852608593923465253963032;
A(16,6)=0.0313681513627659341331813139955;
A(17,6)=0.0318753287811570244905585292048;
A(18,6)=0.0314245823864416990782516020669;
A(19,6)=0.0318270960968376709312670428196;
A(20,6)=0.0314667209684307662316274733972;
A(21,6)=0.0317894412993887597223259735252;
A(22,6)=0.0315012048580558049395467649853;
A(23,6)=0.0317569617926341034249725958897;
A(24,6)=0.0315328505665686645357283111812;
A(25,6)=0.0317247575245655961373456962537;
A(26,6)=0.0315677047088193292814272779555;
A(27,6)=0.0316827946852831433179664513515;
B(6)=0.0316370231647874177697268449535;
A(2,7)=-0.000486750815426606323904262251914;
A(3,7)=0.000791061053395832734685812004187;
A(4,7)=-0.00115519230171575093479470220371;
A(5,7)=0.00177206209081225159296988444531;
A(6,7)=-0.00332447458250662968020889416315;
A(7,7)=0.0186710374414149364717689490257;
A(8,7)=0.0406714786727675036767502793281;
A(9,7)=0.0355490986482553552759577388802;
A(10,7)=0.0385495658797157656179992230871;
A(11,7)=0.0364410042043280367521436204034;
A(12,7)=0.0380550357092754083351811900196;
A(13,7)=0.0367563391604055858589431713432;
A(14,7)=0.0378359369761169937432506663447;
A(15,7)=0.0369178099370484228964841422869;
A(16,7)=0.0377116199102812292737559501678;
A(17,7)=0.0370168892401045690176703558822;
A(18,7)=0.0376303305583335365297467676456;
A(19,7)=0.0370853263811599732180645569792;
A(20,7)=0.0375712921805876784988952375793;
A(21,7)=0.0371375175123484586928002026061;
A(22,7)=0.0375239370699488429087118279354;
A(23,7)=0.0371817646869554400141531303281;
A(24,7)=0.0374811198847495103130542816539;
A(25,7)=0.0372250895890234368175686685504;
A(26,7)=0.0374344414084129551749625954782;
A(27,7)=0.0372811071954631959115152178658;
B(7)=0.0373420748828298729435378980514;
A(2,8)=0.000434991108516283100645450262962;
A(3,8)=-0.000691954127906825948933320323047;
A(4,8)=0.00096456760104230478266480729276;
