tc(2)=0.025446043828620736;
tc(3)=0.12923440720030277;
tc(4)=0.2970774243113014;
tc(5)=0.5;
tc(6)=0.7029225756886985;
tc(7)=0.8707655927996972;
tc(8)=0.9745539561713793;
A(2,2)=0.0323712415422174233176528581698;
A(3,2)=0.0700435413787260762729814536066;
A(4,2)=0.0621539357873498645358789291294;
A(5,2)=0.0663329286176847005521322620413;
A(6,2)=0.0636657674688069298971005696894;
A(7,2)=0.0654863332746067702526367821564;
A(8,2)=0.0642843735606853936530073967179;
B(2)=0.0647424830844348466353057163395;
A(2,3)=-0.0114510172831838702881645824731;
A(3,3)=0.0699263478723191669753669428559;
A(4,3)=0.152005522057830992561321708848;
A(5,3)=0.13359576922388228841792405393;
A(6,3)=0.143806275903448772071614414279;
A(7,3)=0.137206851877908296570903572756;
A(8,3)=0.141459514781684439806339986995;
B(3)=0.139852695744638333950733885712;
A(2,4)=0.00763320387242354492584664422164;
A(3,4)=-0.0165900065788477711644699061373;
A(4,4)=0.0954575126262797362375924438722;
A(5,4)=0.207701880765970782089300497782;
A(6,4)=0.182202462654084290491401192989;
A(7,4)=0.196312117184455610329806089517;
A(8,4)=0.187739966478873834838350570442;
B(4)=0.190915025252559472475184887744;
A(2,5)=-0.00513373356322534498195629758234;
A(3,5)=0.00934962278344333207631107766793;
A(4,5)=-0.0183752442154518373892046007272;
A(5,5)=0.104489795918367346938775510204;
A(6,5)=0.227354836052186531266755621135;
A(7,5)=0.19962996905329136180123994274;
A(8,5)=0.214113325399960038859507317991;
B(5)=0.208979591836734693877551020408;
A(2,6)=0.00317505877368563763683431730199;
A(3,6)=-0.00539709193189613785462120177242;
A(4,6)=0.00871256259847518198378369475575;
A(5,6)=-0.016786855513411309614115610037;
A(6,6)=0.0954575126262797362375924438722;
A(7,6)=0.207505031831407243639654793882;
A(8,6)=0.183281821380135927549338243523;
B(6)=0.190915025252559472475184887744;
A(2,7)=-0.00160681903704610585560610128348;
A(3,7)=0.00264584386673003737983031295579;
A(4,7)=-0.00395358015881043812088052856667;
A(5,7)=0.00625692652075604553280983178223;
A(6,7)=-0.0121528263131926586105878231359;
A(7,7)=0.0699263478723191669753669428559;
A(8,7)=0.151303713027822204238898468185;
B(7)=0.139852695744638333950733885712;
A(2,8)=0.000458109523749452982298319621635;
A(3,8)=-0.000743850190171923617331065816899;
A(4,8)=0.00107671561562791673820514665019;
A(5,8)=-0.00159044553324985391682654570177;
A(6,8)=0.00258854729708498209942678721019;
A(7,8)=-0.00530105829429122963767573726705;
A(8,8)=0.0323712415422174233176528581698;
B(8)=0.0647424830844348466353057163395;
