nodegauss(2)=0.001456259090261463;
nodegauss(3)=0.007657045167423758;
nodegauss(4)=0.018748037453525167;
nodegauss(5)=0.03462150105167592;
nodegauss(6)=0.05511998502586448;
nodegauss(7)=0.08003983992686634;
nodegauss(8)=0.10913342579168753;
nodegauss(9)=0.14211160770657336;
nodegauss(10)=0.17864663853786983;
nodegauss(11)=0.21837541929642537;
nodegauss(12)=0.26090310897754876;
nodegauss(13)=0.30580704919588353;
nodegauss(14)=0.3526409650091492;
nodegauss(15)=0.4009394003322147;
nodegauss(16)=0.45022234392382926;
nodegauss(17)=0.5;
nodegauss(18)=0.5497776560761708;
nodegauss(19)=0.5990605996677854;
nodegauss(20)=0.6473590349908508;
nodegauss(21)=0.6941929508041165;
nodegauss(22)=0.7390968910224512;
nodegauss(23)=0.7816245807035747;
nodegauss(24)=0.8213533614621302;
nodegauss(25)=0.8578883922934266;
nodegauss(26)=0.8908665742083125;
nodegauss(27)=0.9199601600731336;
nodegauss(28)=0.9448800149741355;
nodegauss(29)=0.9653784989483241;
nodegauss(30)=0.9812519625464748;
nodegauss(31)=0.9923429548325763;
nodegauss(32)=0.9985437409097385;
tc=nodegauss;
A(2,2)=0.00186770789481219396467421875805;
A(3,2)=0.00404141607109435987952265022325;
A(4,2)=0.00358551355819719113759998305802;
A(5,2)=0.00382855230474669008348440317028;
A(6,2)=0.00367038742535888402047217188431;
A(7,2)=0.00378411784660485621099229564559;
A(8,2)=0.00369718697039233976414162505964;
A(9,2)=0.00376645134519581593902543892435;
A(10,2)=0.00370957423912991532631470306787;
A(11,2)=0.00375736014558617902063905184215;
A(12,2)=0.00371648619748962741454193133797;
A(13,2)=0.00375195430059576418179311089088;
A(14,2)=0.00372081381774048237574169532853;
A(15,2)=0.00374842093279198930791326551163;
A(16,2)=0.00372374826358848830917128005892;
A(17,2)=0.00374594689118872900011764454525;
A(18,2)=0.00372586278162133197539317354991;
A(19,2)=0.00374411664438797984103739134919;
A(20,2)=0.00372746616291277983685228335215;
A(21,2)=0.00374269536547870457143895564299;
A(22,2)=0.00372874105071323743676891855755;
A(23,2)=0.00374153764395330125232510599683;
A(24,2)=0.00372980626158804459412845864406;
A(25,2)=0.00374054332598790549013559583007;
A(26,2)=0.00373074962418118925838335754267;
A(27,2)=0.00373963125360476392212452061041;
A(28,2)=0.00373165158917156060308942318995;
A(29,2)=0.00373871385153246660554716274307;
A(30,2)=0.00373261997890260544515546915168;
A(31,2)=0.00373763457538265911035723248886;
A(32,2)=0.00373394712580821250253975401392;
B(2)=0.00373541578962438792934843751611;
A(2,3)=-0.000709359163071861677050965053439;
A(3,3)=0.00432965519757764561578949902171;
A(4,3)=0.00941306746291886976841214380824;
A(5,3)=0.00826782922890999643341470133906;
A(6,3)=0.00891351620045241219401729038828;
A(7,3)=0.00847583377551058444278546269196;
A(8,3)=0.00880027562833815115000555798271;
A(9,3)=0.0085464111636370079502273496632;
A(10,3)=0.00875246144120368942413469750161;
A(11,3)=0.00858071458944970342374255352763;
A(12,3)=0.0087267906542163827529171590518;
A(13,3)=0.00860056197568179773785963018598;
A(14,3)=0.00871103868780351391561625072836;
A(15,3)=0.00861333745432440426512216925673;
A(16,3)=0.00870048446330860719889447191629;
A(17,3)=0.00862219806838565149705021182603;
A(18,3)=0.00869293777104830722433942024652;
A(19,3)=0.00862871128611397043509456185293;
A(20,3)=0.00868724585671579354795158430163;
A(21,3)=0.00863374616797662119669101377779;
A(22,3)=0.00868273777331495903225876822801;
A(23,3)=0.00863783342870221204604236604837;
A(24,3)=0.00867898240059166111095465656668;
A(25,3)=0.00864133449562174700292377313291;
A(26,3)=0.00867566443931644754293542019426;
A(27,3)=0.00864453924553841264497578973187;
A(28,3)=0.00867249794279083237149736231831;
A(29,3)=0.00864775754165580493052712697507;
A(30,3)=0.00866910287909034594272420702584;
A(31,3)=0.00865153952522714328590562584858;
A(32,3)=0.00866445390679182369854905792355;
B(3)=0.00865931039515529123157899804341;
A(2,4)=0.000541935954724801697822021585223;
A(3,4)=-0.00117551156934103835780510599498;
A(4,4)=0.00675225479624485545015217702298;
A(5,4)=0.0146970092309046585430284920169;
A(6,4)=0.0128728123313435485740116072865;
A(7,4)=0.0139223376383413233107588643554;
A(8,4)=0.0131980810027837526624793624171;
A(9,4)=0.0137431553819816989179526850482;
A(10,4)=0.0133111654561830519168628089384;
A(11,4)=0.0136656043940437780180562416555;
A(12,4)=0.0133674437241811436084542200211;
A(13,4)=0.0136230389716879154845180886849;
A(14,4)=0.0134006788792485040528587570205;
A(15,4)=0.0135964186456554961635527021912;
A(16,4)=0.0134224561881133954069230316582;
A(17,4)=0.0135782790236731751118238888848;
A(18,4)=0.0134378070687848041172178846545;
A(19,4)=0.0135651007860048707612361298054;
A(20,4)=0.0134492719277962527220729118042;
A(21,4)=0.0135549982097768987451985137726;
A(22,4)=0.0134582874787817009763552886326;
A(23,4)=0.0135468479511812141187971969787;
A(24,4)=0.0134657567749651642826168702967;
A(25,4)=0.0135399002664391029296730902922;
A(26,4)=0.0134723278054211286696357899693;
A(27,4)=0.0135335648029464509151928454987;
A(28,4)=0.0134785778126929156126073271417;
A(29,4)=0.0135272211403079409483887339634;
A(30,4)=0.0134852623846931557526337563385;
A(31,4)=0.0135197813274432511783001322851;
A(32,4)=0.0134944020021068759888900697575;
B(4)=0.013504509592489710900304354046;
A(2,5)=-0.000454189737004075432606073159868;
A(3,5)=0.00082353838985655820183231700778;
A(4,5)=-0.00160855428216791415838761118697;
A(5,5)=0.00910806847809636600609800261695;
A(6,5)=0.0198335836843149305533279585029;
A(7,5)=0.0173516214454022610069868336031;
A(8,5)=0.0187933803764896246708353518499;
A(9,5)=0.0177890133248436334823360413628;
A(10,5)=0.0185514701848982459369387160592;
A(11,5)=0.0179425031235610102613925214399;
A(12,5)=0.0184455795623638882355171503385;
A(13,5)=0.0180198261525377522412180853007;
A(14,5)=0.0183867303819850093176225529161;
A(15,5)=0.0180660618799633557336228866157;
A(16,5)=0.0183494683714227565781268294201;
A(17,5)=0.0180967324927038254282354710548;
A(18,5)=0.0183237623149785290017747923358;
A(19,5)=0.0181186250965096003599293346398;
A(20,5)=0.0183048430888268235698232488852;
A(21,5)=0.0181352016037028558242850734486;
A(22,5)=0.0182901226920036616862213004591;
A(23,5)=0.0181484522626769255786802313107;
A(24,5)=0.0182780248666528867497545607432;
A(25,5)=0.0181596676954646004396392583446;
A(26,5)=0.0182674489063820162397088457582;
A(27,5)=0.0181698377211458886199778780516;
A(28,5)=0.0182574391976181592843683216058;
A(29,5)=0.0181799772579841688577639219772;
A(30,5)=0.0182467724015386392669826812531;
A(31,5)=0.0181918338244214982964141481803;
A(32,5)=0.0182322202922364565009553718239;
B(5)=0.0182161369561927320121960052339;
A(2,6)=0.000395990908573608659604636271801;
A(3,6)=-0.000667764754360468556879802614971;
A(4,6)=0.00106402421529989303556004856914;
A(5,6)=-0.00201973800940830836045142076135;
A(6,6)=0.0113734268818002757255789644737;
A(7,6)=0.0247720075026227304455683319681;
A(8,6)=0.0216592120858697263728005414333;
A(9,6)=0.0234770487005432807442668255658;
A(10,6)=0.0222036096823433313842904603854;
A(11,6)=0.0231755520765647036390965121893;
A(12,6)=0.0223953728189831681637788154184;
A(13,6)=0.0230428385564973267185733532845;
A(14,6)=0.0224926354348478250750514488649;
A(15,6)=0.022968519548023712989697317938;
A(16,6)=0.0225512722513943259866546425516;
A(17,6)=0.0229210521969101411971088778147;
A(18,6)=0.0225905278174567429542778786702;
A(19,6)=0.0228879843219093950735777791052;
A(20,6)=0.0226188447493238769644095823187;
A(21,6)=0.0228633649490676358422005284083;
A(22,6)=0.0226405627025716898042521211931;
A(23,6)=0.0228439279444938982957491786006;
A(24,6)=0.022658218917058174253961453189;
A(25,6)=0.0228276327505037490448797088113;
A(26,6)=0.0226735240169741070090654826895;
A(27,6)=0.0228129668356190071289406515021;
A(28,6)=0.0226879142186383882932913565019;
A(29,6)=0.0227984286967530895479556258716;
A(30,6)=0.0227031745467561547335289102354;
A(31,6)=0.0227814956927932040889566335856;
A(32,6)=0.0227239316253274378178911463051;
B(6)=0.0227468537636005514511579289473;
