nodegauss(2)=0.00038220118431826414;
nodegauss(3)=0.0020127000924398827;
nodegauss(4)=0.004941627383741475;
nodegauss(5)=0.00916199435798146;
nodegauss(6)=0.014662870583408545;
nodegauss(7)=0.021429924043507954;
nodegauss(8)=0.029445506659319425;
nodegauss(9)=0.03868870930852237;
nodegauss(10)=0.049135418762999414;
nodegauss(11)=0.060758381392559485;
nodegauss(12)=0.07352727457616828;
nodegauss(13)=0.08740878594567003;
nodegauss(14)=0.10236670035882017;
nodegauss(15)=0.1183619944138439;
nodegauss(16)=0.13535293827526745;
nodegauss(17)=0.15329520455275442;
nodegauss(18)=0.17214198395246458;
nodegauss(19)=0.19184410740103913;
nodegauss(20)=0.2123501743245847;
nodegauss(21)=0.23360668674853738;
nodegauss(22)=0.25555818886887394;
nodegauss(23)=0.2781474117307342;
nodegauss(24)=0.3013154226371217;
nodegauss(25)=0.3250017788979666;
nodegauss(26)=0.34914468551848465;
nodegauss(27)=0.3736811564154732;
nodegauss(28)=0.39854717874097073;
nodegauss(29)=0.4236778798845923;
nodegauss(30)=0.449007696718863;
nodegauss(31)=0.47447054664601285;
nodegauss(32)=0.5;
nodegauss(33)=0.5255294533539872;
nodegauss(34)=0.550992303281137;
nodegauss(35)=0.5763221201154076;
nodegauss(36)=0.6014528212590292;
nodegauss(37)=0.6263188435845267;
nodegauss(38)=0.6508553144815153;
nodegauss(39)=0.6749982211020334;
nodegauss(40)=0.6986845773628783;
nodegauss(41)=0.7218525882692658;
nodegauss(42)=0.7444418111311261;
nodegauss(43)=0.7663933132514626;
nodegauss(44)=0.7876498256754153;
nodegauss(45)=0.8081558925989608;
nodegauss(46)=0.8278580160475354;
nodegauss(47)=0.8467047954472455;
nodegauss(48)=0.8646470617247326;
nodegauss(49)=0.8816380055861561;
nodegauss(50)=0.8976332996411798;
nodegauss(51)=0.91259121405433;
nodegauss(52)=0.9264727254238317;
nodegauss(53)=0.9392416186074405;
nodegauss(54)=0.9508645812370006;
nodegauss(55)=0.9613112906914776;
nodegauss(56)=0.9705544933406806;
nodegauss(57)=0.978570075956492;
nodegauss(58)=0.9853371294165915;
nodegauss(59)=0.9908380056420185;
nodegauss(60)=0.9950583726162585;
nodegauss(61)=0.9979872999075601;
nodegauss(62)=0.9996177988156817;
tc=nodegauss;
A(2,2)=0.0004903633404175707;
A(3,2)=0.0010610666151689104;
A(4,2)=0.0009413697262195394;
A(5,2)=0.0010051803963942489;
A(6,2)=0.0009636519549914044;
A(7,2)=0.0009935160167601476;
A(8,2)=0.0009706856820533927;
A(9,2)=0.0009888808781861062;
A(10,2)=0.0009739339503223834;
A(11,2)=0.0009864989062950617;
A(12,2)=0.0009757427330212147;
A(13,2)=0.000985086713116104;
A(14,2)=0.0009768705308816179;
A(15,2)=0.0009841689238307147;
A(16,2)=0.0009776293980574065;
A(17,2)=0.0009835328422115497;
A(18,2)=0.0009781689072779457;
A(19,2)=0.0009830704721420162;
A(20,2)=0.0009785688081968334;
A(21,2)=0.0009827216027380086;
A(22,2)=0.000978873325181858;
A(23,2)=0.0009824292885943365;
A(24,2)=0.0009788937730212217;
A(25,2)=0.0009802247511092128;
A(26,2)=0.0009634754552307666;
A(27,2)=0.;
A(28,2)=0.;
A(29,2)=0.;
A(30,2)=0.;
A(31,2)=0.;
A(32,2)=0.;
A(33,2)=0.;
A(34,2)=0.;
A(35,2)=0.;
A(36,2)=0.;
A(37,2)=0.;
A(38,2)=0.;
A(39,2)=0.;
A(40,2)=0.;
A(41,2)=0.;
A(42,2)=0.;
A(43,2)=0.;
A(44,2)=0.;
A(45,2)=0.;
A(46,2)=0.;
A(47,2)=0.;
A(48,2)=0.;
A(49,2)=0.;
A(50,2)=0.;
A(51,2)=0.;
A(52,2)=0.;
A(53,2)=0.;
A(54,2)=0.;
A(55,2)=0.;
A(56,2)=0.;
A(57,2)=0.;
A(58,2)=0.;
A(59,2)=0.;
A(60,2)=0.;
A(61,2)=0.;
A(62,2)=0.;
B(2)=0.;
A(2,3)=-0.00018681266774159676;
A(3,3)=0.0011402310015031043;
A(4,3)=0.0024789676532237298;
A(5,3)=0.002177361417452944;
A(6,3)=0.0023474131737152193;
A(7,3)=0.00223213401139364;
A(8,3)=0.0023175992740194374;
A(9,3)=0.002250709856589254;
A(10,3)=0.0023050210713849908;
A(11,3)=0.002259726725262274;
A(12,3)=0.0022982812630153835;
A(13,3)=0.0022649288460205625;
A(14,3)=0.002294162274876909;
A(15,3)=0.0022682587821800824;
A(16,3)=0.00229142318813397;
A(17,3)=0.0022705451664614394;
A(18,3)=0.0022894904684422355;
A(19,3)=0.0022721969115332206;
A(20,3)=0.002288064879008262;
A(21,3)=0.0022734346810849345;
A(22,3)=0.0022869519651871114;
A(23,3)=0.00227419285049534;
A(24,3)=0.0022847279751778615;
A(25,3)=0.0022679638928569832;
A(26,3)=0.;
A(27,3)=0.;
A(28,3)=0.;
A(29,3)=0.;
A(30,3)=0.;
A(31,3)=0.;
A(32,3)=0.;
A(33,3)=0.;
A(34,3)=0.;
A(35,3)=0.;
A(36,3)=0.;
A(37,3)=0.;
A(38,3)=0.;
A(39,3)=0.;
A(40,3)=0.;
A(41,3)=0.;
A(42,3)=0.;
A(43,3)=0.;
A(44,3)=0.;
A(45,3)=0.;
A(46,3)=0.;
A(47,3)=0.;
A(48,3)=0.;
A(49,3)=0.;
A(50,3)=0.;
A(51,3)=0.;
A(52,3)=0.;
A(53,3)=0.;
A(54,3)=0.;
A(55,3)=0.;
A(56,3)=0.;
A(57,3)=0.;
A(58,3)=0.;
A(59,3)=0.;
A(60,3)=0.;
A(61,3)=0.;
A(62,3)=0.;
B(3)=0.;
A(2,4)=0.00014351343565224245;
A(3,4)=-0.000311292816181998;
A(4,4)=0.0017880887479372724;
A(5,4)=0.0038919705530341252;
A(6,4)=0.0034088877388996045;
A(7,4)=0.0036868386494469164;
A(8,4)=0.003495007198890521;
A(9,4)=0.0036394098821290236;
A(10,4)=0.0035249267152146786;
A(11,4)=0.003618906460693444;
A(12,4)=0.003539789701126146;
A(13,4)=0.00360768283696058;
A(14,4)=0.0035485335169686072;
A(15,4)=0.003600700912405674;
A(16,4)=0.0035542213906184957;
A(17,4)=0.003595989496520906;
A(18,4)=0.0035581792806295034;
A(19,4)=0.0035926242456892944;
A(20,4)=0.003561070819611204;
A(21,4)=0.0035901160164925295;
A(22,4)=0.003563264657218676;
A(23,4)=0.0035883777709173614;
A(24,4)=0.0035688640219897266;
A(25,4)=0.0036394552569257695;
A(26,4)=0.;
A(27,4)=0.;
A(28,4)=0.;
A(29,4)=0.;
A(30,4)=0.;
A(31,4)=0.;
A(32,4)=0.;
A(33,4)=0.;
A(34,4)=0.;
A(35,4)=0.;
A(36,4)=0.;
A(37,4)=0.;
A(38,4)=0.;
A(39,4)=0.;
A(40,4)=0.;
A(41,4)=0.;
A(42,4)=0.;
A(43,4)=0.;
A(44,4)=0.;
A(45,4)=0.;
A(46,4)=0.;
A(47,4)=0.;
A(48,4)=0.;
A(49,4)=0.;
A(50,4)=0.;
A(51,4)=0.;
A(52,4)=0.;
A(53,4)=0.;
A(54,4)=0.;
A(55,4)=0.;
A(56,4)=0.;
A(57,4)=0.;
A(58,4)=0.;
A(59,4)=0.;
A(60,4)=0.;
A(61,4)=0.;
A(62,4)=0.;
B(4)=0.;
A(2,5)=-0.00012124870360311158;
A(3,5)=0.00021984598036797783;
A(4,5)=-0.00042940169038588387;
A(5,5)=0.0024313654575890335;
A(6,5)=0.00529450938639657;
A(7,5)=0.004631934298815771;
A(8,5)=0.005016855467685884;
A(9,5)=0.0047486618595655545;
A(10,5)=0.004952320069993448;
A(11,5)=0.004789583618061569;
A(12,5)=0.004924116110392429;
A(13,5)=0.004810148787315551;
A(14,5)=0.00490849685199127;
A(15,5)=0.004822384686114185;
A(16,5)=0.004898674865193804;
A(17,5)=0.004830426169118613;
A(18,5)=0.004891982613860943;
A(19,5)=0.004836072906263316;
A(20,5)=0.0048871620367158305;
A(21,5)=0.00484024015547751;
A(22,5)=0.004883653901849314;
A(23,5)=0.004844663919655545;
A(24,5)=0.004893323260411402;
A(25,5)=0.004959726068100475;
A(26,5)=0.;
A(27,5)=0.;
A(28,5)=0.;
A(29,5)=0.;
A(30,5)=0.;
A(31,5)=0.;
A(32,5)=0.;
A(33,5)=0.;
A(34,5)=0.;
A(35,5)=0.;
A(36,5)=0.;
A(37,5)=0.;
A(38,5)=0.;
A(39,5)=0.;
A(40,5)=0.;
A(41,5)=0.;
A(42,5)=0.;
A(43,5)=0.;
A(44,5)=0.;
A(45,5)=0.;
A(46,5)=0.;
A(47,5)=0.;
A(48,5)=0.;
A(49,5)=0.;
A(50,5)=0.;
A(51,5)=0.;
A(52,5)=0.;
A(53,5)=0.;
A(54,5)=0.;
A(55,5)=0.;
A(56,5)=0.;
A(57,5)=0.;
A(58,5)=0.;
A(59,5)=0.;
A(60,5)=0.;
A(61,5)=0.;
A(62,5)=0.;
B(5)=0.;
A(2,6)=0.0001068404753837122;
A(3,6)=-0.0001801629141781325;
A(4,6)=0.000287065067642733;
A(5,6)=-0.0005448924736637322;
A(6,6)=0.003068315876953026;
A(7,6)=0.006682990174245072;
A(8,6)=0.005843175534593421;
A(9,6)=0.00633368154954453;
A(10,6)=0.005989985261654519;
A(11,6)=0.006252416006922101;
A(12,6)=0.0060416307142167015;
A(13,6)=0.0062167191732069565;
A(14,6)=0.006067743085109805;
A(15,6)=0.006196819706607359;
A(16,6)=0.006083385533466563;
A(17,6)=0.006184220470942802;
A(18,6)=0.006093735162519888;
A(19,6)=0.00617557940221931;
A(20,6)=0.006101047761655444;
A(21,6)=0.006169305516872154;
A(22,6)=0.006106363295854398;
A(23,6)=0.006163632783128037;
A(24,6)=0.006102325633279669;
A(25,6)=0.0060951440899763565;
A(26,6)=0.;
A(27,6)=0.;
A(28,6)=0.;
A(29,6)=0.;
A(30,6)=0.;
A(31,6)=0.;
A(32,6)=0.;
A(33,6)=0.;
A(34,6)=0.;
A(35,6)=0.;
A(36,6)=0.;
A(37,6)=0.;
A(38,6)=0.;
A(39,6)=0.;
A(40,6)=0.;
A(41,6)=0.;
A(42,6)=0.;
A(43,6)=0.;
A(44,6)=0.;
A(45,6)=0.;
A(46,6)=0.;
A(47,6)=0.;
A(48,6)=0.;
A(49,6)=0.;
A(50,6)=0.;
A(51,6)=0.;
A(52,6)=0.;
A(53,6)=0.;
A(54,6)=0.;
A(55,6)=0.;
A(56,6)=0.;
A(57,6)=0.;
A(58,6)=0.;
A(59,6)=0.;
A(60,6)=0.;
A(61,6)=0.;
A(62,6)=0.;
