tc(2)=0.01304673574141414;
tc(3)=0.06746831665550775;
tc(4)=0.1602952158504878;
tc(5)=0.2833023029353764;
tc(6)=0.4255628305091844;
tc(7)=0.5744371694908156;
tc(8)=0.7166976970646236;
tc(9)=0.8397047841495122;
tc(10)=0.9325316833444922;
tc(11)=0.9869532642585859;
A(2,2)=0.0166678360771720343983922024733;
A(3,2)=0.0360661525781943304506967868616;
A(4,2)=0.0319991179775146101939898453823;
A(5,2)=0.0341639921791087090319388879631;
A(6,2)=0.0327609312912844373135061555894;
A(7,2)=0.0337603981887023961472148430982;
A(8,2)=0.0330111100488138859366167345435;
A(9,2)=0.0335855109083140896451022661518;
A(10,2)=0.0331495366153436174342435348968;
A(11,2)=0.0334547661128060963218987387215;
B(2)=0.0333356721543440687967844049467;
A(2,3)=-0.00612068029233502987025308987907;
A(3,3)=0.0373628372876451482864440849144;
A(4,3)=0.0812275701118607728515460679181;
A(5,3)=0.0713553690746355578848296638813;
A(6,3)=0.0769022997036484359436613608768;
A(7,3)=0.0731738754064388602303668180433;
A(8,3)=0.0758879725266227230045073596457;
A(9,3)=0.0738414284833590875533584769376;
A(10,3)=0.0753800026904327651337818855644;
A(11,3)=0.0743084307396224608524305687156;
B(3)=0.0747256745752902965728881698288;
A(2,4)=0.00439200373028852221698614553888;
A(3,4)=-0.00953137359188965945260757183914;
A(4,4)=0.054771590628995510998883733557;
A(5,4)=0.119207290548758140477788951389;
A(6,4)=0.104444079563094207185198585547;
A(7,4)=0.112881282055666297599715468749;
A(8,4)=0.107150367016220665457361509441;
A(9,4)=0.111319315004565122742270593628;
A(10,4)=0.10824693160249282236445302212;
A(11,4)=0.110364167611129313125134989098;
B(4)=0.109543181257991021997767467114;
A(2,5)=-0.00334535050882549470870888176133;
A(3,5)=0.0060722844617439221848942899802;
A(4,5)=-0.0118776128915294264824282010922;
A(5,5)=0.0673166798274990887728067303924;
A(6,5)=0.146566245550415954620379616977;
A(7,5)=0.12830190460017749374534636407;
A(8,5)=0.138781813182229872633404794957;
A(9,5)=0.13169248632358422801926383064;
A(10,5)=0.136727473612448500393929208677;
A(11,5)=0.133322545027295093627185132901;
B(5)=0.134633359654998177545613460785;
A(2,6)=0.00254756897027876354904962225738;
A(3,6)=-0.00430404581295939200907563270911;
A(4,6)=0.00687814639770714478385800606631;
A(5,6)=-0.0130965195471968997587876242977;
A(6,6)=0.0738810561786882175434732486628;
A(7,6)=0.160874321526961810325988474257;
A(8,6)=0.140813246373541044776319182323;
A(9,6)=0.152264855654238287503017967031;
A(10,6)=0.144693593746508899499992650161;
A(11,6)=0.149644732744311691697798575236;
B(6)=0.147762112357376435086946497326;
A(2,7)=-0.00188262038693525661085207791057;
A(3,7)=0.0030685186108675355869538471644;
A(4,7)=-0.00450274329686185241607146970565;
A(5,7)=0.0069488659838353903106273150023;
A(6,7)=-0.0131122091695853752390419769316;
A(7,7)=0.0738810561786882175434732486628;
A(8,7)=0.160858631904573334845734121623;
A(9,7)=0.140883965959669290303088491259;
A(10,7)=0.152066158170335827096022130035;
A(11,7)=0.145214543387097671537896875068;
B(7)=0.147762112357376435086946497326;
A(2,8)=0.0013108146277030839184283278842;
A(3,8)=-0.00209411395745032284831574789258;
A(4,8)=0.0029408733314139495263496301446;
A(5,8)=-0.00414845352723169508779133417256;
A(6,8)=0.00633145505482068380026709671442;
A(7,8)=-0.0119328858954177770747661561921;
A(8,8)=0.0673166798274990887728067303924;
A(9,8)=0.146510972546527604028041661877;
A(10,8)=0.128561075193254255360719170805;
A(11,8)=0.137978710163823672254322342546;
B(8)=0.134633359654998177545613460785;
A(2,9)=-0.000820986353138291127367521983463;
A(3,9)=0.00129624965549819963331444499418;
A(4,9)=-0.00177613374657410074450312651394;
A(5,9)=0.00239281424177035654040595767259;
A(6,9)=-0.00333810079767527560194800163458;
A(7,9)=0.00509910169489681481256888156711;
A(8,9)=-0.00966410929076711848002148427528;
A(9,9)=0.054771590628995510998883733557;
A(10,9)=0.119074554849880681450375038953;
A(11,9)=0.105151177527702499780781321575;
B(9)=0.109543181257991021997767467114;
A(2,10)=0.000417243835667835720457601113274;
A(3,10)=-0.000654328115142468560893715735581;
A(4,10)=0.000884246091931209019529692891224;
A(5,10)=-0.00116229795133242643161918981685;
A(6,10)=0.00155179916885143634252135178552;
A(7,10)=-0.00217662512835813937077319104799;
A(8,10)=0.00337030550065473868805850594751;
A(9,10)=-0.00650189553657047627865789808928;
A(10,10)=0.0373628372876451482864440849144;
A(11,10)=0.0808463548676253264431412597079;
B(10)=0.0747256745752902965728881698288;
A(2,11)=-0.000119093958462027525114333774862;
A(3,11)=0.000186135539000451362540870049864;
A(4,11)=-0.000249838753970020848317861205162;
A(5,11)=0.000324562105530182860167670403121;
A(6,11)=-0.000424726034358327350430438151576;
A(7,11)=0.00057474086305963148327824935725;
A(8,11)=-0.000828320024764640235154483016453;
A(9,11)=0.00133655417682945860279455956441;
A(10,11)=-0.00273048042385026165391238191493;
A(11,11)=0.0166678360771720343983922024733;
B(11)=0.0333356721543440687967844049467;
