nodegauss(2)=0.0015532579626752298;
nodegauss(3)=0.008165938360126395;
nodegauss(4)=0.019989067515846243;
nodegauss(5)=0.03689997628536284;
nodegauss(6)=0.05871973210397366;
nodegauss(7)=0.08521711880861581;
nodegauss(8)=0.11611128394758691;
nodegauss(9)=0.1510747526033421;
nodegauss(10)=0.18973690850537858;
nodegauss(11)=0.23168792592899004;
nodegauss(12)=0.2764831152309554;
nodegauss(13)=0.32364763723456097;
nodegauss(14)=0.3726815369160551;
nodegauss(15)=0.4230650431957082;
nodegauss(16)=0.47426407872234116;
nodegauss(17)=0.5257359212776589;
nodegauss(18)=0.5769349568042917;
nodegauss(19)=0.6273184630839449;
nodegauss(20)=0.6763523627654391;
nodegauss(21)=0.7235168847690446;
nodegauss(22)=0.76831207407101;
nodegauss(23)=0.8102630914946214;
nodegauss(24)=0.8489252473966579;
nodegauss(25)=0.8838887160524131;
nodegauss(26)=0.9147828811913842;
nodegauss(27)=0.9412802678960264;
nodegauss(28)=0.9631000237146372;
nodegauss(29)=0.9800109324841537;
nodegauss(30)=0.9918340616398736;
nodegauss(31)=0.9984467420373248;
tc=nodegauss;
A(2,2)=0.00199204812404165140386647086867;
A(3,2)=0.00431046803371547657450355970836;
A(4,2)=0.00382421470758871311977860478039;
A(5,2)=0.00408343266723986653901671158418;
A(6,2)=0.00391473970273502940626053852067;
A(7,2)=0.00403603893841803726081667169185;
A(8,2)=0.00394332489804706633093931005703;
A(9,2)=0.00401719434372255133708827173942;
A(10,2)=0.00395653933578271047823209561632;
A(11,2)=0.00400749479229714985743055993206;
A(12,2)=0.00396391527394370301870168285772;
A(13,2)=0.00400172441639807402382164581982;
A(14,2)=0.00396853659384153496971656426568;
A(15,2)=0.00399794911719445580686148091849;
A(16,2)=0.00397167439809697456747523595132;
A(17,2)=0.00399530083444816016145071563043;
A(18,2)=0.00397394104523558589094113621916;
A(19,2)=0.00399333519938069036022539946379;
A(20,2)=0.00397566735297140969493042786108;
A(21,2)=0.00399179988846530734267185348204;
A(22,2)=0.00397705052341444506538533968747;
A(23,2)=0.00399053666347967989607211104353;
A(24,2)=0.00397822150300487269614279319587;
A(25,2)=0.00398943288870944715485517645503;
A(26,2)=0.0039792822592376314535484924121;
A(27,2)=0.00398838963690011700481554498097;
A(28,2)=0.00398033819138723531461961319048;
A(29,2)=0.00398727966476500578479480559322;
A(30,2)=0.00398157112427053395253900007469;
A(31,2)=0.00398576721981845707616893551732;
B(2)=0.00398409624808330280773294173734;
A(2,3)=-0.000756374076041735763727270654227;
A(3,3)=0.00461661707777273978557553297801;
A(4,3)=0.010036948373346841655649373246;
A(5,3)=0.00881580784550291135040765078819;
A(6,3)=0.00950428517816688661946963622255;
A(7,3)=0.00903760233443707753824730374222;
A(8,3)=0.0093835340457495824975022954037;
A(9,3)=0.00911286426539289035421870860924;
A(10,3)=0.00933254215343096715349520251536;
A(11,3)=0.00914945207475867491993043044554;
A(12,3)=0.00930515666394940056397903433225;
A(13,3)=0.00917063105963883777550126485702;
A(14,3)=0.00928834121571636689961702677604;
A(15,3)=0.00918427661623108264413150233094;
A(16,3)=0.00927705959225004569149229495032;
A(17,3)=0.00919375774057507669580984137325;
A(18,3)=0.00926897310111098673651424003235;
A(19,3)=0.0092007498983289732813513393134;
A(20,3)=0.00926284744208060102938605793535;
A(21,3)=0.0092061862740705973135541554331;
A(22,3)=0.00925795879505636038175914650486;
A(23,3)=0.00921064378150774201718426730205;
A(24,3)=0.00925383268213195930084102093438;
A(25,3)=0.00921452817531176151219318337986;
A(26,3)=0.00925010385021805616427960924892;
A(27,3)=0.009218191881985309051967484513;
A(28,3)=0.00924639873764410620223751122962;
A(29,3)=0.0092220838826667046618583736427;
A(30,3)=0.0092420779687482721547912777747;
A(31,3)=0.00922738212336973703079658882222;
B(3)=0.00923323415554547957115106595602;
A(2,4)=0.000577564289678811349531746443242;
A(3,4)=-0.00125279390684526594785968444958;
A(4,4)=0.00719617697083084233742979490282;
A(5,4)=0.015663251840292970882172659785;
A(6,4)=0.0137191308595406386088830613829;
A(7,4)=0.0148376429554629060801624804973;
A(8,4)=0.0140657939189179394883841286596;
A(9,4)=0.014646667471409242433554656635;
A(10,4)=0.0141863297074940974352515061147;
A(11,4)=0.0145639970638280862483607550488;
A(12,4)=0.0142463336807692122648437366394;
A(13,4)=0.0145186018777060948731328568618;
A(14,4)=0.0142817916868627029972766647175;
A(15,4)=0.0144901860073047994791000620437;
A(16,4)=0.0143050550320548317600166005787;
A(17,4)=0.014470789007007767427184424524;
A(18,4)=0.0143214924327970495930116779128;
A(19,4)=0.0144566521188162447012475881466;
A(20,4)=0.0143338214119733359578549276539;
A(21,4)=0.0144457528283402129654961466391;
A(22,4)=0.0143435896534248434977237816709;
A(23,4)=0.0144368722674937863627211411085;
A(24,4)=0.0143517886509336149055201597069;
A(25,4)=0.0144291713317762896346515043436;
A(26,4)=0.0143591661547200581687149394765;
A(27,4)=0.0144219355937562272145757713911;
A(28,4)=0.0143664724509985765485863792872;
A(29,4)=0.0144142705531024372216375123108;
A(30,4)=0.0143749733931871227068633702577;
A(31,4)=0.014403853879608440178397817771;
B(4)=0.0143923539416616846748595898056;
A(2,5)=-0.00048369474732028604481960748896;
A(3,5)=0.000877038506450269743353392129326;
A(4,5)=-0.00171305585261463191147973221908;
A(5,5)=0.00969979814240676239920048411159;
A(6,5)=0.0211221205092539677187604970314;
A(7,5)=0.018478925690082280842746165899;
A(8,5)=0.0200143227873510758002520849369;
A(9,5)=0.0189447538166086953585741835585;
A(10,5)=0.0197566705271861614413627406823;
A(11,5)=0.0191082478820129674601396295662;
A(12,5)=0.0196438603760674729551947164946;
A(13,5)=0.0191906433293848308562579343687;
A(14,5)=0.0195811286983686762104730012766;
A(15,5)=0.019239954081996891925157747861;
A(16,5)=0.0195413605894325213266660029988;
A(17,5)=0.0192727191891253798559625553283;
A(18,5)=0.0195138627959239096523853486123;
A(19,5)=0.0192961795042230907904200248035;
A(20,5)=0.0194935403052965014882350470694;
A(21,5)=0.019314042232243027375231538102;
A(22,5)=0.019477610703841671859850980275;
A(23,5)=0.0193284614212957337917583007046;
A(24,5)=0.0194643490310606116992179656255;
A(25,5)=0.0193408753798241654910686913889;
A(26,5)=0.0194524919794138091073651040309;
A(27,5)=0.0193524741332936630786833213859;
A(28,5)=0.0194408065142630792959057289897;
A(29,5)=0.0193647103674612519190847923009;
A(30,5)=0.0194272558863864204746637856211;
A(31,5)=0.0193812973336387827028834134085;
B(5)=0.0193995962848135247984009682232;
A(2,6)=0.000421305355608284676647159729091;
A(3,6)=-0.000710454957998779119515880588488;
A(4,6)=0.00113205236328932712408845045616;
A(5,6)=-0.00214887916362546470283054572261;
A(6,6)=0.0121006682076485132257345351057;
A(7,6)=0.0263559746423144353801312788068;
A(8,6)=0.0230441683388464266180888695698;
A(9,6)=0.0249781864425181641054608049329;
A(10,6)=0.0236234110721124206189012021836;
A(11,6)=0.0246573668578897821549028779332;
A(12,6)=0.0238274914223847051203082386613;
A(13,6)=0.0245160993557340664136464485242;
A(14,6)=0.023931055752091971314172886873;
A(15,6)=0.0244369287323177274899029760008;
A(16,6)=0.0239935613455348477105770671788;
A(17,6)=0.0243862832693018527139268394731;
A(18,6)=0.0240354979627698955005146367542;
A(19,6)=0.0243508963636733512898597381822;
A(20,6)=0.0240658708943203376921397949303;
A(21,6)=0.0243244075034587985032884624324;
A(22,6)=0.0240893347258814113487454972331;
A(23,6)=0.0243032925197067995977833327774;
A(24,6)=0.0241086549882418571033911565079;
A(25,6)=0.0242852892515416224157508169706;
A(26,6)=0.0241257817639355703324952122703;
A(27,6)=0.0242685943407604496080237987721;
A(28,6)=0.0241425507052852402120862885217;
A(29,6)=0.0242510791826693554791223700549;
A(30,6)=0.0241619089387760318910662609231;
A(31,6)=0.0242274165450547807109626444687;
B(6)=0.0242013364152970264514690702114;
A(2,7)=-0.000374783768240412603422791348854;
A(3,7)=0.000609076443998088325165093440867;
A(4,7)=-0.000889398319977230758240460192921;
A(5,7)=0.00136426185243061784125769999498;
A(6,7)=-0.00255929982651838828895716926676;
A(7,7)=0.0143732890544047666204304223505;
