nodegauss(2)=0.00037007034561148514;
nodegauss(3)=0.0019488518418664335;
nodegauss(4)=0.004785014405354824;
nodegauss(5)=0.008872025451381675;
nodegauss(6)=0.014199638314174097;
nodegauss(7)=0.020754413513036453;
nodegauss(8)=0.028519799303835747;
nodegauss(9)=0.037476182181898125;
nodegauss(10)=0.047600938739453265;
nodegauss(11)=0.058868493584051315;
nodegauss(12)=0.07125038424396454;
nodegauss(13)=0.08471533319799758;
nodegauss(14)=0.09922932694801181;
nodegauss(15)=0.11475570197229035;
nodegauss(16)=0.13125523735842162;
nodegauss(17)=0.14868625388885148;
nodegauss(18)=0.16700471933226027;
nodegauss(19)=0.18616435967655742;
nodegauss(20)=0.20611677602345632;
nodegauss(21)=0.22681156684987444;
nodegauss(22)=0.24819645532762202;
nodegauss(23)=0.2702174213799433;
nodegauss(24)=0.292818838141437;
nodegauss(25)=0.31594361247671776;
nodegauss(26)=0.339533329202903;
nodegauss(27)=0.36352839865163683;
nodegauss(28)=0.38786820719791726;
nodegauss(29)=0.41249127037549216;
nodegauss(30)=0.4373353881920516;
nodegauss(31)=0.4623378022518828;
nodegauss(32)=0.4874353542890897;
nodegauss(33)=0.5125646457109103;
nodegauss(34)=0.5376621977481172;
nodegauss(35)=0.5626646118079484;
nodegauss(36)=0.5875087296245078;
nodegauss(37)=0.6121317928020827;
nodegauss(38)=0.6364716013483632;
nodegauss(39)=0.660466670797097;
nodegauss(40)=0.6840563875232822;
nodegauss(41)=0.7071811618585631;
nodegauss(42)=0.7297825786200567;
nodegauss(43)=0.751803544672378;
nodegauss(44)=0.7731884331501255;
nodegauss(45)=0.7938832239765437;
nodegauss(46)=0.8138356403234426;
nodegauss(47)=0.8329952806677398;
nodegauss(48)=0.8513137461111485;
nodegauss(49)=0.8687447626415784;
nodegauss(50)=0.8852442980277097;
nodegauss(51)=0.9007706730519882;
nodegauss(52)=0.9152846668020024;
nodegauss(53)=0.9287496157560354;
nodegauss(54)=0.9411315064159487;
nodegauss(55)=0.9523990612605467;
nodegauss(56)=0.9625238178181019;
nodegauss(57)=0.9714802006961643;
nodegauss(58)=0.9792455864869636;
nodegauss(59)=0.9858003616858259;
nodegauss(60)=0.9911279745486183;
nodegauss(61)=0.9952149855946452;
nodegauss(62)=0.9980511481581336;
nodegauss(63)=0.9996299296543885;
tc=nodegauss;
A(2,2)=0.0004748014198784226;
A(3,2)=0.0010273931474654803;
A(4,2)=0.000911494895597979;
A(5,2)=0.0009732805086446357;
A(6,2)=0.0009330699814187237;
A(7,2)=0.0009619863117064269;
A(8,2)=0.0009398804791289519;
A(9,2)=0.0009574982850737238;
A(10,2)=0.0009430256452111389;
A(11,2)=0.0009551919265693391;
A(12,2)=0.0009447770011313459;
A(13,2)=0.0009538245783398755;
A(14,2)=0.0009458689750185081;
A(15,2)=0.0009529359530823966;
A(16,2)=0.0009466037165058624;
A(17,2)=0.0009523201059805399;
A(18,2)=0.0009471260498444443;
A(19,2)=0.0009518724667697658;
A(20,2)=0.0009475131551199106;
A(21,2)=0.0009515343670596227;
A(22,2)=0.0009478048985232337;
A(23,2)=0.0009512339797411701;
A(24,2)=0.0009477890569114931;
A(25,2)=0.0009498055710324138;
A(26,2)=0.;
A(27,2)=0.;
A(28,2)=0.;
A(29,2)=0.;
A(30,2)=0.;
A(31,2)=0.;
A(32,2)=0.;
A(33,2)=0.;
A(34,2)=0.;
A(35,2)=0.;
A(36,2)=0.;
A(37,2)=0.;
A(38,2)=0.;
A(39,2)=0.;
A(40,2)=0.;
A(41,2)=0.;
A(42,2)=0.;
A(43,2)=0.;
A(44,2)=0.;
A(45,2)=0.;
A(46,2)=0.;
A(47,2)=0.;
A(48,2)=0.;
A(49,2)=0.;
A(50,2)=0.;
A(51,2)=0.;
A(52,2)=0.;
A(53,2)=0.;
A(54,2)=0.;
A(55,2)=0.;
A(56,2)=0.;
A(57,2)=0.;
A(58,2)=0.;
A(59,2)=0.;
A(60,2)=0.;
A(61,2)=0.;
A(62,2)=0.;
A(63,2)=0.;
B(2)=0.;
A(2,3)=-0.00018089032813263457;
A(3,3)=0.0011040833642327263;
A(4,3)=0.002400379350579482;
A(5,3)=0.0021083346294679304;
A(6,3)=0.002272995433731325;
A(7,3)=0.0021613707939654833;
A(8,3)=0.00224412673164377;
A(9,3)=0.0021793577002626827;
A(10,3)=0.0022319473418799477;
A(11,3)=0.002188088645169826;
A(12,3)=0.0022254212832712237;
A(13,3)=0.002193125749503957;
A(14,3)=0.0022214329896358556;
A(15,3)=0.002196349988971715;
A(16,3)=0.002218780886441015;
A(17,3)=0.002198563722270786;
A(18,3)=0.002216909629524141;
A(19,3)=0.0022001629207852296;
A(20,3)=0.0022155296976113775;
A(21,3)=0.002201362262310353;
A(22,3)=0.0022144444649581894;
A(23,3)=0.0022017970659676416;
A(24,3)=0.0022072872524638854;
A(25,3)=0.002132768398407592;
A(26,3)=0.;
A(27,3)=0.;
A(28,3)=0.;
A(29,3)=0.;
A(30,3)=0.;
A(31,3)=0.;
A(32,3)=0.;
A(33,3)=0.;
A(34,3)=0.;
A(35,3)=0.;
A(36,3)=0.;
A(37,3)=0.;
A(38,3)=0.;
A(39,3)=0.;
A(40,3)=0.;
A(41,3)=0.;
A(42,3)=0.;
A(43,3)=0.;
A(44,3)=0.;
A(45,3)=0.;
A(46,3)=0.;
A(47,3)=0.;
A(48,3)=0.;
A(49,3)=0.;
A(50,3)=0.;
A(51,3)=0.;
A(52,3)=0.;
A(53,3)=0.;
A(54,3)=0.;
A(55,3)=0.;
A(56,3)=0.;
A(57,3)=0.;
A(58,3)=0.;
A(59,3)=0.;
A(60,3)=0.;
A(61,3)=0.;
A(62,3)=0.;
A(63,3)=0.;
B(3)=0.;
A(2,4)=0.00013897242456884683;
A(3,4)=-0.0003014429702388749;
A(4,4)=0.0017315104754577401;
A(5,4)=0.003768821773499215;
A(6,4)=0.0033010245019434725;
A(7,4)=0.0035701806549579846;
A(8,4)=0.0033844189211910485;
A(9,4)=0.003524252707435719;
A(10,4)=0.0034133916186991774;
A(11,4)=0.0035043981874590233;
A(12,4)=0.0034277841500252584;
A(13,4)=0.003493529890972351;
A(14,4)=0.0034362510734748247;
A(15,4)=0.0034867691423631376;
A(16,4)=0.0034417586819139997;
A(17,4)=0.0034822071326488556;
A(18,4)=0.0034455909703010367;
A(19,4)=0.0034789488348869733;
A(20,4)=0.003448391468723994;
A(21,4)=0.0034765318819003042;
A(22,4)=0.0034506370521386006;
A(23,4)=0.003476004926700334;
A(24,4)=0.003466078040779076;
A(25,4)=0.003606452458759831;
A(26,4)=0.;
A(27,4)=0.;
A(28,4)=0.;
A(29,4)=0.;
A(30,4)=0.;
A(31,4)=0.;
A(32,4)=0.;
A(33,4)=0.;
A(34,4)=0.;
A(35,4)=0.;
A(36,4)=0.;
A(37,4)=0.;
A(38,4)=0.;
A(39,4)=0.;
A(40,4)=0.;
A(41,4)=0.;
A(42,4)=0.;
A(43,4)=0.;
A(44,4)=0.;
A(45,4)=0.;
A(46,4)=0.;
A(47,4)=0.;
A(48,4)=0.;
A(49,4)=0.;
A(50,4)=0.;
A(51,4)=0.;
A(52,4)=0.;
A(53,4)=0.;
A(54,4)=0.;
A(55,4)=0.;
A(56,4)=0.;
A(57,4)=0.;
A(58,4)=0.;
A(59,4)=0.;
A(60,4)=0.;
A(61,4)=0.;
A(62,4)=0.;
A(63,4)=0.;
B(4)=0.;
A(2,5)=-0.00011742277706151163;
A(3,5)=0.0002129088672954345;
A(4,5)=-0.000415852138581458;
A(5,5)=0.002354644857105097;
A(6,5)=0.005127443648325646;
A(7,5)=0.004485775701401372;
A(8,5)=0.004858551075161941;
A(9,5)=0.0045988198395517915;
A(10,5)=0.00479605223676635;
A(11,5)=0.004638450117075936;
A(12,5)=0.004768738496069824;
A(13,5)=0.00465836606051701;
A(14,5)=0.004753612446334914;
A(15,5)=0.004670215458641976;
A(16,5)=0.004744100846492382;
A(17,5)=0.004678002677748012;
A(18,5)=0.004737620353959839;
A(19,5)=0.004683470642709925;
A(20,5)=0.004732953343648012;
A(21,5)=0.004687513450320668;
A(22,5)=0.004729631016307122;
A(23,5)=0.004692380926091762;
A(24,5)=0.004742483414325006;
A(25,5)=0.004814995359243001;
A(26,5)=0.;
A(27,5)=0.;
A(28,5)=0.;
A(29,5)=0.;
A(30,5)=0.;
A(31,5)=0.;
A(32,5)=0.;
A(33,5)=0.;
A(34,5)=0.;
A(35,5)=0.;
A(36,5)=0.;
A(37,5)=0.;
A(38,5)=0.;
A(39,5)=0.;
A(40,5)=0.;
A(41,5)=0.;
A(42,5)=0.;
A(43,5)=0.;
A(44,5)=0.;
A(45,5)=0.;
A(46,5)=0.;
A(47,5)=0.;
A(48,5)=0.;
A(49,5)=0.;
A(50,5)=0.;
A(51,5)=0.;
A(52,5)=0.;
A(53,5)=0.;
A(54,5)=0.;
A(55,5)=0.;
A(56,5)=0.;
A(57,5)=0.;
A(58,5)=0.;
A(59,5)=0.;
A(60,5)=0.;
A(61,5)=0.;
A(62,5)=0.;
A(63,5)=0.;
B(5)=0.;
A(2,6)=0.0001034814390744899;
A(3,6)=-0.00017449862375466427;
A(4,6)=0.00027803975398871966;
A(5,6)=-0.0005277610048914511;
A(6,6)=0.0029718475292526253;
A(7,6)=0.00647287594132656;
A(8,6)=0.005659465008157894;
A(9,6)=0.006134549825962069;
A(10,6)=0.005801658772340856;
A(11,6)=0.0060558395822989716;
A(12,6)=0.005851680126169446;
A(13,6)=0.0060212654849061634;
A(14,6)=0.005876971028274904;
A(15,6)=0.006001992226965525;
A(16,6)=0.005892121029447441;
A(17,6)=0.00598978984670049;
A(18,6)=0.005902144460395192;
A(19,6)=0.005981421569406398;
A(20,6)=0.005909227378250037;
A(21,6)=0.00597534648073526;
A(22,6)=0.005914232771920118;
A(23,6)=0.0059671178922698;
A(24,6)=0.005874192988658857;
A(25,6)=0.;
A(26,6)=0.;
A(27,6)=0.;
A(28,6)=0.;
A(29,6)=0.;
A(30,6)=0.;
A(31,6)=0.;
A(32,6)=0.;
A(33,6)=0.;
A(34,6)=0.;
A(35,6)=0.;
A(36,6)=0.;
A(37,6)=0.;
A(38,6)=0.;
A(39,6)=0.;
A(40,6)=0.;
A(41,6)=0.;
A(42,6)=0.;
A(43,6)=0.;
A(44,6)=0.;
A(45,6)=0.;
A(46,6)=0.;
A(47,6)=0.;
A(48,6)=0.;
A(49,6)=0.;
A(50,6)=0.;
A(51,6)=0.;
A(52,6)=0.;
A(53,6)=0.;
A(54,6)=0.;
A(55,6)=0.;
A(56,6)=0.;
A(57,6)=0.;
