nodegauss(2)=0.0007298996816128876;
nodegauss(3)=0.0038418039307420958;
nodegauss(4)=0.009424083461043016;
nodegauss(5)=0.01745017478875343;
nodegauss(6)=0.02788024544090295;
nodegauss(7)=0.04066237000791211;
nodegauss(8)=0.055732880856978396;
nodegauss(9)=0.07301670249764482;
nodegauss(10)=0.0924277301774325;
nodegauss(11)=0.11386926037562205;
nodegauss(12)=0.1372344731696415;
nodegauss(13)=0.16240696466693882;
nodegauss(14)=0.18926132704821208;
nodegauss(15)=0.21766377340726462;
nodegauss(16)=0.24747280430589885;
nodegauss(17)=0.2785399127372943;
nodegauss(18)=0.3107103239926464;
nodegauss(19)=0.3438237667486071;
nodegauss(20)=0.3777152715358994;
nodegauss(21)=0.4122159926122416;
nodegauss(22)=0.44715404914567336;
nodegauss(23)=0.48235538151793234;
nodegauss(24)=0.5176446184820677;
nodegauss(25)=0.5528459508543266;
nodegauss(26)=0.5877840073877584;
nodegauss(27)=0.6222847284641007;
nodegauss(28)=0.656176233251393;
nodegauss(29)=0.6892896760073536;
nodegauss(30)=0.7214600872627057;
nodegauss(31)=0.7525271956941012;
nodegauss(32)=0.7823362265927354;
nodegauss(33)=0.8107386729517879;
nodegauss(34)=0.8375930353330612;
nodegauss(35)=0.8627655268303585;
nodegauss(36)=0.8861307396243779;
nodegauss(37)=0.9075722698225676;
nodegauss(38)=0.9269832975023552;
nodegauss(39)=0.9442671191430216;
nodegauss(40)=0.9593376299920879;
nodegauss(41)=0.972119754559097;
nodegauss(42)=0.9825498252112466;
nodegauss(43)=0.9905759165389569;
nodegauss(44)=0.9961581960692579;
nodegauss(45)=0.9992701003183871;
tc=nodegauss;
A(2,2)=0.00093635120077819437879344470794;
A(3,2)=0.0020261118578810607517959805207;
A(4,2)=0.00179755025077326238877644560243;
A(5,2)=0.00191939655974669335548593711659;
A(6,2)=0.00184009873904191645639652908565;
A(7,2)=0.00189712270477716755422267584378;
A(8,2)=0.00185353056860611313984267203687;
A(9,2)=0.00188827073684947730867722704501;
A(10,2)=0.00185973458263760064261273941955;
A(11,2)=0.00188372061032759814873958782847;
A(12,2)=0.00186319054067915618319188289912;
A(13,2)=0.00188102157144226904423388480915;
A(14,2)=0.00186534692959373576746201494356;
A(15,2)=0.00187926575393492876488827081508;
A(16,2)=0.00186679976568218869524613073946;
A(17,2)=0.00187804685222819751619855013084;
A(18,2)=0.00186783483601091758826681877993;
A(19,2)=0.0018771584528205401099105027358;
A(20,2)=0.00186860465871498886197536986127;
A(21,2)=0.00187648560342202449120515334207;
A(22,2)=0.00186919740149666484705126789059;
A(23,2)=0.00187595961594740955316250785246;
A(24,2)=0.00186966733694088002874158479554;
A(25,2)=0.00187553705017989533250120260326;
A(26,2)=0.00187004965543771323398908212805;
A(27,2)=0.00187518907232810910651412658769;
A(28,2)=0.00187036824435259885988388374869;
A(29,2)=0.00187489567479768406241467898614;
A(30,2)=0.00187064005095024077828674191495;
A(31,2)=0.00187464233058480503387127278959;
A(32,2)=0.00187087769157976864892291474842;
A(33,2)=0.00187441791851930165856911022717;
A(34,2)=0.0018710911417744856086739783228;
A(35,2)=0.00187421330165133582520863440191;
A(36,2)=0.00187128898615800323122093056842;
A(37,2)=0.00187402015894226243124835406904;
A(38,2)=0.00187147960306207047256860034835;
A(39,2)=0.00187382965730753852927064428288;
A(40,2)=0.00187167283077198984445168316275;
A(41,2)=0.00187363010198516152831713747638;
A(42,2)=0.00187188369462720841303246969005;
A(43,2)=0.00187340023156574942686109719871;
A(44,2)=0.00187214651371401999723407051419;
A(45,2)=0.00187307112082009990519699664536;
B(2)=0.00187270240155638875758688941588;
A(2,3)=-0.000356366317265796204445155096491;
A(3,3)=0.00217512034188121103064140585608;
A(4,3)=0.00472891246219986269782910291668;
A(5,3)=0.00415356553357917243600079190105;
A(6,3)=0.00447795576575944980317420180133;
A(7,3)=0.00425805276026184404507893225441;
A(8,3)=0.00442107928467476858139845680157;
A(9,3)=0.00429349226826784500200753803718;
A(10,3)=0.0043970799744827524517749883699;
A(11,3)=0.00431069901356350488364944106162;
A(12,3)=0.00438421579347842484742562958796;
A(13,3)=0.00432063117726508953633116462351;
A(14,3)=0.00437634841370609218606483503815;
A(15,3)=0.00432699489361366742384518176833;
A(16,3)=0.00437111012662421086908075611502;
A(17,3)=0.00433137143693836544075922418127;
A(18,3)=0.00436740623465915113728400981826;
A(19,3)=0.00433454158310428768842156311947;
A(20,3)=0.00436466564693266831117770787981;
A(21,3)=0.00433693220019339323516514071048;
A(22,3)=0.00436256320933016031695484549985;
A(23,3)=0.00433879513789078587009942605055;
A(24,3)=0.00436090090723793501995778699724;
A(25,3)=0.00434028821762153685936141780131;
A(26,3)=0.00435955136188888920663415176707;
A(27,3)=0.00434151547189616325057850393702;
A(28,3)=0.00435842863473336939798459235621;
A(29,3)=0.00434254869576317410433743170542;
A(30,3)=0.0043574720548243246338831535089;
A(31,3)=0.00434343978337761901145859919311;
A(32,3)=0.00435663664438576564478032282166;
A(33,3)=0.00434422830609127499616578637235;
A(34,3)=0.00435588697406121335751279935564;
A(35,3)=0.00434494665649359922364100346266;
A(36,3)=0.00435519266311281252311016925296;
A(37,3)=0.0043456242316489562489082607277;
A(38,3)=0.00435452416140808793457750952366;
A(39,3)=0.00434629213676137512497234109769;
A(40,3)=0.00435384687305247222639227989166;
A(41,3)=0.00434699144598237627980116392051;
A(42,3)=0.00435310807799147200149972760675;
A(43,3)=0.00434779670510509808040904685171;
A(44,3)=0.00435218751039081432825527391387;
A(45,3)=0.00434894937025448203423769599153;
B(3)=0.00435024068376242206128281171216;
A(2,4)=0.000273279202453246328046399324464;
A(3,4)=-0.000592766413772077821367981308176;
A(4,4)=0.00340489668889499638005126659752;
A(5,4)=0.00741112861756595989260154251386;
A(6,4)=0.00649124138509905917042824135403;
A(7,4)=0.00702051009987522039833329996138;
A(8,4)=0.00665523679176028239352510295042;
A(9,4)=0.00693018813811209961289722199297;
A(10,4)=0.00671221940457700083968606733607;
A(11,4)=0.00689113361598456072188980706258;
A(12,4)=0.00674053568435381784025280919328;
A(13,4)=0.00686974490088490662326944756435;
A(14,4)=0.00675720510035168043811228768629;
A(15,4)=0.00685642746914800234999052749486;
A(16,4)=0.0067680616885948091608183075964;
A(17,4)=0.0068474266574136273996440063106;
A(18,4)=0.00677563155972603224385268754587;
A(19,4)=0.00684098095789532272432596839143;
A(20,4)=0.0067811799474383667634782807128;
A(21,4)=0.0068361586236230764135268049509;
A(22,4)=0.00678540786891201130668318200016;
A(23,4)=0.00683242228917436814469506721868;
A(24,4)=0.00678873410662228667258556306634;
A(25,4)=0.00682944070285948534205048134703;
A(26,4)=0.00679142425734819536529266648371;
A(27,4)=0.00682699820037863785012895531621;
A(28,4)=0.00679365556188097690291892489111;
A(29,4)=0.00682494739280618311102800441275;
A(30,4)=0.00679555205058311710294416880111;
A(31,4)=0.00682318260196242737586763669746;
A(32,4)=0.00679720498610292855654095803506;
A(33,4)=0.00682162381067806609569444618009;
A(34,4)=0.00679868577318755189074709643232;
A(35,4)=0.00682020594504698661234139053892;
A(36,4)=0.00680005525096463803032040760038;
A(37,4)=0.00681887031830954140811185215109;
A(38,4)=0.00680137223490976356232013046159;
A(39,4)=0.00681755519471570719999658346824;
A(40,4)=0.00680270521324692711716294802312;
A(41,4)=0.00681617944004561899262400025633;
A(42,4)=0.00680415813956247653166269688236;
A(43,4)=0.00681459626138262053023497869205;
A(44,4)=0.0068059676148297441358862538295;
A(45,4)=0.00681233092896342960632264069408;
B(4)=0.00680979337778999276010253319503;
A(2,5)=-0.000230284931954838222245429601349;
A(3,5)=0.000417549477004246888517326620467;
A(4,5)=-0.000815557263121371673725981198112;
A(5,5)=0.00461787043420368729301055593585;
A(6,5)=0.0100558112469534491217584351632;
A(7,5)=0.00879739728866616052646330900569;
A(8,5)=0.00952845676966688325197774599864;
A(9,5)=0.00901910860968796203638064812398;
A(10,5)=0.00940587045166970210073467814239;
A(11,5)=0.00909684915122317540450202326989;
A(12,5)=0.00935228100236231441808351899809;
A(13,5)=0.00913593435954604950785630860523;
A(14,5)=0.00932258510958199755188267449417;
