nodegauss(2)=0.001778751213022775;
nodegauss(3)=0.009348417314563623;
nodegauss(4)=0.022870359685530903;
nodegauss(5)=0.04218348680393396;
nodegauss(6)=0.06705373871280247;
nodegauss(7)=0.09717931454141042;
nodegauss(8)=0.1321945609931841;
nodegauss(9)=0.17167445298056752;
nodegauss(10)=0.21513976409429914;
nodegauss(11)=0.2620628875224409;
nodegauss(12)=0.31187424195546065;
nodegauss(13)=0.363969186182411;
nodegauss(14)=0.41771535893330963;
nodegauss(15)=0.47246035505798284;
nodegauss(16)=0.5275396449420171;
nodegauss(17)=0.5822846410666904;
nodegauss(18)=0.6360308138175891;
nodegauss(19)=0.6881257580445393;
nodegauss(20)=0.7379371124775591;
nodegauss(21)=0.7848602359057009;
nodegauss(22)=0.8283255470194325;
nodegauss(23)=0.8678054390068158;
nodegauss(24)=0.9028206854585896;
nodegauss(25)=0.9329462612871975;
nodegauss(26)=0.9578165131960661;
nodegauss(27)=0.9771296403144691;
nodegauss(28)=0.9906515826854364;
nodegauss(29)=0.9982212487869773;
tc=nodegauss;
A(2,2)=0.00228107064827362943470403848074;
A(3,2)=0.00493586555319570993383163237319;
A(4,2)=0.00437906354400021155736467470693;
A(5,2)=0.00467588865975840016624482200701;
A(6,2)=0.00448272489057429177688945910503;
A(7,2)=0.00462161538986312701970195208892;
A(8,2)=0.0045154619326859592894018985241;
A(9,2)=0.00460003079777265894732387611587;
A(10,2)=0.0045306011178466350995496175831;
A(11,2)=0.0045889145890256180834837673534;
A(12,2)=0.00453905876882672404430958908005;
A(13,2)=0.00458229289844751665819753965391;
A(14,2)=0.00454436768053599665331071366563;
A(15,2)=0.00457794922472731739137743387997;
A(16,2)=0.00454798556059369561783663113187;
A(17,2)=0.00457488686839994420633167443795;
A(18,2)=0.00455061697548930599035555450421;
A(19,2)=0.00457259273942226730190295642045;
A(20,2)=0.00455264618764608610456630892778;
A(21,2)=0.0045707708024389387060401544464;
A(22,2)=0.00455430846290852537289864901704;
A(23,2)=0.00456922696418539983526493646748;
A(24,2)=0.00455577190377067363407138808458;
A(25,2)=0.00456780562340213111464758233483;
A(26,2)=0.00455719449884078100037894417764;
A(27,2)=0.0045663245226455378514456517614;
A(28,2)=0.00455882699443337568959745853182;
A(29,2)=0.00456433308172184881161788123915;
B(2)=0.00456214129654725886940807696148;
A(2,3)=-0.000865556605636249881101314515773;
A(3,3)=0.00528302814819281493787509524832;
A(4,3)=0.0114857855040057934637934399858;
A(5,3)=0.0100883788129840623523223869455;
A(6,3)=0.0108762245314856472063129500692;
A(7,3)=0.0103422006206946061502287928407;
A(8,3)=0.0107380275338126019938741693296;
A(9,3)=0.0104283469117118553493233629653;
A(10,3)=0.010679649014615757716401908152;
A(11,3)=0.0104702486736840106406039140323;
A(12,3)=0.0106482703019942276282909408324;
A(13,3)=0.0104945338766257154862369096325;
A(14,3)=0.0106289680642937923459164390792;
A(15,3)=0.0105102209807558359734015868452;
A(16,3)=0.0106159714725680175923394371757;
A(17,3)=0.0105211747204537430046537897842;
A(18,3)=0.010606592480354512493793799563;
A(19,3)=0.0105293272849093812451937911851;
A(20,3)=0.010599399547068408071559697062;
A(21,3)=0.0105357714352689256072126502319;
A(22,3)=0.0105935312639204493051411033534;
A(23,3)=0.0105412125406828470142413849227;
A(24,3)=0.0105883810454128808265930155055;
A(25,3)=0.0105462082163861157020404655997;
A(26,3)=0.0105833864437965955411796025648;
A(27,3)=0.0105514034778369460420401620539;
A(28,3)=0.010577664251332776979490228953;
A(29,3)=0.0105583802731232590026261536281;
B(3)=0.0105660562963856298757501904966;
A(2,4)=0.000660163623004401144358893613787;
A(3,4)=-0.0014319630359220276143524843299;
A(4,4)=0.00822535694557609499440770479263;
A(5,4)=0.0179033673139665207927254900343;
A(6,4)=0.0156812218388895030841841546726;
A(7,4)=0.0169596609221120579307758347042;
A(8,4)=0.0160774929993620682173772279043;
A(9,4)=0.0167413338186111772294237431336;
A(10,4)=0.0162153173755847051378572762111;
A(11,4)=0.0166467773969263128690002832228;
A(12,4)=0.016283980589534972840147404406;
A(13,4)=0.0165947948624842015662106705357;
A(14,4)=0.0163246251932596152792067774307;
A(15,4)=0.0165621754139209452155208972572;
A(16,4)=0.0163513838963977504202688222785;
A(17,4)=0.0165398016524021524961516037429;
A(18,4)=0.016370416308664024934302458305;
A(19,4)=0.0165233480688174262821971881949;
A(20,4)=0.0163848660497101218060330249241;
A(21,4)=0.0165104540345076286718068303145;
A(22,4)=0.016396567210685798169316402451;
A(23,4)=0.0164996375425351975143037661398;
A(24,4)=0.0164067781926369801882514842342;
A(25,4)=0.0164897559816587106942155051095;
A(26,4)=0.0164166378941868340288384595514;
A(27,4)=0.0164795172287982848606047234854;
A(28,4)=0.01642790033433574351072339174;
A(29,4)=0.0164657982673719425143093575491;
B(4)=0.0164507138911521899888154095853;
A(2,5)=-0.000551926087237470273804542852746;
A(3,5)=0.00100076052338076041584687374846;
A(4,5)=-0.00195472459861736198521191245491;
A(5,5)=0.0110682336897510569598969694133;
A(6,5)=0.0241019908219766836036728542536;
A(7,5)=0.0210859405881693858938721165642;
A(8,5)=0.0228378622996075420913008982718;
A(9,5)=0.0216175464436502734747797165954;
A(10,5)=0.0225437839538352549950013207352;
A(11,5)=0.0218042031822453328101619790406;
A(12,5)=0.0224149379634341685020853489734;
A(13,5)=0.0218983711299548541118599544985;
A(14,5)=0.0223431756206768153439389093883;
A(15,5)=0.0219548572866101961587149713552;
A(16,5)=0.0222975330099487377785933213563;
A(17,5)=0.021992563290896063599628663875;
A(18,5)=0.0222657716743583889041968443192;
A(19,5)=0.0220197978739761549658978703675;
A(20,5)=0.0222420182928393472921518983653;
A(21,5)=0.0220408689549873109340136492479;
A(22,5)=0.0222229943760155572717008219184;
A(23,5)=0.0220583758896553453277756389738;
A(24,5)=0.022206532329662990630404115392;
A(25,5)=0.0220742522875638414233745953141;
A(26,5)=0.0221907376829589435800663489598;
A(27,5)=0.0220906139168354683124206581368;
A(28,5)=0.022172774988706887285037790997;
A(29,5)=0.0221124644784641037589944202354;
B(5)=0.0221364673795021139197939388266;
A(2,6)=0.000479646184960069281597586858886;
A(3,6)=-0.00080884237551954679315507631868;
A(4,6)=0.00128883964548077757607300139877;
A(5,6)=-0.00244652360110692262149983976593;
A(6,6)=0.0137768364189291863578707295567;
A(7,6)=0.0300067444581254238820509308818;
A(8,6)=0.0262362738183581397083489511079;
A(9,6)=0.0284380268911344984677963134317;
A(10,6)=0.0268958573262923844326524060746;
A(11,6)=0.0280726342513405310627472601608;
A(12,6)=0.0271283734881670979673312988526;
A(13,6)=0.0279115928152845247215825771044;
A(14,6)=0.0272465347817203543762358115419;
A(15,6)=0.0278211503176547361591063783458;
A(16,6)=0.0273180679572941264170182212007;
A(17,6)=0.0277630432070464351384047705815;
A(18,6)=0.0273663529750662755360421426144;
A(19,6)=0.0277221013280673548125795872789;
A(20,6)=0.0274017272012624695203121699053;
A(21,6)=0.0276909724556631775356671169364;
A(22,6)=0.0274296375347019981841316321874;
A(23,6)=0.0276654425605383459013950428293;
A(24,6)=0.0274535169712845964847725305421;
A(25,6)=0.0276425186859740184635236291281;
A(26,6)=0.0274762325552940552315188702769;
A(27,6)=0.0276190653184425319260834318771;
A(28,6)=0.0275019139329816942192314852207;
A(29,6)=0.0275878833102792872178001520067;
B(6)=0.0275536728378583727157414591135;
A(2,7)=-0.000425463364533550327066576827527;
A(3,7)=0.000691445989359331484413659567599;
A(4,7)=-0.00100969663307258834040361729233;
A(5,7)=0.00154882335560579136958320654231;
A(6,7)=-0.00290558645842840569087552005993;
A(7,7)=0.0163182309917498989483493916939;
A(8,7)=0.0355463760302666939920651354658;
A(9,7)=0.0310692812757503700077649219697;
A(10,7)=0.033692046176271251528448347336;
A(11,7)=0.0318485446048609084913395561721;
A(12,7)=0.0332601506176706363799088538877;
A(13,7)=0.0321237464251911120323881369971;
A(14,7)=0.0330691530221983336802816845333;
A(15,7)=0.0322642633792588639269756955057;
A(16,7)=0.0329612473297406164346558410179;
A(17,7)=0.032349940167332173242765726966;
A(18,7)=0.0328913320953525473508265035836;
A(19,7)=0.0324083534082980123035439073027;
