nodegauss(2)=0.00032689506391105896;
nodegauss(3)=0.0017215894552236545;
nodegauss(4)=0.004227484808312127;
nodegauss(5)=0.007839547532429934;
nodegauss(6)=0.012549786126857023;
nodegauss(7)=0.018347706570371314;
nodegauss(8)=0.02522037689688233;
nodegauss(9)=0.033152463727603755;
nodegauss(10)=0.04212626852739649;
nodegauss(11)=0.05212176777671803;
nodegauss(12)=0.06311665791652764;
nodegauss(13)=0.07508640523199189;
nodegauss(14)=0.0880043006522062;
nodegauss(15)=0.10184151937708771;
nodegauss(16)=0.11656718521234019;
nodegauss(17)=0.1321484394752436;
nodegauss(18)=0.1485505143205629;
nodegauss(19)=0.1657368103245162;
nodegauss(20)=0.1836689781545184;
nodegauss(21)=0.20230700414293076;
nodegauss(22)=0.22160929957413847;
nodegauss(23)=0.24153279348588425;
nodegauss(24)=0.2620330287778816;
nodegauss(25)=0.28306426141331464;
nodegauss(26)=0.30457956249190854;
nodegauss(27)=0.3265309229668312;
nodegauss(28)=0.34886936077178193;
nodegauss(29)=0.3715450301192349;
nodegauss(30)=0.3945073327259605;
nodegauss(31)=0.4177050307176427;
nodegauss(32)=0.441086360960662;
nodegauss(33)=0.4645991505659292;
nodegauss(34)=0.4881909333070377;
nodegauss(35)=0.5118090666929623;
nodegauss(36)=0.5354008494340708;
nodegauss(37)=0.558913639039338;
nodegauss(38)=0.5822949692823574;
nodegauss(39)=0.6054926672740395;
nodegauss(40)=0.6284549698807651;
nodegauss(41)=0.651130639228218;
nodegauss(42)=0.6734690770331688;
nodegauss(43)=0.6954204375080915;
nodegauss(44)=0.7169357385866854;
nodegauss(45)=0.7379669712221184;
nodegauss(46)=0.7584672065141158;
nodegauss(47)=0.7783907004258616;
nodegauss(48)=0.7976929958570692;
nodegauss(49)=0.8163310218454816;
nodegauss(50)=0.8342631896754839;
nodegauss(51)=0.8514494856794371;
nodegauss(52)=0.8678515605247564;
nodegauss(53)=0.8834328147876598;
nodegauss(54)=0.8981584806229123;
nodegauss(55)=0.9119956993477938;
nodegauss(56)=0.9249135947680082;
nodegauss(57)=0.9368833420834723;
nodegauss(58)=0.9478782322232819;
nodegauss(59)=0.9578737314726035;
nodegauss(60)=0.9668475362723963;
nodegauss(61)=0.9747796231031177;
nodegauss(62)=0.9816522934296287;
nodegauss(63)=0.987450213873143;
nodegauss(64)=0.9921604524675701;
nodegauss(65)=0.9957725151916879;
nodegauss(66)=0.9982784105447764;
nodegauss(67)=0.999673104936089;
tc=nodegauss;
A(2,2)=0.0004194134360018096;
A(3,2)=0.0009075425488531472;
A(4,2)=0.0008051644069050744;
A(5,2)=0.0008597424327404217;
A(6,2)=0.0008242226339237022;
A(7,2)=0.000849765783914072;
A(8,2)=0.0008302386218957998;
A(9,2)=0.0008458013476532211;
A(10,2)=0.000833016839642826;
A(11,2)=0.0008437640965874728;
A(12,2)=0.0008345638209066795;
A(13,2)=0.0008425563385018273;
A(14,2)=0.0008355283156493686;
A(15,2)=0.0008417714844783563;
A(16,2)=0.0008361772225129498;
A(17,2)=0.0008412276181276083;
A(18,2)=0.0008366384673299982;
A(19,2)=0.0008408323745165752;
A(20,2)=0.0008369802406859688;
A(21,2)=0.0008405340361343605;
A(22,2)=0.0008372379972177241;
A(23,2)=0.0008402697354640699;
A(24,2)=0.0008372891403789183;
A(25,2)=0.0008408018312931632;
A(26,2)=0.;
A(27,2)=0.;
A(28,2)=0.;
A(29,2)=0.;
A(30,2)=0.;
A(31,2)=0.;
A(32,2)=0.;
A(33,2)=0.;
A(34,2)=0.;
A(35,2)=0.;
A(36,2)=0.;
A(37,2)=0.;
A(38,2)=0.;
A(39,2)=0.;
A(40,2)=0.;
A(41,2)=0.;
A(42,2)=0.;
A(43,2)=0.;
A(44,2)=0.;
A(45,2)=0.;
A(46,2)=0.;
A(47,2)=0.;
A(48,2)=0.;
A(49,2)=0.;
A(50,2)=0.;
A(51,2)=0.;
A(52,2)=0.;
A(53,2)=0.;
A(54,2)=0.;
A(55,2)=0.;
A(56,2)=0.;
A(57,2)=0.;
A(58,2)=0.;
A(59,2)=0.;
A(60,2)=0.;
A(61,2)=0.;
A(62,2)=0.;
A(63,2)=0.;
A(64,2)=0.;
A(65,2)=0.;
A(66,2)=0.;
A(67,2)=0.;
B(2)=0.;
A(2,3)=-0.0001598082129543251;
A(3,3)=0.000975406410436062;
A(4,3)=0.0021206237631886823;
A(5,3)=0.0018626157618693332;
A(6,3)=0.002008086038908336;
A(7,3)=0.0019094706730536752;
A(8,3)=0.0019825819865370085;
A(9,3)=0.0019253611336100367;
A(10,3)=0.0019718222303972276;
A(11,3)=0.0019330743128381477;
A(12,3)=0.001966057004695137;
A(13,3)=0.00193752407475899;
A(14,3)=0.0019625338632214624;
A(15,3)=0.0019403721617306565;
A(16,3)=0.001960191283605128;
A(17,3)=0.0019423274068546248;
A(18,3)=0.00195853866271292;
A(19,3)=0.0019437396801311852;
A(20,3)=0.0019573212202813896;
A(21,3)=0.001944811688714155;
A(22,3)=0.0019565204187712948;
A(23,3)=0.0019468987973731155;
A(24,3)=0.0019671024182043714;
A(25,3)=0.;
A(26,3)=0.;
A(27,3)=0.;
A(28,3)=0.;
A(29,3)=0.;
A(30,3)=0.;
A(31,3)=0.;
A(32,3)=0.;
A(33,3)=0.;
A(34,3)=0.;
A(35,3)=0.;
A(36,3)=0.;
A(37,3)=0.;
A(38,3)=0.;
A(39,3)=0.;
A(40,3)=0.;
A(41,3)=0.;
A(42,3)=0.;
A(43,3)=0.;
A(44,3)=0.;
A(45,3)=0.;
A(46,3)=0.;
A(47,3)=0.;
A(48,3)=0.;
A(49,3)=0.;
A(50,3)=0.;
A(51,3)=0.;
A(52,3)=0.;
A(53,3)=0.;
A(54,3)=0.;
A(55,3)=0.;
A(56,3)=0.;
A(57,3)=0.;
A(58,3)=0.;
A(59,3)=0.;
A(60,3)=0.;
A(61,3)=0.;
A(62,3)=0.;
A(63,3)=0.;
A(64,3)=0.;
A(65,3)=0.;
A(66,3)=0.;
A(67,3)=0.;
B(3)=0.;
A(2,4)=0.00012280290313381118;
A(3,4)=-0.0002663698850785456;
A(4,4)=0.0015300480046119842;
A(5,4)=0.003330316727546795;
A(6,4)=0.0029169478625950406;
A(7,4)=0.003154787792004073;
A(8,4)=0.0029906390796135256;
A(9,4)=0.003114203856006613;
A(10,4)=0.003016240455672411;
A(11,4)=0.00309665982183959;
A(12,4)=0.003028957931044153;
A(13,4)=0.0030870566162773186;
A(14,4)=0.0030364390767992876;
A(15,4)=0.003081083225255325;
A(16,4)=0.003041305030080554;
A(17,4)=0.003077052956560402;
A(18,4)=0.0030446903470980648;
A(19,4)=0.0030741747511985208;
A(20,4)=0.003047161469379726;
A(21,4)=0.0030720179948189185;
A(22,4)=0.0030489302481643897;
A(23,4)=0.0030696292673436125;
A(24,4)=0.003046203749999008;
A(25,4)=0.;
A(26,4)=0.;
A(27,4)=0.;
A(28,4)=0.;
A(29,4)=0.;
A(30,4)=0.;
A(31,4)=0.;
A(32,4)=0.;
A(33,4)=0.;
A(34,4)=0.;
A(35,4)=0.;
A(36,4)=0.;
A(37,4)=0.;
A(38,4)=0.;
A(39,4)=0.;
A(40,4)=0.;
A(41,4)=0.;
A(42,4)=0.;
A(43,4)=0.;
A(44,4)=0.;
A(45,4)=0.;
A(46,4)=0.;
A(47,4)=0.;
A(48,4)=0.;
A(49,4)=0.;
A(50,4)=0.;
A(51,4)=0.;
A(52,4)=0.;
A(53,4)=0.;
A(54,4)=0.;
A(55,4)=0.;
A(56,4)=0.;
A(57,4)=0.;
A(58,4)=0.;
A(59,4)=0.;
A(60,4)=0.;
A(61,4)=0.;
A(62,4)=0.;
A(63,4)=0.;
A(64,4)=0.;
A(65,4)=0.;
A(66,4)=0.;
A(67,4)=0.;
B(4)=0.;
A(2,5)=-0.00010379386987010066;
A(3,5)=0.00018819714437979984;
A(4,5)=-0.00036758528586712074;
A(5,5)=0.0020813471914977255;
A(6,5)=0.004532314338397418;
A(7,5)=0.00396512285494512;
A(8,5)=0.004294631753548328;
A(9,5)=0.004065045841966182;
A(10,5)=0.004239387505778524;
A(11,5)=0.004100075711786718;
A(12,5)=0.004215244745387297;
A(13,5)=0.0041176791875486;
A(14,5)=0.004201875352987827;
A(15,5)=0.004128152090507924;
A(16,5)=0.004193469067062475;
A(17,5)=0.004135033967793858;
A(18,5)=0.004187742423078988;
A(19,5)=0.004139865210317334;
A(20,5)=0.004183616235912237;
A(21,5)=0.004143398657489132;
A(22,5)=0.00418026471775378;
A(23,5)=0.0041435515864321325;
A(24,5)=0.004152726414769908;
A(25,5)=0.;
A(26,5)=0.;
A(27,5)=0.;
A(28,5)=0.;
A(29,5)=0.;
A(30,5)=0.;
A(31,5)=0.;
A(32,5)=0.;
A(33,5)=0.;
A(34,5)=0.;
A(35,5)=0.;
A(36,5)=0.;
A(37,5)=0.;
A(38,5)=0.;
A(39,5)=0.;
A(40,5)=0.;
A(41,5)=0.;
A(42,5)=0.;
A(43,5)=0.;
A(44,5)=0.;
A(45,5)=0.;
A(46,5)=0.;
A(47,5)=0.;
A(48,5)=0.;
A(49,5)=0.;
A(50,5)=0.;
A(51,5)=0.;
A(52,5)=0.;
A(53,5)=0.;
A(54,5)=0.;
A(55,5)=0.;
A(56,5)=0.;
A(57,5)=0.;
A(58,5)=0.;
A(59,5)=0.;
A(60,5)=0.;
A(61,5)=0.;
A(62,5)=0.;
A(63,5)=0.;
A(64,5)=0.;
A(65,5)=0.;
A(66,5)=0.;
A(67,5)=0.;
B(5)=0.;
A(2,6)=0.00009150917759081507;
A(3,6)=-0.00015430999860246975;
A(4,6)=0.0002458718221332336;
A(5,6)=-0.00046670125213016123;
A(6,6)=0.0026280164969264387;
A(7,6)=0.005723989910327875;
A(8,6)=0.005004686825168148;
A(9,6)=0.0054248073433596595;
A(10,6)=0.005130428630165593;
A(11,6)=0.0053552044278903175;
A(12,6)=0.005174661672985258;
A(13,6)=0.005324631641881385;
A(14,6)=0.005197025092357151;
A(15,6)=0.0053075898635251825;
A(16,6)=0.005210420428856027;
A(17,6)=0.005296801362926793;
A(18,6)=0.005219281780779706;
A(19,6)=0.005289403544133799;
A(20,6)=0.005225538332120348;
A(21,6)=0.0052839995992863854;
A(22,6)=0.0052297090492447115;
A(23,6)=0.0052754319642210334;
A(24,6)=0.005192417447246153;
A(25,6)=0.;
A(26,6)=0.;
A(27,6)=0.;
A(28,6)=0.;
A(29,6)=0.;
A(30,6)=0.;
A(31,6)=0.;
A(32,6)=0.;
A(33,6)=0.;
A(34,6)=0.;
