tc(2)=0.06943184420297371;
tc(3)=0.33000947820757187;
tc(4)=0.6699905217924281;
tc(5)=0.9305681557970263;
A(2,2)=0.0869637112843634643432659873055;
A(3,2)=0.188118117499868071650685545087;
A(4,2)=0.167191921974188773171133305525;
A(5,2)=0.177482572254522611843442956461;
B(2)=0.173927422568726928686531974611;
A(2,3)=-0.026604180084998793313385130477;
A(3,3)=0.163036288715636535656734012695;
A(4,3)=0.353953006033743966537619131808;
A(5,3)=0.313445114741868346798411144814;
B(3)=0.326072577431273071313468025389;
A(2,4)=0.0126274626894047245150568805746;
A(3,4)=-0.027880428602470895224151106419;
A(4,4)=0.163036288715636535656734012695;
A(5,4)=0.352676757516271864626853155866;
B(4)=0.326072577431273071313468025389;
A(2,5)=-0.00355514968579568315691098184957;
A(3,5)=0.0067355005945381555153986690857;
A(4,5)=-0.0141906949311411429641535704762;
A(5,5)=0.0869637112843634643432659873055;
B(5)=0.173927422568726928686531974611;
