nodegauss(2)=0.004217415789534527;
nodegauss(3)=0.022088025214301123;
nodegauss(4)=0.05369876675122213;
nodegauss(5)=0.09814752051373844;
nodegauss(6)=0.1541564784698234;
nodegauss(7)=0.22011458446302623;
nodegauss(8)=0.2941244192685787;
nodegauss(9)=0.37405688715424723;
nodegauss(10)=0.45761249347913235;
nodegauss(11)=0.5423875065208676;
nodegauss(12)=0.6259431128457528;
nodegauss(13)=0.7058755807314213;
nodegauss(14)=0.7798854155369738;
nodegauss(15)=0.8458435215301766;
nodegauss(16)=0.9018524794862616;
nodegauss(17)=0.9463012332487779;
nodegauss(18)=0.9779119747856989;
nodegauss(19)=0.9957825842104655;
tc=nodegauss;
A(2,2)=0.00540400338162082757833567756661;
A(3,2)=0.0116933743945035425412458071453;
A(4,2)=0.0103743164205452585991947513054;
A(5,2)=0.0110774068671517078180683996373;
A(6,2)=0.0106200042981197216398959423461;
A(7,2)=0.0109486705350730881028481421645;
A(8,2)=0.010697783797573070126720700514;
A(9,2)=0.0108972333260940873267434228552;
A(10,2)=0.0107340487414238351346281315271;
A(11,2)=0.0108703772920735544220529763637;
A(12,2)=0.0107547609419068784587038085078;
A(13,2)=0.0108538153623729059801802017572;
A(14,2)=0.0107684752872048772250251528715;
A(15,2)=0.0108420323995479646220580543298;
A(16,2)=0.010779037962754715194519439961;
A(17,2)=0.0108320455632495769452305453862;
A(18,2)=0.0107892035277474568113675138741;
A(19,2)=0.0108203545329480619727389089901;
B(2)=0.0108080067632416551566713551332;
A(2,3)=-0.00203625207490113725697150103555;
A(3,3)=0.0124286372237424491133337365507;
A(4,3)=0.0270209188921270574159316176268;
A(5,3)=0.023733721894105316334730358317;
A(6,3)=0.0255865310130771195815926027757;
A(7,3)=0.0243313938038943752199556637487;
A(8,3)=0.0252606508923152965849424168513;
A(9,3)=0.0245350948915653499599641416704;
A(10,3)=0.0251219367134111036207682761532;
A(11,3)=0.0246354700778905515529232204723;
A(12,3)=0.0250457801617209128760840383055;
A(13,3)=0.0246956324404811765479515964006;
A(14,3)=0.0249964259206641226174724218145;
A(15,3)=0.0247377211074393103791198596911;
A(16,3)=0.0249589243159911417628666137495;
A(17,3)=0.0247730033776034525184694776444;
A(18,3)=0.024923150736888675900570719637;
A(19,3)=0.0248140289910914391662942410013;
B(3)=0.0248572744474848982266674731013;
A(2,4)=0.00153335864193722791736073303529;
A(3,4)=-0.0033261512046112946538519850598;
A(4,4)=0.0191064325637222641322824194042;
A(5,4)=0.0415869459438825457181707087151;
A(6,4)=0.0364260829705680646048563323616;
A(7,4)=0.0393938366478164279343446375216;
A(8,4)=0.0373480040733390523286859730267;
A(9,4)=0.0388847259234850294012708252265;
A(10,4)=0.0376707739021510534172507364169;
A(11,4)=0.0386616400668705780009067975635;
A(12,4)=0.0378347569438595873988035714967;
A(13,4)=0.038535055321940817020392106408;
A(14,4)=0.03793678588863927685112374254;
A(15,4)=0.0384492510808826401335281058611;
A(16,4)=0.0380123804203513732222441658064;
A(17,4)=0.0383787801879283561969188302958;
A(18,4)=0.0380833159673252873185028677099;
A(19,4)=0.0382978568787129012513201728714;
B(4)=0.0382128651274445282645648388083;
A(2,5)=-0.00125803942238516055823799321313;
A(3,5)=0.00228129780758100598233107354131;
A(4,5)=-0.00445643912665493941583727990649;
A(5,5)=0.0252355110265717913907034962312;
A(6,5)=0.054951828825208698846055274369;
A(7,5)=0.0480772839051623214159025211091;
A(8,5)=0.0520674883410807791264074313714;
A(9,5)=0.049292305330163738452471376821;
A(10,5)=0.0513930037748255353571551892482;
A(11,5)=0.0497231525218582504689829079274;
A(12,5)=0.0510923330000500261598082080624;
A(13,5)=0.0499468698582720918328461232633;
A(14,5)=0.0509169055809801607857137346452;
A(15,5)=0.0500912695013737055151320035139;
A(16,5)=0.050791860275559437145434578596;
A(17,5)=0.0502062246337595696324552155235;
A(18,5)=0.0506774152667646707841637673682;
A(19,5)=0.0503357441059459499281419087126;
B(5)=0.0504710220531435827814069924624;
A(2,6)=0.00106590796434584528166249216348;
A(3,6)=-0.00179774716111123302706426770675;
A(4,6)=0.00286525828217870287624240913617;
A(5,6)=-0.00544021279781503185086907972215;
A(6,6)=0.0306388016778696150461297817001;
A(7,6)=0.0667319509583103363629214826446;
A(8,6)=0.0583505625331058448746977266365;
A(9,6)=0.0632393022175133740619414390141;
A(10,6)=0.0598227775218879425503495329403;
A(11,6)=0.062419566351630338487059795118;
A(12,6)=0.0603492749881218886538428490472;
A(13,6)=0.0620490781557539063027765272653;
A(14,6)=0.0606283093543476984631319765131;
A(15,6)=0.0618263539799284923501942387841;
A(16,6)=0.0608165402487511880930299971082;
A(17,6)=0.0616566684859078024974099795794;
A(18,6)=0.0609828831052691067038517439452;
A(19,6)=0.0614705167662485433494013071974;
B(6)=0.0612776033557392300922595634001;
A(2,7)=-0.000915217916324029703406344133853;
A(3,7)=0.00148772116266617305657237751489;
A(4,7)=-0.00217329001913603978559793122496;
A(5,7)=0.00333520400811301664350426009437;
A(6,7)=-0.0062593451966380503444581234263;
A(7,7)=0.035160728667662662801182825938;
A(8,7)=0.0765894600278567640383642488256;
A(9,7)=0.0669494044802847168610604455775;
A(10,7)=0.0725873883786971351665073564429;
A(11,7)=0.0686373368377138406538988620221;
A(12,7)=0.0716449953901556343343166994277;
A(13,7)=0.0692459175382500562608483163127;
A(14,7)=0.0712127690844078464646433477502;
A(15,7)=0.0695763351713289945267950137131;
A(16,7)=0.0709427084652562541153251763044;
A(17,7)=0.0698134008379110762744441428652;
A(18,7)=0.0707151181288686254110518736822;
A(19,7)=0.0700642488540189229393999304582;
B(7)=0.070321457335325325602365651876;
A(2,8)=0.00078875800179388488542036324424;
A(3,8)=-0.00125508841393693860843041164607;
A(4,8)=0.00175046742422335859192393236364;
A(5,8)=-0.00244644212712370322611759182709;
A(6,8)=0.00369440328876663958047238154432;
A(7,8)=-0.00689379882701698504559752673084;
A(8,8)=0.0386711687815663112313545009591;
A(9,8)=0.0842413914727511432343911570333;
A(10,8)=0.0736258843983018011142253187432;
A(11,8)=0.0798427182897030265409905580595;
A(12,8)=0.0754829982496279353521162498985;
A(13,8)=0.0788024094480241868916200344932;
A(14,8)=0.076159416087951652969424486134;
A(15,8)=0.0783160646858758600327427725117;
A(16,8)=0.0765391210967111197650035411101;
A(17,8)=0.0779944462887975426523204410116;
A(18,8)=0.0768393954285685073576389736258;
A(19,8)=0.0776701449206699142484626051208;
B(8)=0.0773423375631326224627090019182;
A(2,9)=-0.000678100334465730864258364262961;
A(3,9)=0.00106460836430545329668317938358;
A(4,9)=-0.0014441593004359816740792794737;
A(5,9)=0.00191828331096258278171611399772;
A(6,9)=-0.00262951693222737561601745037586;
A(7,9)=0.00393869102704798683952570749008;
A(8,9)=-0.00732685585381967139638738270002;
A(9,9)=0.0410691209364581807465134441165;
A(10,9)=0.0894679452831716467669341495841;
A(11,9)=0.0781876938631323468460948708778;
A(12,9)=0.0847963536712792581579850017716;
A(13,9)=0.0801636071893989880121873440543;
A(14,9)=0.0836841866384986033963380334571;
A(15,9)=0.0808938841333654860524180798176;
A(16,9)=0.0831493842425231511786874352365;
A(17,9)=0.0813255014166891298362813159765;
A(18,9)=0.0827611391251093216237965351443;
A(19,9)=0.0817335864866528701567624271339;
B(9)=0.082138241872916361493026888233;
A(2,10)=0.000578711520243084904726962349925;
A(3,10)=-0.000900452831901549106421576937045;
A(4,10)=0.00119973471399945313220675332915;
A(5,10)=-0.00154490813847145184629132082957;
A(6,10)=0.00200785193005514419558436206019;
A(7,10)=-0.00272509267319706536678290656652;
A(8,10)=0.00406381397483159422947533179694;
A(9,10)=-0.00754681055349231444178848399581;
A(10,10)=0.0422855957407858979601641175337;
A(11,10)=0.0921189056746511147362037466535;
A(12,10)=0.0805036275238539390053937692403;
A(13,10)=0.0873052719847762353134245942435;
A(14,10)=0.0825458057390326767953634258564;
A(15,10)=0.0861472513452337278595685157768;
A(16,10)=0.083318032445739951127713124249;
A(17,10)=0.0855644023075004969217677398412;
A(18,10)=0.0838165528403948342740518842642;
A(19,10)=0.0850592324360416825371185265813;
B(10)=0.0845711914815717959203282350675;
A(2,11)=-0.00048804095446988661679029151384;
