nodegauss(2)=0.001084768757957082;
nodegauss(3)=0.005706760548893881;
nodegauss(4)=0.013986154475151025;
nodegauss(5)=0.025863507800246228;
nodegauss(6)=0.04125111274217047;
nodegauss(7)=0.060035099554801435;
nodegauss(8)=0.08207641650376235;
nodegauss(9)=0.10721188493389675;
nodegauss(10)=0.1352554142032217;
nodegauss(11)=0.16599938170723946;
nodegauss(12)=0.19921617093200975;
nodegauss(13)=0.23465985703687742;
nodegauss(14)=0.27206802778328987;
nodegauss(15)=0.3111637264401554;
nodegauss(16)=0.35165750232798587;
nodegauss(17)=0.39324955384156723;
nodegauss(18)=0.4356319480953076;
nodegauss(19)=0.4784909007631457;
nodegauss(20)=0.5215090992368543;
nodegauss(21)=0.5643680519046924;
nodegauss(22)=0.6067504461584328;
nodegauss(23)=0.6483424976720141;
nodegauss(24)=0.6888362735598446;
nodegauss(25)=0.7279319722167101;
nodegauss(26)=0.7653401429631226;
nodegauss(27)=0.8007838290679903;
nodegauss(28)=0.8340006182927605;
nodegauss(29)=0.8647445857967783;
nodegauss(30)=0.8927881150661032;
nodegauss(31)=0.9179235834962377;
nodegauss(32)=0.9399649004451985;
nodegauss(33)=0.9587488872578296;
nodegauss(34)=0.9741364921997537;
nodegauss(35)=0.9860138455248489;
nodegauss(36)=0.9942932394511061;
nodegauss(37)=0.998915231242043;
tc=nodegauss;
A(2,2)=0.00139142991606126134031399609764;
A(3,2)=0.00301082815173523883246218824091;
A(4,2)=0.00267118313473566025901375849931;
A(5,2)=0.00285224712735016501396873429659;
A(6,2)=0.002734411890788088144453869604;
A(7,2)=0.00281914622664317929707702342288;
A(8,2)=0.00275437401237059339572015464563;
A(9,2)=0.00280598917772150551020639502439;
A(10,2)=0.00276359690936428906073600724508;
A(11,2)=0.00279922314947980284256002905388;
A(12,2)=0.00276873791506653230544616855435;
A(13,2)=0.00279520590199714174742327150564;
A(14,2)=0.00277194993191657064319266339171;
A(15,2)=0.00279258784832478400050304490901;
A(16,2)=0.00277411919852367566235146020697;
A(17,2)=0.00279076458480510800144301132994;
A(18,2)=0.00277567111951989234777049042087;
A(19,2)=0.00278942854524932597591165615517;
A(20,2)=0.00277683330648756478786034888885;
A(21,2)=0.00278840777833840051917648536108;
A(22,2)=0.00277773810737845991763044761951;
A(23,2)=0.00278759863858061153178605887951;
A(24,2)=0.00277846804950551545011693518089;
A(25,2)=0.00278693431497210161239104482658;
A(26,2)=0.00277907816832961142807574559807;
A(27,2)=0.00278636859410618844306271227728;
A(28,2)=0.00277960814549124211890252879064;
A(29,2)=0.00278586646329126632219930619883;
A(30,2)=0.00278008995088902606273068327627;
A(31,2)=0.00278539742097433309866849397151;
A(32,2)=0.00278055437056451819238684832042;
A(33,2)=0.00278492809435020330784840783597;
A(34,2)=0.00278104096077889477142706272006;
A(35,2)=0.00278440603865000985450786605037;
A(36,2)=0.0027816303847117946148209023678;
A(37,2)=0.00278367449594932790233750446558;
B(2)=0.00278285983212252268062799219527;
A(2,3)=-0.00052902894435561674224588993075;
A(3,3)=0.00322898682101639360112585287445;
A(4,3)=0.00702011467707566805485545829972;
A(5,3)=0.0061660098601306340846024471872;
A(6,3)=0.0066475631824022244198536662863;
A(7,3)=0.00632112783257511412360871211867;
A(8,3)=0.00656312176263215193193606859241;
A(9,3)=0.00637374817771503091021523442346;
A(10,3)=0.00652748190296598162999694869696;
A(11,3)=0.00639930731256666767150929989447;
A(12,3)=0.00650836610721432829708498685175;
A(13,3)=0.00641407411470556318823672647322;
A(14,3)=0.00649666046060021125189590610992;
A(15,3)=0.00642355207274834821555675994488;
A(16,3)=0.00648884815322340896077668628627;
A(17,3)=0.00643009079958966266290912998988;
A(18,3)=0.00648330157407454960115099273142;
A(19,3)=0.00643485227771493362378327075768;
A(20,3)=0.00647916954860289556306753346377;
A(21,3)=0.00643847415265409030388349583235;
A(22,3)=0.00647596473012904680129674149448;
A(23,3)=0.00644133580627974064008545623199;
A(24,3)=0.00647338659268090356828814926522;
A(25,3)=0.00644367943092432050135296344347;
A(26,3)=0.00647123644170344890543861880754;
A(27,3)=0.00644567124896048014795602734653;
A(28,3)=0.00646937204762331764940850958893;
A(29,3)=0.00644743633474249603944207020156;
A(30,3)=0.00646767957801442247854430762449;
A(31,3)=0.00644908294694795229914457072178;
A(32,3)=0.00646605009857315964893830023728;
A(33,3)=0.00645072883917828979594244320921;
A(34,3)=0.00646434438012794632255984108177;
A(35,3)=0.00645255824434019308776219526328;
A(36,3)=0.00646227946126362683498345584863;
A(37,3)=0.00645512055583667377206442120274;
B(3)=0.0064579736420327872022517057489;
A(2,4)=0.000404944034675748135758677039521;
A(3,4)=-0.00087836049874552536455096469483;
A(4,4)=0.00504537882443386788302473223956;
A(5,4)=0.0109818140009396812339811124574;
A(6,4)=0.00961873414206026234441599283048;
A(7,4)=0.0104029844686657841842751631637;
A(8,4)=0.00986175740594647708755080977246;
A(9,4)=0.0102691260203032724444471639275;
A(10,4)=0.0099462186807553058124318206667;
A(11,4)=0.010211224909926965484041177202;
A(12,4)=0.00998821420585197185691432829408;
A(13,4)=0.0101794875724718669304982832046;
A(14,4)=0.0100129663901642687886761620953;
A(15,4)=0.010159693517340542013674572511;
A(16,4)=0.0100291238776996154470923870107;
A(17,4)=0.0101462747813464553703143282593;
A(18,4)=0.0100404348021000589901412769718;
A(19,4)=0.0101366154509778169973768015428;
A(20,4)=0.0100487806239760871286099167915;
A(21,4)=0.010129327104264129584772552424;
A(22,4)=0.010055209238414676716434406215;
A(23,4)=0.010123602662589535855545568911;
A(24,4)=0.0100603540964364338959687528284;
A(25,4)=0.0101189357570768781493793664365;
A(26,4)=0.0100646276104867402009776744413;
A(27,4)=0.0101149836688937885288399962552;
A(28,4)=0.0100683212014340324208648118052;
A(29,4)=0.0101114916602412118917764938076;
A(30,4)=0.0100716653594969206040036589546;
A(31,4)=0.0101082417766316119368771764429;
A(32,4)=0.0100748781936975956580088401283;
A(33,4)=0.0101049994537611760110486126726;
A(34,4)=0.0100782358150722807809475035956;
A(35,4)=0.0101014006304322410206163635708;
A(36,4)=0.010082295944203514822735208507;
A(37,4)=0.0100963642536862293640066680414;
B(4)=0.0100907576488677357660494644791;
A(2,5)=-0.000340329305731532749735905251806;
A(3,5)=0.00061708278906266698022229294428;
A(4,5)=-0.0012052915616220799174570826659;
A(5,5)=0.006824655374642194773604295217;
A(6,5)=0.014861269441541068059536662559;
A(7,5)=0.0130015076589297298360744096931;
A(8,5)=0.0140818808205472365785222159321;
A(9,5)=0.0133291998393606122255102846863;
A(10,5)=0.0139006753196874074087561317138;
A(11,5)=0.0134441377378375467960775920828;
A(12,5)=0.0138214197464287563454028906975;
A(13,5)=0.0135019690220659018003302773848;
A(14,5)=0.0137774522064265104133916394138;
A(15,5)=0.0135364608436749820606388243589;
A(16,5)=0.013749712605941825470652961784;
A(17,5)=0.0135592288021624991230622037039;
A(18,5)=0.0137307027143660739695399439415;
A(19,5)=0.0135753365584293165501054830546;
A(20,5)=0.0137168757209844209313361669554;
A(21,5)=0.0135873452868651369096294879674;
A(22,5)=0.0137063332876456524258049118133;
A(23,5)=0.0135966947922144384640149670902;
A(24,5)=0.013697960223528952157626095563;
A(25,5)=0.0136042662285140922775227183113;
A(26,5)=0.0136910463115578792127540425598;
A(27,5)=0.013610644187072467773669931189;
A(28,5)=0.0136850988909417178477062246272;
A(29,5)=0.0136162556324642945538013509102;
A(30,5)=0.0136797348625748878765318804327;
A(31,5)=0.0136214598601292569521871165741;
A(32,5)=0.0136745975302141923852862776643;
A(33,5)=0.0136266376351997762546426763925;
A(34,5)=0.0136692415963931112079515010399;
A(35,5)=0.0136323730319620203744963686452;
A(36,5)=0.0136627756825255477742089847228;
A(37,5)=0.0136403895884355478017473069483;
B(5)=0.013649310749284389547208590434;
A(2,6)=0.000297821089997735373943668264848;
A(3,6)=-0.000502214860092527147047315947871;
A(4,6)=0.000800223506649168763154517232863;
A(5,6)=-0.00151896773836997561379255073994;
A(6,6)=0.00855345269257680748031126539068;
A(7,6)=0.0186299527042795701707631790888;
A(8,6)=0.0162888935116392705917756546124;
A(9,6)=0.0176561318351041390268433829072;
