nodegauss(2)=0.0008811451447203998;
nodegauss(3)=0.004636880650271497;
nodegauss(4)=0.011370025008112869;
nodegauss(5)=0.021041590393104173;
nodegauss(6)=0.03359359586066173;
nodegauss(7)=0.04895059651556285;
nodegauss(8)=0.06702024839387025;
nodegauss(9)=0.08769388458334416;
nodegauss(10)=0.1108471742867403;
nodegauss(11)=0.13634087240503645;
nodegauss(12)=0.16402165769291022;
nodegauss(13)=0.19372305516600988;
nodegauss(14)=0.2252664374524359;
nodegauss(15)=0.25846209915691065;
nodegauss(16)=0.2931103978141975;
nodegauss(17)=0.32900295458712076;
nodegauss(18)=0.36592390749637316;
nodegauss(19)=0.40365120964931445;
nodegauss(20)=0.4419579646623724;
nodegauss(21)=0.48061379124697456;
nodegauss(22)=0.5193862087530254;
nodegauss(23)=0.5580420353376276;
nodegauss(24)=0.5963487903506856;
nodegauss(25)=0.6340760925036268;
nodegauss(26)=0.6709970454128792;
nodegauss(27)=0.7068896021858025;
nodegauss(28)=0.7415379008430893;
nodegauss(29)=0.7747335625475641;
nodegauss(30)=0.8062769448339902;
nodegauss(31)=0.8359783423070898;
nodegauss(32)=0.8636591275949635;
nodegauss(33)=0.8891528257132597;
nodegauss(34)=0.9123061154166558;
nodegauss(35)=0.9329797516061298;
nodegauss(36)=0.9510494034844371;
nodegauss(37)=0.9664064041393383;
nodegauss(38)=0.9789584096068958;
nodegauss(39)=0.9886299749918871;
nodegauss(40)=0.9953631193497285;
nodegauss(41)=0.9991188548552796;
tc=nodegauss;
A(2,2)=0.00113031927463329781461793321955;
A(3,2)=0.00244582722143116071122800026841;
A(4,2)=0.00216991850777995508770563387063;
A(5,2)=0.002317005295195442603751777306;
A(6,2)=0.00222128140252609257414383605914;
A(7,2)=0.00229011683160110498867455899504;
A(8,2)=0.00223749636522116279298661350944;
A(9,2)=0.00227943026314610333866484266261;
A(10,2)=0.00224498667131754381749252346914;
A(11,2)=0.00227393620402641910427125228774;
A(12,2)=0.00224916017722143740142170301283;
A(13,2)=0.00227067610989023140282214566969;
A(14,2)=0.00225176554844345114213355718259;
A(15,2)=0.00226855391395886921766804833901;
A(16,2)=0.0022535224168200131300585289275;
A(17,2)=0.00226707897563154382033869302264;
A(18,2)=0.00225477596073587585550219868645;
A(19,2)=0.00226600190645176810185040789021;
A(20,2)=0.00225571053962702158712316664319;
A(21,2)=0.00226518365795111177337936531353;
A(22,2)=0.00225643291272223568452984585381;
A(23,2)=0.00226454093317527615979858221613;
A(24,2)=0.00225700903875410151473460795838;
A(25,2)=0.00226402077252296540145877168032;
A(26,2)=0.00225748201315722913881112116746;
A(27,2)=0.00226358763682394567511212246069;
A(28,2)=0.00225788155053072027286843306863;
A(29,2)=0.00226321630939095725967816592762;
A(30,2)=0.00225822941161969283343475979224;
A(31,2)=0.00226288763996000564370040319006;
A(32,2)=0.00225854285415920767067915353952;
A(33,2)=0.00226258561269148475689871760728;
A(34,2)=0.00225883729734599508129855079423;
A(35,2)=0.00226229468682368492177460764689;
A(36,2)=0.0022591293160484736790766446426;
A(37,2)=0.00226199592340822544773059488252;
A(38,2)=0.00225944243612484862830909577066;
A(39,2)=0.00226165691005009742421220023894;
A(40,2)=0.00225982796041759387507293815701;
A(41,2)=0.0022611759790725510250753162617;
B(2)=0.00226063854926659562923586643909;
A(2,3)=-0.000430003145120372208368017365637;
A(3,3)=0.00262457113278820340368554276682;
A(4,3)=0.00570605972983635355088181681843;
A(5,3)=0.00501182833692463486543408308025;
A(6,3)=0.00540324600222342157238666170922;
A(7,3)=0.0051379077750891455289819309898;
A(8,3)=0.00533461461794157074296734365964;
A(9,3)=0.00518067331023146767683338529373;
A(10,3)=0.00530565241559435095729157590252;
A(11,3)=0.00520144025237486936053991671356;
A(12,3)=0.00529012438825208659356164603028;
A(13,3)=0.00521343148116359771170638072357;
A(14,3)=0.00528062341021991675798620708109;
A(15,3)=0.00522111940417259154322415476039;
A(16,3)=0.00527429200688007707715353182008;
A(17,3)=0.00522641262427849781110312266907;
A(18,3)=0.00526980861734516330746756419433;
A(19,3)=0.00523025400571229435458294583156;
A(20,3)=0.00526648328174020414542922241102;
A(21,3)=0.00523315961318449053446870165917;
A(22,3)=0.0052639225131183979335254443683;
A(23,3)=0.00523543466638971803079437562645;
A(24,3)=0.00526188582853363932822678872861;
A(25,3)=0.0052372714202639453202610225078;
A(26,3)=0.00526021737464754692084039940266;
A(27,3)=0.00523879796807711286436327006984;
A(28,3)=0.00525881037766718317237230407338;
A(29,3)=0.00524010466769116567883542481635;
A(30,3)=0.00525758706744126650012229629089;
A(31,3)=0.00524125978894647889643591399606;
A(32,3)=0.00525648606951635613245146351269;
A(33,3)=0.00524232015519912714967073405882;
A(34,3)=0.00525545280363351117479886336434;
A(35,3)=0.00524334065474456677910387942628;
A(36,3)=0.00525442885057836936664616251677;
A(37,3)=0.00524438791617218451251792747957;
A(38,3)=0.00525333157151480864745913863428;
A(39,3)=0.00524557565961385003637965242556;
A(40,3)=0.00525198111851029066121087384285;
A(41,3)=0.00524726009994286029093728619612;
B(3)=0.00524914226557640680737108553364;
A(2,4)=0.000329490775547583671779762414664;
A(3,4)=-0.000714694704078665970239839607755;
A(4,4)=0.00410526459547697217821587122059;
A(5,4)=0.00893555483771000742089281441213;
A(6,4)=0.00782645504528880327379642101927;
A(7,4)=0.00846458503609518617421383096801;
A(8,4)=0.00802418788339350591651198137759;
A(9,4)=0.00835567846946839408713663348578;
A(10,4)=0.00809289892623277757084560018832;
A(11,4)=0.00830858151450631000530833238306;
A(12,4)=0.00812705073733299784870647882568;
A(13,4)=0.00828278013127565977031471505131;
A(14,4)=0.00814716441222677860318260034785;
A(15,4)=0.00826670534767142184613762584953;
A(16,4)=0.00816027503322421625024599027486;
A(17,4)=0.00825582904032229406953886296303;
A(18,4)=0.00816942961695655772894398730731;
A(19,4)=0.00824802588993381330808391678165;
A(20,4)=0.00817615534096458288893019109576;
A(21,4)=0.00824217054888787183334971053205;
A(22,4)=0.00818129966524493685093577871281;
A(23,4)=0.00823761250899169264765683586903;
A(24,4)=0.00818537056037506929208363890028;
A(25,4)=0.00823394880349953058490135281682;
A(26,4)=0.00818869248503609717420319655145;
A(27,4)=0.00823091437043442629215503836512;
A(28,4)=0.00819148518335087426421815794345;
A(29,4)=0.00822832417973895472735468055228;
A(30,4)=0.00819390716389080275609466026519;
A(31,4)=0.00822603970658453244867483343918;
A(32,4)=0.00819608242224117849736955124025;
A(33,4)=0.00822394663541759298351140336818;
A(34,4)=0.00819812030680198873294364812878;
A(35,4)=0.00822193544025467805566649765957;
A(36,4)=0.0082001369532149257774199467561;
A(37,4)=0.00821987410677132716959874404494;
A(38,4)=0.00820229564274046816095626740529;
A(39,4)=0.00821753842333377986402097420253;
A(40,4)=0.00820495042762717307835729679085;
A(41,4)=0.00821422782775838919525441309782;
B(4)=0.00821052919095394435643174244118;
A(2,5)=-0.00027733892485949539484635075372;
A(3,5)=0.000502867859296141855496344647241;
A(4,5)=-0.000982202902183751246296900701435;
A(5,5)=0.00556146229854173931537608104605;
A(6,5)=0.0121105619704310190385405119327;
A(7,5)=0.0105950170090849082383066622401;
A(8,5)=0.0114754437531625245017347856561;
A(9,5)=0.0108620407298737493044311260981;
A(10,5)=0.0113277972750269030641295741652;
A(11,5)=0.0109556805947107588999606816674;
A(12,5)=0.0112632404036573271397585720985;
A(13,5)=0.0110027728326831707056044860712;
A(14,5)=0.0112274523587103186852852653403;
A(15,5)=0.0110308317145528687809406601628;
A(16,5)=0.0112049041680319742511437611995;
A(17,5)=0.0110493191490639760056969294902;
A(18,5)=0.0111894897863662823412258981798;
A(19,5)=0.0110623565217231595048435972096;
A(20,5)=0.011178324782796014462008269398;
A(21,5)=0.0110720240088508708904381968749;
A(22,5)=0.0111698704252515325414929625274;
A(23,5)=0.0110794850745429855879568150454;
A(24,5)=0.011163229792840239740435237852;
A(25,5)=0.0110854433679828182526130369766;
A(26,5)=0.0111578418176547656798721889293;
A(27,5)=0.0110903532941610624994196235279;
A(28,5)=0.0111533327177652943887812870774;
A(29,5)=0.011094527335603046181909115312;
