nodegauss(2)=0.0034357004074525377;
nodegauss(3)=0.018014036361043106;
nodegauss(4)=0.04388278587433705;
nodegauss(5)=0.0804415140888906;
nodegauss(6)=0.1268340467699246;
nodegauss(7)=0.1819731596367425;
nodegauss(8)=0.24456649902458646;
nodegauss(9)=0.3131469556422902;
nodegauss(10)=0.38610707442917747;
nodegauss(11)=0.46173673943325133;
nodegauss(12)=0.5382632605667487;
nodegauss(13)=0.6138929255708225;
nodegauss(14)=0.6868530443577098;
nodegauss(15)=0.7554335009754135;
nodegauss(16)=0.8180268403632576;
nodegauss(17)=0.8731659532300754;
nodegauss(18)=0.9195584859111094;
nodegauss(19)=0.956117214125663;
nodegauss(20)=0.9819859636389568;
nodegauss(21)=0.9965642995925474;
tc=nodegauss;
A(2,2)=0.00440350178478802957796549058796;
A(3,2)=0.00952845659576615571146302522954;
A(4,2)=0.00845359607220764339615897535298;
A(5,2)=0.00902655184491254679082461818341;
A(6,2)=0.00865376069338487451293709273747;
A(7,2)=0.00892170434398250957564732553469;
A(8,2)=0.00871706289895691632920893452227;
A(9,2)=0.00887989590240464974139847287225;
A(10,2)=0.00874647186027401205479909175522;
A(11,2)=0.00885820051336611711480376645964;
A(12,2)=0.00876309984388243031128531594594;
A(13,2)=0.00884503596447143319948577510349;
A(14,2)=0.00877383227839370620081189066735;
A(15,2)=0.00883603553742523703359924149812;
A(16,2)=0.00878160409623081370877697182047;
A(17,2)=0.00882910325795247002240650747075;
A(18,2)=0.00878803084039835890096441810604;
A(19,2)=0.00882284435196122175917376260508;
A(20,2)=0.00879456153084549197971298880468;
A(21,2)=0.00881519252222717491594058889925;
B(2)=0.00880700356957605915593098117593;
A(2,3)=-0.00166299605568026076387465137319;
A(3,3)=0.0101503574500967353327599880687;
A(4,3)=0.0220677686460557530998645955163;
A(5,3)=0.0193830479576380386744588509586;
A(6,3)=0.0208964389574964978050361105945;
A(7,3)=0.0198709758835421045451205710674;
A(8,3)=0.0206305600540010381315446767746;
A(9,3)=0.0200369728148668841960201951529;
A(10,3)=0.020517763700228403852452636707;
A(11,3)=0.0201182953115261805914177502114;
A(12,3)=0.0204564335197701557533981041253;
A(13,3)=0.0201662781777958443448336114851;
A(14,3)=0.0204176684097929791981148150836;
A(15,3)=0.0201985556055924823161059025112;
A(16,3)=0.0203899582173265422118994244999;
A(17,3)=0.020223154191788569585449054686;
A(18,3)=0.0203672444884548380381398857437;
A(19,3)=0.0202452018544579120588553694327;
A(20,3)=0.0203442995308305823047437692552;
A(21,3)=0.0202720351932930489335046945333;
B(3)=0.0203007149001934706655199761375;
A(2,4)=0.00125745218460130843716828840608;
A(3,4)=-0.0027276102914137770898186665021;
A(4,4)=0.0156680120835272658923766337968;
A(5,4)=0.0341029834907293091559849816356;
A(6,4)=0.0298705727277119313017591475261;
A(7,4)=0.0323048945023769608722209105808;
A(8,4)=0.0306260838270677701173240441024;
A(9,4)=0.0318880978355339305586117140378;
A(10,4)=0.0308898273085270975617202722844;
A(11,4)=0.0317064167480208781578222818752;
A(12,4)=0.0310226251654123359424298759387;
A(13,4)=0.0316048448146495320861111220958;
A(14,4)=0.0311032940074217889773245627954;
A(15,4)=0.031538568975885483527372810375;
A(16,4)=0.0311595818825750838250966034949;
A(17,4)=0.0314890433253050437449453483703;
A(18,4)=0.0312049761779528772645341823713;
A(19,4)=0.0314452477152041632483406699527;
A(20,4)=0.0312503346654134004367021983193;
A(21,4)=0.0313923869396735057026863950417;
B(4)=0.0313360241670545317847532675935;
A(2,5)=-0.00103799577486080201461143588248;
A(3,5)=0.00188220742974783532707016129868;
A(4,5)=-0.00367665271322416637449923188668;
A(5,5)=0.0208191853941761871811895358055;
A(6,5)=0.0453352151457014320703789955812;
A(7,5)=0.0396630417332775732857540991022;
A(8,5)=0.0429563962535313193755400754979;
A(9,5)=0.040664374496087832613411168578;
A(10,5)=0.0424013918158347505234183337892;
A(11,5)=0.0410178787416722687714205234222;
A(12,5)=0.0421559400367102288541251012542;
A(13,5)=0.0411989619064214445340012702535;
A(14,5)=0.0420159110640729353940403154921;
A(15,5)=0.041311663121501224076069402974;
A(16,5)=0.0419217525845467945879921410972;
A(17,5)=0.0413934049685167169230634876098;
A(18,5)=0.0418476582762142709067928216526;
A(19,5)=0.0414642381436941686989247066216;
A(20,5)=0.0417748282322425316358941788619;
A(21,5)=0.0415486701851759295491302225809;
B(5)=0.041638370788352374362379071611;
A(2,6)=0.000886797910771023561974550352613;
A(3,6)=-0.00149556862498304101174487270499;
A(4,6)=0.00238341724531193582325637241906;
A(5,6)=-0.0045249103309739437588102536537;
A(6,6)=0.0254825299543101087591875338701;
A(7,6)=0.0555018794998284335397627632981;
A(8,6)=0.0485296351899750082184898191384;
A(9,6)=0.0525984267403558496198730438782;
A(10,6)=0.0497521333615333721444961068609;
A(11,6)=0.0519193037385285755393479357297;
A(12,6)=0.0501864415048663985252837334506;
A(13,6)=0.0516159965101343321488885364407;
A(14,6)=0.0504119628418005118845491234076;
A(15,6)=0.0514397706062497045611180515397;
A(16,6)=0.050555821985059718049047464317;
A(17,6)=0.051317200921177891196967211344;
A(18,6)=0.0506652235450182840364355988323;
A(19,6)=0.0512139310010673300129896193239;
A(20,6)=0.0507703433102223386719094739038;
A(21,6)=0.0510929481209012345356634981708;
B(6)=0.0509650599086202175183750677402;
A(2,7)=-0.000769671786748617635610959644426;
A(3,7)=0.00125101017842054716788110699312;
A(4,7)=-0.00182721291004157893257334584585;
A(5,7)=0.00280358103252042554099794018977;
A(6,7)=-0.00526073420828065251230523612796;
A(7,7)=0.0295486329903796043280943444278;
A(8,7)=0.06436552336007633325749139143;
A(9,7)=0.0562617103063907128755234282536;
A(10,7)=0.0610046673387217180709532159513;
A(11,7)=0.0576768739879303294732835449372;
A(12,7)=0.0602172596954152370868767490516;
A(13,7)=0.0581821090390968493834911211775;
A(14,7)=0.0598625085638062592288466816948;
A(15,7)=0.0584480314030085611583205726625;
A(16,7)=0.0596522190337743112797257605639;
A(17,7)=0.0586227282786269714973452772553;
A(18,7)=0.0594994692626535056116149940859;
A(19,7)=0.0587645097714664698682931712469;
A(20,7)=0.0593570615631092721854988891365;
A(21,7)=0.0589268289620618914627044562934;
B(7)=0.0590972659807592086561886888557;
A(2,8)=0.000672428730241273345773204911859;
A(3,8)=-0.0010698357032629388738666474351;
A(4,8)=0.00149175077627261732837035674835;
A(5,8)=-0.00208424315918853020766440553726;
A(6,8)=0.003146447446730172049804577975;
A(7,8)=-0.00586972704886192175862390633289;
A(8,8)=0.032922159612294156724623624937;
A(9,8)=0.0717189046707647690480914953459;
A(10,8)=0.0626775309127586371392474530659;
A(11,8)=0.067978133262053657608993733956;
A(12,8)=0.064253069002273467287328553734;
A(13,8)=0.0671000249439839612358651924826;
A(14,8)=0.0648185159852216571844999845856;
A(15,8)=0.0667005357378955989092033614051;
A(16,8)=0.0651209624316873966407528054991;
A(17,8)=0.0664576218042396749884982307721;
A(18,8)=0.0653276841233108839992773338468;
A(19,8)=0.0662699132622636416253316226867;
A(20,8)=0.0655129708342219164472332306073;
A(21,8)=0.0660613726348290987344333073216;
B(8)=0.0658443192245883134492472498741;
A(2,9)=-0.000588038645167818627344012519835;
A(3,9)=0.000923039517885833556936910284046;
A(4,9)=-0.00125171463887440942777944879193;
A(5,9)=0.00166194162981079541404555666329;
A(6,9)=-0.00227700185475568545524370038206;
A(7,9)=0.00340896843869737405223241040933;
A(8,9)=-0.00633885918778200473694231647977;
A(9,9)=0.0355240273295955128323245812668;
A(10,9)=0.0773899629250734474044139456049;
A(11,9)=0.0676264311177946430229200144957;
A(12,9)=0.0733554056064167247747566081819;
A(13,9)=0.0693268026300304144422426035132;
A(14,9)=0.0724056372055146564070591967191;
A(15,9)=0.06994118127241476357820415392;
A(16,9)=0.0719680464044194554542092373422;
A(17,9)=0.0702770073827686529781912947894;
A(18,9)=0.0716922561886356860911774039619;
A(19,9)=0.0705203864070132767908137797078;
A(20,9)=0.0714573663205518240839063453486;
A(21,9)=0.0707804544827608484364882883038;
B(9)=0.0710480546591910256646491625336;
A(2,10)=0.000512642908654601302660145705053;
A(3,10)=-0.000797455111080777642846129177225;
