nodegauss(2)=0.0012141231045790404;
nodegauss(3)=0.006386091796845257;
nodegauss(4)=0.01564586873332786;
nodegauss(5)=0.028918801297446454;
nodegauss(6)=0.04609516114083777;
nodegauss(7)=0.06703268083271777;
nodegauss(8)=0.09155788604953317;
nodegauss(9)=0.11946756168506349;
nodegauss(10)=0.15053044339186855;
nodegauss(11)=0.18448913645973572;
nodegauss(12)=0.2210622496651267;
nodegauss(13)=0.2599467274048365;
nodegauss(14)=0.300820361120677;
nodegauss(15)=0.34334445933026836;
nodegauss(16)=0.38716665419177526;
nodegauss(17)=0.4319238213704085;
nodegauss(18)=0.47724508902344875;
nodegauss(19)=0.5227549109765512;
nodegauss(20)=0.5680761786295915;
nodegauss(21)=0.6128333458082248;
nodegauss(22)=0.6566555406697316;
nodegauss(23)=0.699179638879323;
nodegauss(24)=0.7400532725951635;
nodegauss(25)=0.7789377503348733;
nodegauss(26)=0.8155108635402643;
nodegauss(27)=0.8494695566081315;
nodegauss(28)=0.8805324383149365;
nodegauss(29)=0.9084421139504668;
nodegauss(30)=0.9329673191672823;
nodegauss(31)=0.9539048388591622;
nodegauss(32)=0.9710811987025535;
nodegauss(33)=0.9843541312666721;
nodegauss(34)=0.9936139082031548;
nodegauss(35)=0.998785876895421;
tc=nodegauss;
A(2,2)=0.00155728513897717117965161526786;
A(3,2)=0.00336971183955074929735448737203;
A(4,2)=0.0029895821655398181848213023058;
A(5,2)=0.00319222795103441313198028799741;
A(6,2)=0.00306034824341249665815411102286;
A(7,2)=0.00315518063140468669694748576822;
A(8,2)=0.00308269098061039788999365471863;
A(9,2)=0.00314045376364101350663888319195;
A(10,2)=0.00309301515396136877574182427601;
A(11,2)=0.00313287886042323448677128130018;
A(12,2)=0.00309877184641175900349019716246;
A(13,2)=0.00312837929759885366761299566956;
A(14,2)=0.00310237085237136881316217522545;
A(15,2)=0.00312544430863654140884282601215;
A(16,2)=0.00310480441006705694481625083126;
A(17,2)=0.00312339702311273941199106219108;
A(18,2)=0.00310654912968001083151690885356;
A(19,2)=0.00312189262286992425675775335423;
A(20,2)=0.0031078604591477887524161969519;
A(21,2)=0.00312073781107713430147558724114;
A(22,2)=0.00310888755317440017835822227792;
A(23,2)=0.00311981532377695576671263573483;
A(24,2)=0.00310972434306810404137511220683;
A(25,2)=0.00311904841921497438898033523959;
A(26,2)=0.00311043493064267880974355568368;
A(27,2)=0.00311838212539464999578251144932;
A(28,2)=0.00311106803255198989462366888591;
A(29,2)=0.00311777140319777335634996825101;
A(30,2)=0.00311166765109382668294384808986;
A(31,2)=0.00311717007016391331213873735344;
A(32,2)=0.00311228690945722373765569711031;
A(33,2)=0.00311650946055696674333523202316;
A(34,2)=0.00311302939107597828723486823801;
A(35,2)=0.00311559093216311909267758706279;
B(2)=0.00311457027795434235930323053572;
A(2,3)=-0.000591869304586745292894850263808;
A(3,3)=0.00361254068714875885380055258219;
A(4,3)=0.00785399567595578842258186128963;
A(5,3)=0.00689843801219073913507502839469;
A(6,3)=0.00743718878299694829214906962453;
A(7,3)=0.00707198457442317146940950531145;
A(8,3)=0.00734271297484275875979143506975;
A(9,3)=0.0071308606886457224013967312784;
A(10,3)=0.00730283296818630381696010181252;
A(11,3)=0.00715946411600002961147600414763;
A(12,3)=0.00728143646325033921294815697515;
A(13,3)=0.00717599705482718294860389373794;
A(14,3)=0.00726832600665950023567811845866;
A(15,3)=0.00718661781309829241984070803683;
A(16,3)=0.00725956578036730321117548647386;
A(17,3)=0.00719395658139386525290579986567;
A(18,3)=0.0072533330954111856889230854374;
A(19,3)=0.00719931543468438427928933065911;
A(20,3)=0.00724867320180444401182973574787;
A(21,3)=0.00720341073351809028778001626586;
A(22,3)=0.007245037253859838058789528993;
A(23,3)=0.00720667135049964897951317331639;
A(24,3)=0.00724208354089644183609650171149;
A(25,3)=0.00720937513548424710266144728524;
A(26,3)=0.00723958098821893482242625919126;
A(27,3)=0.00721171944022591624738105344573;
A(28,3)=0.00723735538991098604327370826903;
A(29,3)=0.00721386470192924305996960059453;
A(30,3)=0.00723525058602955917152021510022;
A(31,3)=0.00721597424210830287052218941997;
A(32,3)=0.00723307929650573122022780412094;
A(33,3)=0.00721828951699085480925403187855;
A(34,3)=0.00723047796209445810269859683268;
A(35,3)=0.00722150687377538471334148693377;
B(3)=0.00722508137429751770760110516437;
A(2,4)=0.000452742556489274094255818665622;
A(3,4)=-0.000982040666406935175218402956915;
A(4,4)=0.00564093049637374252102352217874;
A(5,4)=0.0122780953706268202408528293994;
A(6,4)=0.0107541239759335811912005548072;
A(7,4)=0.0116309357938919858560204607664;
A(8,4)=0.0110258411731515424198153538386;
A(9,4)=0.011481266695021705058738568534;
A(10,4)=0.0111202850482977101559355985581;
A(11,4)=0.0114165150210777289933760731252;
A(12,4)=0.0111672571578817315359162281594;
A(13,4)=0.0113810080059636395382235202428;
A(14,4)=0.011194958987956579480205106418;
A(15,4)=0.0113588444543387280778833346171;
A(16,4)=0.0112130625376304184743674517143;
A(17,4)=0.0113437962663974022672773494246;
A(18,4)=0.0112257617833857432817062280395;
A(19,4)=0.0113329346948401211181460100141;
A(20,4)=0.0112351651161996235846171420549;
A(21,4)=0.011324701595048519609299009452;
A(22,4)=0.0112424512112845182563735568006;
A(23,4)=0.0113181859287518888730556478452;
A(24,4)=0.0112483390708989606935855854312;
A(25,4)=0.0113128080189622847017109087687;
A(26,4)=0.0112533070417882652143373661868;
A(27,4)=0.0113081623118802226526954775965;
A(28,4)=0.0112577105971607188473344097431;
A(29,4)=0.0113039236770136128357013075518;
A(30,4)=0.0112618640844093478614823347066;
A(31,4)=0.0112997654311560844618473460454;
A(32,4)=0.0112661399913631887590226610112;
A(33,4)=0.0112952095602699501225687764792;
A(34,4)=0.0112712556049259814754593829182;
A(35,4)=0.0112888852646726418699616656056;
B(4)=0.0112818609927474850420470443575;
A(2,5)=-0.000380131038644548625697036184595;
A(3,5)=0.000689252243057812759966499564382;
A(4,5)=-0.0013462566876400924526334154829;
A(5,5)=0.00762284515961153295236059692033;
A(6,5)=0.016599392490650003325354327625;
A(7,5)=0.0145221305023152222265906880302;
A(8,5)=0.0157288374127775099001320443722;
A(9,5)=0.0148881640412983952082605237506;
A(10,5)=0.0155264188030212324726925070044;
A(11,5)=0.0150165695209401816824404884483;
A(12,5)=0.015437863388789654295323367058;
A(13,5)=0.0150812012040821089276700005275;
A(14,5)=0.0153887097985936917410949772368;
A(15,5)=0.0151197789094245047452142351552;
A(16,5)=0.0153576648101258082416930097477;
A(17,5)=0.0151452813536870755022258864527;
A(18,5)=0.0153363478060240285387420779084;
A(19,5)=0.0151633708596939116475984453281;
A(20,5)=0.0153207894604644256023684465823;
A(21,5)=0.0151769174167941922944228894348;
A(22,5)=0.0153088581480158463578835441702;
A(23,5)=0.0151875430454194566568116096963;
A(24,5)=0.0152992911041139428246465000611;
A(25,5)=0.0151962534947098985794078319014;
A(26,5)=0.0152912675863898827230667493173;
A(27,5)=0.0152037373590773267808341347989;
A(28,5)=0.0152841900932236705805197300503;
A(29,5)=0.0152105357645220067731928459154;
A(30,5)=0.0152775404782139387243951757305;
A(31,5)=0.0152171822551102524367248428748;
A(32,5)=0.0152707154076650557382437501427;
A(33,5)=0.0152244458172063211204360355946;
A(34,5)=0.0152625667859182960791360491076;
A(35,5)=0.015234513326609303279513583922;
B(5)=0.0152456903192230659047211938407;
A(2,6)=0.000332224060221166551695382138988;
A(3,6)=-0.000560230182170275032027826016193;
A(4,6)=0.000892668521842352991327601918247;
A(5,6)=-0.00169445265567917609367787731004;
A(6,6)=0.00954164844909687908044148007249;
A(7,6)=0.020782298142134090183397237763;
A(8,6)=0.0181707941792045501678194001829;
A(9,6)=0.0196959489417718092608570320249;
A(10,6)=0.0186274519074689211576590210935;
A(11,6)=0.0194430869622944556614523593472;
A(12,6)=0.018788235761515651870592217444;
A(13,6)=0.0193318629769894482853136897229;
A(14,6)=0.0188696947876653797989486893484;
A(15,6)=0.0192696796293145246478653001579;
A(16,6)=0.0189186900361390793553499179607;
A(17,6)=0.0192300917801956661330262190777;
A(18,6)=0.0189513454705135003935923997828;
A(19,6)=0.019202678432424248717609695303;
