nodegauss(2)=0.0002676005770594145;
nodegauss(3)=0.0014094346141943664;
nodegauss(4)=0.003461492205527424;
nodegauss(5)=0.0064204816875339426;
nodegauss(6)=0.010281053971758188;
nodegauss(7)=0.015036170472507044;
nodegauss(8)=0.020677149651012888;
nodegauss(9)=0.027193689155258213;
nodegauss(10)=0.03457388630938772;
nodegauss(11)=0.04280426041187179;
nodegauss(12)=0.05186977757665439;
nodegauss(13)=0.06175387828967425;
nodegauss(14)=0.07243850770285026;
nodegauss(15)=0.08390414863754513;
nodegauss(16)=0.09612985724863203;
nodegauss(17)=0.10909330128917763;
nodegauss(18)=0.12277080090833827;
nodegauss(19)=0.1371373719092201;
nodegauss(20)=0.15216677138836865;
nodegauss(21)=0.16783154567390182;
nodegauss(22)=0.18410308047494078;
nodegauss(23)=0.20095165315086452;
nodegauss(24)=0.21834648700499174;
nodegauss(25)=0.23625580750356454;
nodegauss(26)=0.254646900317374;
nodegauss(27)=0.2734861710800273;
nodegauss(28)=0.2927392067537121;
nodegauss(29)=0.3123708384903742;
nodegauss(30)=0.33234520587348876;
nodegauss(31)=0.3526258224230816;
nodegauss(32)=0.3731756422443493;
nodegauss(33)=0.39395712769813473;
nodegauss(34)=0.41493231796964963;
nodegauss(35)=0.43606289841019286;
nodegauss(36)=0.45731027052520185;
nodegauss(37)=0.478635622480793;
nodegauss(38)=0.5;
nodegauss(39)=0.521364377519207;
nodegauss(40)=0.5426897294747981;
nodegauss(41)=0.5639371015898071;
nodegauss(42)=0.5850676820303504;
nodegauss(43)=0.6060428723018653;
nodegauss(44)=0.6268243577556507;
nodegauss(45)=0.6473741775769184;
nodegauss(46)=0.6676547941265112;
nodegauss(47)=0.6876291615096257;
nodegauss(48)=0.7072607932462879;
nodegauss(49)=0.7265138289199727;
nodegauss(50)=0.745353099682626;
nodegauss(51)=0.7637441924964354;
nodegauss(52)=0.7816535129950083;
nodegauss(53)=0.7990483468491355;
nodegauss(54)=0.8158969195250593;
nodegauss(55)=0.8321684543260982;
nodegauss(56)=0.8478332286116314;
nodegauss(57)=0.86286262809078;
nodegauss(58)=0.8772291990916617;
nodegauss(59)=0.8909066987108224;
nodegauss(60)=0.903870142751368;
nodegauss(61)=0.9160958513624549;
nodegauss(62)=0.9275614922971498;
nodegauss(63)=0.9382461217103257;
nodegauss(64)=0.9481302224233457;
nodegauss(65)=0.9571957395881282;
nodegauss(66)=0.9654261136906123;
nodegauss(67)=0.9728063108447418;
nodegauss(68)=0.9793228503489871;
nodegauss(69)=0.984963829527493;
nodegauss(70)=0.9897189460282418;
nodegauss(71)=0.993579518312466;
nodegauss(72)=0.9965385077944726;
nodegauss(73)=0.9985905653858056;
nodegauss(74)=0.9997323994229406;
tc=nodegauss;
A(2,2)=0.0003433441156899048;
A(3,2)=0.0007429408972772736;
A(4,2)=0.0006591311471901706;
A(5,2)=0.0007038103326769341;
A(6,2)=0.0006747327543090017;
A(7,2)=0.0006956431779214994;
A(8,2)=0.0006796575887210905;
A(9,2)=0.0006923978119985303;
A(10,2)=0.0006819318724859374;
A(11,2)=0.0006907301149572667;
A(12,2)=0.0006831982098532426;
A(13,2)=0.0006897414868446807;
A(14,2)=0.0006839876834509672;
A(15,2)=0.0006890990852389332;
A(16,2)=0.0006845187810371801;
A(17,2)=0.0006886539914936986;
A(18,2)=0.0006848962230028827;
A(19,2)=0.0006883305996418788;
A(20,2)=0.0006851758755578657;
A(21,2)=0.0006880872294810925;
A(22,2)=0.0006853939358072374;
A(23,2)=0.0006879291966780012;
A(24,2)=0.0006856307094263131;
A(25,2)=0.0006850130925954227;
A(26,2)=0.0006255137903075081;
A(27,2)=0.;
A(28,2)=0.;
A(29,2)=0.;
A(30,2)=0.;
A(31,2)=0.;
A(32,2)=0.;
A(33,2)=0.;
A(34,2)=0.;
A(35,2)=0.;
A(36,2)=0.;
A(37,2)=0.;
A(38,2)=0.;
A(39,2)=0.;
A(40,2)=0.;
A(41,2)=0.;
A(42,2)=0.;
A(43,2)=0.;
A(44,2)=0.;
A(45,2)=0.;
A(46,2)=0.;
A(47,2)=0.;
A(48,2)=0.;
A(49,2)=0.;
A(50,2)=0.;
A(51,2)=0.;
A(52,2)=0.;
A(53,2)=0.;
A(54,2)=0.;
A(55,2)=0.;
A(56,2)=0.;
A(57,2)=0.;
A(58,2)=0.;
A(59,2)=0.;
A(60,2)=0.;
A(61,2)=0.;
A(62,2)=0.;
A(63,2)=0.;
A(64,2)=0.;
A(65,2)=0.;
A(66,2)=0.;
A(67,2)=0.;
A(68,2)=0.;
A(69,2)=0.;
A(70,2)=0.;
A(71,2)=0.;
A(72,2)=0.;
A(73,2)=0.;
A(74,2)=0.;
B(2)=0.;
A(2,3)=-0.00013084577853901753;
A(3,3)=0.0007986310943222586;
A(4,3)=0.001736297884940116;
A(5,3)=0.0015250492692693266;
A(6,3)=0.0016441557026887973;
A(7,3)=0.0015634124736986124;
A(8,3)=0.0016232739142921155;
A(9,3)=0.0015764229364648992;
A(10,3)=0.0016144643371435513;
A(11,3)=0.0015827380413144106;
A(12,3)=0.001609744190067934;
A(13,3)=0.0015863810900004348;
A(14,3)=0.0016068598702351016;
A(15,3)=0.0015887126521460986;
A(16,3)=0.0016049422490813576;
A(17,3)=0.0015903130854560863;
A(18,3)=0.0016035896505502858;
A(19,3)=0.0015914688446456778;
A(20,3)=0.0016025934534884738;
A(21,3)=0.001592344928127582;
A(22,3)=0.0016019276915874966;
A(23,3)=0.0015940218731021782;
A(24,3)=0.00161253037680619;
A(25,3)=0.0017311311238117355;
A(26,3)=0.0033936591607677258;
A(27,3)=0.;
A(28,3)=0.;
A(29,3)=0.;
A(30,3)=0.;
A(31,3)=0.;
A(32,3)=0.;
A(33,3)=0.;
A(34,3)=0.;
A(35,3)=0.;
A(36,3)=0.;
A(37,3)=0.;
A(38,3)=0.;
A(39,3)=0.;
A(40,3)=0.;
A(41,3)=0.;
A(42,3)=0.;
A(43,3)=0.;
A(44,3)=0.;
A(45,3)=0.;
A(46,3)=0.;
A(47,3)=0.;
A(48,3)=0.;
A(49,3)=0.;
A(50,3)=0.;
A(51,3)=0.;
A(52,3)=0.;
A(53,3)=0.;
A(54,3)=0.;
A(55,3)=0.;
A(56,3)=0.;
A(57,3)=0.;
A(58,3)=0.;
A(59,3)=0.;
A(60,3)=0.;
A(61,3)=0.;
A(62,3)=0.;
A(63,3)=0.;
A(64,3)=0.;
A(65,3)=0.;
A(66,3)=0.;
A(67,3)=0.;
A(68,3)=0.;
A(69,3)=0.;
A(70,3)=0.;
A(71,3)=0.;
A(72,3)=0.;
A(73,3)=0.;
A(74,3)=0.;
B(3)=0.;
A(2,4)=0.00010057762832487228;
A(3,4)=-0.000218161362444584;
A(4,4)=0.0012531346429015475;
A(5,4)=0.002727584563684541;
A(6,4)=0.0023890284890178393;
A(7,4)=0.002583823601726491;
A(8,4)=0.002449382621864748;
A(9,4)=0.002550584937079141;
A(10,4)=0.002470350259852488;
A(11,4)=0.002536216462587944;
A(12,4)=0.0024807656305698166;
A(13,4)=0.002528351807848468;
A(14,4)=0.0024868922003583502;
A(15,4)=0.002523460202586908;
A(16,4)=0.0024908767015240432;
A(17,4)=0.00252016024177904;
A(18,4)=0.0024936483349375267;
A(19,4)=0.0025178041495888897;
A(20,4)=0.002495672591293208;
A(21,4)=0.002516065217571799;
A(22,4)=0.0024974848508271955;
A(23,4)=0.00251842340905467;
A(24,4)=0.002537780791768462;
A(25,4)=0.0028447748574933485;
A(26,4)=0.0045438850123566965;
A(27,4)=0.008005353945261362;
A(28,4)=0.;
A(29,4)=0.;
A(30,4)=0.;
A(31,4)=0.;
A(32,4)=0.;
A(33,4)=0.;
A(34,4)=0.;
A(35,4)=0.;
A(36,4)=0.;
A(37,4)=0.;
A(38,4)=0.;
A(39,4)=0.;
A(40,4)=0.;
A(41,4)=0.;
A(42,4)=0.;
A(43,4)=0.;
A(44,4)=0.;
A(45,4)=0.;
A(46,4)=0.;
A(47,4)=0.;
A(48,4)=0.;
A(49,4)=0.;
A(50,4)=0.;
A(51,4)=0.;
A(52,4)=0.;
A(53,4)=0.;
A(54,4)=0.;
A(55,4)=0.;
A(56,4)=0.;
A(57,4)=0.;
A(58,4)=0.;
A(59,4)=0.;
A(60,4)=0.;
A(61,4)=0.;
A(62,4)=0.;
A(63,4)=0.;
A(64,4)=0.;
A(65,4)=0.;
A(66,4)=0.;
A(67,4)=0.;
A(68,4)=0.;
A(69,4)=0.;
A(70,4)=0.;
A(71,4)=0.;
A(72,4)=0.;
A(73,4)=0.;
A(74,4)=0.;
B(4)=0.;
A(2,5)=-0.00008504635556190847;
A(3,5)=0.00015420446252574068;
A(4,5)=-0.0003011909466790658;
A(5,5)=0.001705407837293698;
A(6,5)=0.0037136738184932088;
A(7,5)=0.0032489299143803065;
A(8,5)=0.0035189224908672634;
A(9,5)=0.0033308041164436114;
A(10,5)=0.0034736571155989148;
A(11,5)=0.003359506189880494;
A(12,5)=0.0034538758035257042;
A(13,5)=0.003373929239626242;
A(14,5)=0.0034429221959117735;
A(15,5)=0.0033825093898344483;
A(16,5)=0.0034360355339846534;
A(17,5)=0.0033881468257781467;
A(18,5)=0.0034313448323255217;
A(19,5)=0.003392103645926417;
A(20,5)=0.0034279660909118694;
A(21,5)=0.0033949996172058686;
A(22,5)=0.00342519075315592;
A(23,5)=0.0033933282787278075;
A(24,5)=0.0033623660670395335;
A(25,5)=0.002525057945494069;
A(26,5)=-0.007804357299662001;
A(27,5)=-0.12596330647714993;
A(28,5)=-1.340540881845385;
A(29,5)=0.;
A(30,5)=0.;
A(31,5)=0.;
A(32,5)=0.;
A(33,5)=0.;
A(34,5)=0.;
A(35,5)=0.;
A(36,5)=0.;
A(37,5)=0.;
A(38,5)=0.;
A(39,5)=0.;
A(40,5)=0.;
A(41,5)=0.;
A(42,5)=0.;
A(43,5)=0.;
A(44,5)=0.;
A(45,5)=0.;
A(46,5)=0.;
A(47,5)=0.;
A(48,5)=0.;
A(49,5)=0.;
A(50,5)=0.;
A(51,5)=0.;
A(52,5)=0.;
A(53,5)=0.;
A(54,5)=0.;
A(55,5)=0.;
A(56,5)=0.;
A(57,5)=0.;
A(58,5)=0.;
A(59,5)=0.;
A(60,5)=0.;
A(61,5)=0.;
A(62,5)=0.;
A(63,5)=0.;
A(64,5)=0.;
A(65,5)=0.;
A(66,5)=0.;
A(67,5)=0.;
A(68,5)=0.;
A(69,5)=0.;
A(70,5)=0.;
A(71,5)=0.;
A(72,5)=0.;
A(73,5)=0.;
A(74,5)=0.;
B(5)=0.;
A(2,6)=0.00007502386717776841;
