nodegauss(2)=0.2113248654051871;
nodegauss(3)=0.7886751345948129;
A(2,2)=0.25;
A(3,2)=0.538675134594812882254574390251;
B(2)=0.5;
A(2,3)=-0.038675134594812882254574390251;
A(3,3)=0.25;
B(3)=0.5;

tc=nodegauss;
