nodegauss(2)=0.0006981774090316809;
nodegauss(3)=0.0036750007763981293;
nodegauss(4)=0.009015642482729716;
nodegauss(5)=0.016695844801552697;
nodegauss(6)=0.02667915450218547;
nodegauss(7)=0.038918031640499805;
nodegauss(8)=0.05335416412337913;
nodegauss(9)=0.06991876201966789;
nodegauss(10)=0.08853288974895683;
nodegauss(11)=0.10910784370304685;
nodegauss(12)=0.13154557552725482;
nodegauss(13)=0.15573915961439974;
nodegauss(14)=0.18157330277338832;
nodegauss(15)=0.2089248937153234;
nodegauss(16)=0.23766358976854196;
nodegauss(17)=0.26765243804018246;
nodegauss(18)=0.29874852807072905;
nodegauss(19)=0.3308036728746989;
nodegauss(20)=0.3636651151238112;
nodegauss(21)=0.3971762551083681;
nodegauss(22)=0.4311773970083735;
nodegauss(23)=0.4655065099184279;
nodegauss(24)=0.5;
nodegauss(25)=0.5344934900815721;
nodegauss(26)=0.5688226029916266;
nodegauss(27)=0.6028237448916318;
nodegauss(28)=0.6363348848761888;
nodegauss(29)=0.6691963271253011;
nodegauss(30)=0.701251471929271;
nodegauss(31)=0.7323475619598175;
nodegauss(32)=0.762336410231458;
nodegauss(33)=0.7910751062846766;
nodegauss(34)=0.8184266972266117;
nodegauss(35)=0.8442608403856002;
nodegauss(36)=0.8684544244727451;
nodegauss(37)=0.8908921562969532;
nodegauss(38)=0.9114671102510432;
nodegauss(39)=0.9300812379803322;
nodegauss(40)=0.9466458358766209;
nodegauss(41)=0.9610819683595002;
nodegauss(42)=0.9733208454978145;
nodegauss(43)=0.9833041551984473;
nodegauss(44)=0.9909843575172703;
nodegauss(45)=0.9963249992236018;
nodegauss(46)=0.9993018225909683;
tc=nodegauss;
A(2,2)=0.000895665788820889732785757164838;
A(3,2)=0.00193807524176327561876687682722;
A(4,2)=0.00171944484776632250525965168332;
A(5,2)=0.00183599686438108141012269341872;
A(6,2)=0.00176014450886071000044717615562;
A(7,2)=0.00181469090595185000957674356485;
A(8,2)=0.00177299261094185099330137952417;
A(9,2)=0.00180622369496093478307691776675;
A(10,2)=0.00177892689195421853226462676006;
A(11,2)=0.00180187147419400845720964503403;
A(12,2)=0.00178223244743292253920970977749;
A(13,2)=0.00179928999253621330567637768412;
A(14,2)=0.0017842948098215271898185878252;
A(15,2)=0.00179761084919524405668237539489;
A(16,2)=0.00178568407828746850877029872864;
A(17,2)=0.00179644541480505937614816817139;
A(18,2)=0.0017866735977535124804868596779;
A(19,2)=0.00179559627217092991408288417115;
A(20,2)=0.00178740922831566376935699616109;
A(21,2)=0.00179495349891738562183401285865;
A(22,2)=0.00178797526670369524519182536772;
A(23,2)=0.00179445143727162315678882075804;
A(24,2)=0.00178842357474899325951677266066;
A(25,2)=0.00179404859520022432581859726165;
A(26,2)=0.00178878774341060588045200777964;
A(27,2)=0.00179371747385403282954592464389;
A(28,2)=0.00178909052580469631726154284596;
A(29,2)=0.00179343904875855816954179643994;
A(30,2)=0.00178934799744724429563843994459;
A(31,2)=0.00179319958653575014437334754587;
A(32,2)=0.00178957202981309967422752767643;
A(33,2)=0.00179298868997157050869683636579;
A(34,2)=0.00178977186671166615474697572929;
A(35,2)=0.00179279799400466308113523343279;
A(36,2)=0.00178995524066286061850633267697;
A(37,2)=0.00179262016371404112623600821065;
A(38,2)=0.0017901293320291609451530699154;
A(39,2)=0.00179244789645692905257520348333;
A(40,2)=0.0017903019159630738001902829806;
A(41,2)=0.00179227245186506515109368745477;
A(42,2)=0.00179048346784328616264763508095;
A(43,2)=0.00179208027861136950442703399518;
A(44,2)=0.00179069326628551318217410216033;
A(45,2)=0.00179184013631318765463580477933;
A(46,2)=0.00179099422117931322394252187252;
B(2)=0.00179133157764177946557151432968;
A(2,3)=-0.000340912679078592519716626799875;
A(3,3)=0.00208079732405456041143396328056;
A(4,3)=0.0045238455492274595876646379068;
A(5,3)=0.00397344811242041912310654752449;
A(6,3)=0.00428377164144432653894223517153;
A(7,3)=0.00407340404612631336556960594792;
A(8,3)=0.00422936192809655770795041282751;
A(9,3)=0.00410730628800742191592404832585;
A(10,3)=0.00420640389899530291401546426691;
A(11,3)=0.00412376618290647391326526113419;
A(12,3)=0.00419409839369656564293076729532;
A(13,3)=0.00413326666385262532066303914295;
A(14,3)=0.0041865733263137583693466946062;
A(15,3)=0.00413935308839597838998346879799;
A(16,3)=0.00418156373137990162586201428702;
A(17,3)=0.00414353808339559090051010482539;
A(18,3)=0.00417802246769273659835793779218;
A(19,3)=0.00414656847080068299535646492228;
A(20,3)=0.00417540331781204337023779090977;
A(21,3)=0.00414885248486603490629161904075;
A(22,3)=0.00417339536775642554451917753539;
A(23,3)=0.00415063089381231108025400724348;
A(24,3)=0.00417180937370078063037389259668;
A(25,3)=0.00415205446283087302810582951972;
A(26,3)=0.00417052372700290519800537653617;
A(27,3)=0.00415322242567346402452621538511;
A(28,3)=0.00416945655310756834724577756303;
A(29,3)=0.00415420306557861819410502646631;
A(30,3)=0.00416855028617946949058500480151;
A(31,3)=0.00415504545744758159163897175503;
A(32,3)=0.00416776258784408918105982201772;
A(33,3)=0.00415578661333289824232886997912;
A(34,3)=0.00416706061007048167823302654835;
A(35,3)=0.00415645620777657715909154211087;
A(36,3)=0.00416641696808532835999278871055;
A(37,3)=0.00415708017483583401450040595664;
A(38,3)=0.00416580631496529098038787562216;
A(39,3)=0.00415768425341667249671995592956;
A(40,3)=0.00416520128578596079265869841246;
A(41,3)=0.00415829916590509760012098662422;
A(42,3)=0.00416456510000742551625263112978;
A(43,3)=0.00415897245108724863498301780516;
A(44,3)=0.00416383017182037587334767222498;
A(45,3)=0.00415981357903332995811158155636;
A(46,3)=0.00416277612398527770123106521649;
B(3)=0.00416159464810912082286792656112;
A(2,4)=0.000261471280973521482513197725966;
A(3,4)=-0.000567153930755051434510099876888;
A(4,4)=0.00325777624789569608015777061742;
A(5,4)=0.00709090507160151599132952433893;
A(6,4)=0.00621076433214603740932314613163;
A(7,4)=0.00671716507112070959782653226434;
A(8,4)=0.00636767308334068277791852394657;
A(9,4)=0.00663074664801896063267401927402;
A(10,4)=0.00642219247697877697009680559363;
A(11,4)=0.00659338094616475975405291917556;
A(12,4)=0.00644928364768384302434938523574;
A(13,4)=0.00657291831003647486727669499249;
A(14,4)=0.00646523056879890956695662015441;
A(15,4)=0.0065601789021166823056478021663;
A(16,4)=0.00647561506224101063047407331462;
A(17,4)=0.00655157044183740050661159197282;
A(18,4)=0.00648285392191991528751005601841;
A(19,4)=0.00654540772168125974909292965515;
A(20,4)=0.00648815750010375334220579910365;
A(21,4)=0.00654079949524119186186633992687;
A(22,4)=0.00649219624930405902359591044738;
A(23,4)=0.00653723193022355715050323160421;
A(24,4)=0.00649537049575012508287402828499;
A(25,4)=0.00653438850496105148039077468044;
A(26,4)=0.00649793387614775175375272748323;
A(27,4)=0.00653206343840931010862208016208;
A(28,4)=0.00650005531018034342724510594492;
A(29,4)=0.00653011649313931809233705943106;
A(30,4)=0.00650185253713555912476545567874;
A(31,4)=0.00652844767541611084245780634718;
A(32,4)=0.00650341152192498718132610601971;
A(33,4)=0.00652698208348587576550657137609;
A(34,4)=0.00650479852939833788715363082241;
A(35,4)=0.00652566003773192578249779293774;
A(36,4)=0.00650606846914433011882601123599;
A(37,4)=0.00652442969042682274632857072045;
A(38,4)=0.00650727186930124299470940203315;
A(39,4)=0.00652323987411364647017499756629;
A(40,4)=0.00650846298877659006754039142965;
A(41,4)=0.00652202981458426370889880726586;
A(42,4)=0.00650971444136025497600041968304;
A(43,4)=0.00652070580822586882901496662479;
A(44,4)=0.00651115928589916475209777402796;
A(45,4)=0.00651905251761665253209702581247;
A(46,4)=0.00651323078650969241281226045876;
B(4)=0.00651555249579139216031554123484;
A(2,5)=-0.000220386943153021529340593237024;
A(3,5)=0.000399602472072458749404201031815;
A(4,5)=-0.000780502915999705007306063052963;
A(5,5)=0.00441938381448439765427313666739;
A(6,5)=0.00962358979861190515095808590757;
A(7,5)=0.00841926434198646056957872349781;
A(8,5)=0.00911890322693419457192481082587;
A(9,5)=0.00863144467622585809831681742627;
A(10,5)=0.00900158763304544759932899144208;
