nodegauss(2)=0.007908472640705926;
nodegauss(3)=0.04120080038851102;
nodegauss(4)=0.09921095463334505;
nodegauss(5)=0.17882533027982989;
nodegauss(6)=0.2757536244817766;
nodegauss(7)=0.3847708420224326;
nodegauss(8)=0.5;
nodegauss(9)=0.6152291579775674;
nodegauss(10)=0.7242463755182235;
nodegauss(11)=0.8211746697201701;
nodegauss(12)=0.9007890453666549;
nodegauss(13)=0.958799199611489;
nodegauss(14)=0.9920915273592941;
tc=nodegauss;
A(2,2)=0.0101210011913289698800053980502;
A(3,2)=0.0219001283175295116522258243792;
A(4,2)=0.0194299477196462080138986265726;
A(5,2)=0.0207461084445201329864662811434;
A(6,2)=0.0198907528982510605465179672082;
A(7,2)=0.0205039757594727670060681545998;
A(8,2)=0.0200379395811026762773049698443;
A(9,2)=0.0204054502158797901729884290591;
A(10,2)=0.0201090061817168152079008905222;
A(11,2)=0.0203505939605926831435072485705;
A(12,2)=0.0201545581441476513417662095402;
A(13,2)=0.0203090540441620976608096625571;
A(14,2)=0.0201984419226395678785236529177;
B(2)=0.0202420023826579397600107961005;
A(2,3)=-0.00377307158532573117639653956479;
A(3,3)=0.0230303749594321119786054439884;
A(4,3)=0.0500695755432635923426235131209;
A(5,3)=0.0439800566806027462386107262155;
A(6,3)=0.0474094387268283867543203296583;
A(7,3)=0.0450910064519209141654412218525;
A(8,3)=0.0468004290851373722985012660116;
A(9,3)=0.0454759508236551125083920512021;
A(10,3)=0.0465325912099950237391634862425;
A(11,3)=0.0456776460260658869193571035975;
A(12,3)=0.0463681093713676806011908200607;
A(13,3)=0.0458256108306676235872630736873;
A(14,3)=0.0462133262180762692937065024674;
B(3)=0.0460607499188642239572108879769;
A(2,4)=0.00278561575606280540506391769715;
A(3,4)=-0.00604331982544823445948205359739;
A(4,4)=0.0347183775549468096159004442172;
A(5,4)=0.075566373412184083483861136279;
A(6,4)=0.0661938972977494572894970911918;
A(7,4)=0.0715749421921594625399608006277;
A(8,4)=0.067878693454495903597738270588;
A(9,4)=0.070635783958539419035001868694;
A(10,4)=0.0684856351784587524310282277708;
A(11,4)=0.0702005053456502304916642400374;
A(12,4)=0.0688284000508638775846195810224;
A(13,4)=0.0699001006496815601191838777983;
A(14,4)=0.069136792484634173770770515637;
B(4)=0.0694367551098936192318008884344;
A(2,5)=-0.00221827038404612727470909369006;
A(3,5)=0.00402367675567341024867616113409;
A(4,5)=-0.00786303206730868570634754109821;
A(5,5)=0.044536495190486434570011672999;
A(6,5)=0.0969774293976857866965958632023;
A(7,5)=0.0848574338709379334336662073674;
A(8,5)=0.0918730747240793403196288054251;
A(9,5)=0.0870226013135695082594457746031;
A(10,5)=0.0906520150191798128358732101686;
A(11,5)=0.0878283822588651949776675320901;
A(12,5)=0.0900527239139605200171919178737;
A(13,5)=0.0883321381495556829905025602257;
A(14,5)=0.0895508372063009261849782501496;
B(5)=0.089072990380972869140023345998;
A(2,6)=0.0018030646911529192476764806498;
A(3,6)=-0.00304249472622634548710370846497;
A(4,6)=0.00485274615855356234460137723834;
A(5,6)=-0.00922091684260183471157923038804;
A(6,6)=0.0519540118842221255781308048265;
A(7,6)=0.113150057093106559270427818381;
A(8,6)=0.0989622717612276794983509717814;
A(9,6)=0.107200651467523064957322524313;
A(10,6)=0.10149907749308468213859936388;
A(11,6)=0.105750033663205956083654473275;
A(12,6)=0.102484728680910794882217858787;
A(13,6)=0.104972446214455558149170492282;
A(14,6)=0.103225315993429724085266803126;
B(6)=0.103908023768444251156261609653;
A(2,7)=-0.00146428618397597206373219195399;
A(3,7)=0.00238203498776763745077474812163;
A(4,7)=-0.00348400333660768447587493382716;
A(5,7)=0.00535465088568774835817836341052;
A(6,7)=-0.0100633070332503760077136218507;
A(7,7)=0.0565707950657243096030225465099;
A(8,7)=0.123214025135056194245784393997;
A(9,7)=0.107747586231754447594302302392;
A(10,7)=0.116726810214305821980154938335;
A(11,7)=0.110537161129099675450802082193;
A(12,7)=0.115095310899859590843321829939;
A(13,7)=0.111705115483164759938902189803;
A(14,7)=0.114055173056925566120324926806;
B(7)=0.11314159013144861920604509302;
A(2,8)=0.00117219434523376612789533432941;
A(3,8)=-0.00186724640081131399249109864114;
A(4,8)=0.00260906242967983428705086502546;
A(5,8)=-0.00365522679985131663224119457647;
A(6,8)=0.00553442491474951858506263543603;
A(7,8)=-0.0103514560922495229752504808066;
A(8,8)=0.0581378883077184775486473788172;
A(9,8)=0.126627232707686478072545238441;
A(10,8)=0.110741351700687436512232122198;
A(11,8)=0.119931003415288271729535952211;
A(12,8)=0.113666714185757120810243892609;
A(13,8)=0.118143023016248269089785856276;
A(14,8)=0.115103582270203188969399423305;
B(8)=0.116275776615436955097294757634;
A(2,9)=-0.000913582925476946914279833786077;
A(3,9)=0.00143647464828385926714290321693;
A(4,9)=-0.00195372076841097163727673691925;
A(5,9)=0.00260442900234894375524301082651;
A(6,9)=-0.00358522008285720277410984531538;
A(7,9)=0.00539400389969417161174279062739;
A(8,9)=-0.0100724350036075750397393009769;
A(9,9)=0.0565707950657243096030225465099;
A(10,9)=0.123204897164698995213758714871;
A(11,9)=0.107786939245760870847866729609;
A(12,9)=0.116625593468056303681920026847;
A(13,9)=0.110759555143680981755270344898;
A(14,9)=0.114605876315424591269777284974;
B(9)=0.11314159013144861920604509302;
A(2,10)=0.000682707775014527070994806526617;
A(3,10)=-0.0010644224460113069929088826287;
A(4,10)=0.0014232950875334562740437508658;
A(5,10)=-0.00184200989476170492739286362165;
A(6,10)=0.00240894627535956901766224577324;
A(7,10)=-0.00329262769907881380106091466035;
A(8,10)=0.00494575200721657165791063787159;
A(9,10)=-0.0092420333246623081141662087284;
A(10,10)=0.0519540118842221255781308048265;
A(11,10)=0.113128940611046085867840840041;
A(12,10)=0.0990552776098906888116602324147;
A(13,10)=0.106950518494670596643365318118;
A(14,10)=0.102104959077291331908585129003;
B(10)=0.103908023768444251156261609653;
A(2,11)=-0.000477846825328057044954904151545;
A(3,11)=0.000740852231417186149520785772377;
A(4,11)=-0.000979733532987650877168571875649;
A(5,11)=0.00124460812210767416235581390798;
A(6,11)=-0.00157902463820694369584986417059;
A(7,11)=0.00205038906740336088057757139498;
A(8,11)=-0.00280008434310647117960545942705;
A(9,11)=0.0042155565100349357063571386306;
A(10,11)=-0.00790443901671291755657251720423;
A(11,11)=0.044536495190486434570011672999;
A(12,11)=0.0969360224482815548463708870963;
A(13,11)=0.085049313625299458891347184864;
A(14,11)=0.0912912607650189964147324396881;
B(11)=0.089072990380972869140023345998;
A(2,12)=0.000299962625259445461030372797435;
A(3,12)=-0.000463345539787940887382989363911;
A(4,12)=0.000608355059029741647181307412083;
A(5,12)=-0.000763750235756611259863351602996;
A(6,12)=0.000951119931434866800772660663684;
A(7,12)=-0.00119902884864579980320098025955;
A(8,12)=0.00155806165539771563406261784648;
A(9,12)=-0.00213818708226584330815991219328;
A(10,12)=0.00324285781214416194230379724262;
A(11,12)=-0.00612961830229046425206024784456;
A(12,12)=0.0347183775549468096159004442172;
A(13,12)=0.0754800749353418536912829420318;
A(14,12)=0.0666511393538308138267369707373;
B(12)=0.0694367551098936192318008884344;
A(2,13)=-0.000152576299212045336495614490534;
A(3,13)=0.000235139088196600369947814289646;
A(4,13)=-0.00030735945250345664397993208382;
A(5,13)=0.000383103892798337037853784379416;
A(6,13)=-0.000471841291130799781952598265559;
A(7,13)=0.000584799095209111448818836774843;
A(8,13)=-0.000739679166273148341290378034704;
A(9,13)=0.000969743466943309791769666124405;
A(10,13)=-0.00134868880796416279710944168139;
A(11,13)=0.00208069323826147771860016176138;
A(12,13)=-0.00400882562439936838541262514402;
A(13,13)=0.0230303749594321119786054439884;
A(14,13)=0.0498338215041899551336074275417;
B(13)=0.0460607499188642239572108879769;
A(2,14)=0.0000435604600183718814871431827825;
A(3,14)=-0.0000670516615041579007988664565837;
A(4,14)=0.0000874442385102884182445865602618;
A(5,14)=-0.00010859157793474338349645246999;
A(6,14)=0.000132996200941124552109905578322;
A(7,14)=-0.000163447833221850412977632958606;
A(8,14)=0.000204062801555263482705826256209;
