nodegauss(2)=0.0010277087610431755;
nodegauss(3)=0.0054070183928404065;
nodegauss(4)=0.013253484971757127;
nodegauss(5)=0.02451382836895259;
nodegauss(6)=0.03910928129376813;
nodegauss(7)=0.05693751892225696;
nodegauss(8)=0.07787350632972202;
nodegauss(9)=0.10177039974504885;
nodegauss(10)=0.12846058300901736;
nodegauss(11)=0.15775684543452032;
nodegauss(12)=0.18945369579553775;
nodegauss(13)=0.2233288040692091;
nodegauss(14)=0.25914456109839723;
nodegauss(15)=0.29664974534083693;
nodegauss(16)=0.3355812850581465;
nodegauss(17)=0.3756661036043171;
nodegauss(18)=0.416623034880074;
nodegauss(19)=0.4581647955226151;
nodegauss(20)=0.5;
nodegauss(21)=0.541835204477385;
nodegauss(22)=0.583376965119926;
nodegauss(23)=0.6243338963956829;
nodegauss(24)=0.6644187149418534;
nodegauss(25)=0.703350254659163;
nodegauss(26)=0.7408554389016028;
nodegauss(27)=0.7766711959307909;
nodegauss(28)=0.8105463042044623;
nodegauss(29)=0.8422431545654797;
nodegauss(30)=0.8715394169909826;
nodegauss(31)=0.8982296002549511;
nodegauss(32)=0.922126493670278;
nodegauss(33)=0.943062481077743;
nodegauss(34)=0.9608907187062319;
nodegauss(35)=0.9754861716310474;
nodegauss(36)=0.9867465150282428;
nodegauss(37)=0.9945929816071596;
nodegauss(38)=0.9989722912389568;
tc=nodegauss;
A(2,2)=0.00131826431987448483793051355838;
A(3,2)=0.00285250971356817686424927798368;
A(4,2)=0.0025307241764271735154607565393;
A(5,2)=0.00270226748733946636081658305833;
A(6,2)=0.00259062796750557433482558363483;
A(7,2)=0.00267090742908095259484383927722;
A(8,2)=0.00260954001842899983452363155307;
A(9,2)=0.00265844273881550798990678489324;
A(10,2)=0.00261827729163482162753456912059;
A(11,2)=0.00265203329647772819541456780616;
A(12,2)=0.00262314698939297590876364486879;
A(13,2)=0.00264822845835312009679545198947;
A(14,2)=0.00262618872195836269299034396826;
A(15,2)=0.00264574970096842750299645231923;
A(16,2)=0.00262824201409193926823410233483;
A(17,2)=0.0026440245325036393191534137126;
A(18,2)=0.00262970974940107189185878710179;
A(19,2)=0.00264276173766179159329696056998;
A(20,2)=0.00263080736080121670161897867398;
A(21,2)=0.00264179865648599777124677410443;
A(22,2)=0.00263165993826911941056698056333;
A(23,2)=0.00264103745381604796437787690095;
A(24,2)=0.00263234523098126759217536169391;
A(25,2)=0.00264041537111103850898400665061;
A(26,2)=0.00263291470944474657532865376797;
A(27,2)=0.00263988947128606514672326508318;
A(28,2)=0.00263340488422501119317140731969;
A(29,2)=0.00263942799917259401034205333275;
A(30,2)=0.00263384415107297199893071220129;
A(31,2)=0.00263900465987323185120453430049;
A(32,2)=0.00263425796868884268782769977296;
A(33,2)=0.0026385933690045848192837094507;
A(34,2)=0.00263467502851036764199553879343;
A(35,2)=0.00263815966635978695955595738672;
A(36,2)=0.00263514152364712001873421331355;
A(37,2)=0.0026376319134569254538500365145;
A(38,2)=0.00263579746267955352569877387078;
B(2)=0.00263652863974896967586102711677;
A(2,3)=-0.000501292652097503791524059935589;
A(3,3)=0.00305969502507688913157621310909;
A(4,3)=0.00665205886962515270560091409509;
A(5,3)=0.0058427331519263665059963318184;
A(6,3)=0.00629904048314502998906215816351;
A(7,3)=0.00598971746585765574358681479807;
A(8,3)=0.00621902760612749057871514583805;
A(9,3)=0.00603957718961867320624303321999;
A(10,3)=0.00618525857387887641747249794395;
A(11,3)=0.00606379348598778288548288500139;
A(12,3)=0.00616714839736164788344619837515;
A(13,3)=0.00607778200954300218557655451989;
A(14,3)=0.00615606129358606122731508299499;
A(15,3)=0.00608675736498559768528514528146;
A(16,3)=0.00614866522877530237772616539445;
A(17,3)=0.00609294552164860364257320275762;
A(18,3)=0.00614341845715773794790927151296;
A(19,3)=0.00609744691740512388663814623322;
A(20,3)=0.00613951516575438051255484441778;
A(21,3)=0.00610086489293595238116378501337;
A(22,3)=0.006136494604725422920500966517;
A(23,3)=0.00610355767780939821179971651145;
A(24,3)=0.00613407354034795909876190233144;
A(25,3)=0.00610575287743111194234031534906;
A(26,3)=0.006132066045969766569898637063;
A(27,3)=0.00610760503450589302347769556631;
A(28,3)=0.00613034114867437304812539025795;
A(29,3)=0.00610922770269500328855269906917;
A(30,3)=0.00612879761782464186103345275951;
A(31,3)=0.00611071434371170417149371254917;
A(32,3)=0.00612734522667273798735858906117;
A(33,3)=0.00611215714539297036964539738066;
A(34,3)=0.00612588283081046862155391710221;
A(35,3)=0.00611367732407838535552337437756;
A(36,3)=0.00612424822158761821092547063166;
A(37,3)=0.00611552613100487722169379232905;
A(38,3)=0.00612195075139148743017375222044;
B(3)=0.00611939005015377826315242621817;
A(2,4)=0.000383826341863480678874450925653;
A(3,4)=-0.000832554017810949952696958363996;
A(4,4)=0.00478226112227099151087548698503;
A(5,4)=0.0104091102803910820650659571289;
A(6,4)=0.00911711361001753917944724685558;
A(7,4)=0.00986046875005163806647845217441;
A(8,4)=0.00934746052025249362455473943902;
A(9,4)=0.00973359450796686549446268880889;
A(10,4)=0.00942751273555610991898467163348;
A(11,4)=0.00967871838072719970321139565649;
A(12,4)=0.00946731158621435563833097367481;
A(13,4)=0.00964864406803007598634510804544;
A(14,4)=0.00949076353930990395826783512014;
A(15,4)=0.0096298933520331570222071698377;
A(16,4)=0.00950606543807154296213031527147;
A(17,4)=0.00961718953442679617495926089819;
A(18,4)=0.00951676890755073087199819775373;
A(19,4)=0.00960805434514097458827478336537;
A(20,4)=0.00952465584604156874368358490438;
A(21,4)=0.00960117348455093659595500789868;
A(22,4)=0.00953071744656303530388884262322;
A(23,4)=0.00959578444223764426060275968402;
A(24,4)=0.00953555110709461182516134419873;
A(25,4)=0.0095914109695986042131626704509;
A(26,4)=0.00953954311157719097822862200924;
A(27,4)=0.00958773405043336673515415797294;
A(28,4)=0.00954296221051805490001976068728;
A(29,4)=0.00958452199378455102135862417844;
A(30,4)=0.00954601382457589548416931373177;
A(31,4)=0.00958158615554294185935232900704;
A(32,4)=0.00954887911953269729316869359964;
A(33,4)=0.00957874235601543393620195253268;
A(34,4)=0.00955175924307630283110135506955;
A(35,4)=0.00957575048101081654961112067386;
A(36,4)=0.00955497450700244063023936262301;
A(37,4)=0.00957211549948502966145457696327;
A(38,4)=0.00955949021014194456749921064623;
B(4)=0.00956452224454198302175097397005;
A(2,5)=-0.000322719468089361993476896476835;
A(3,5)=0.000585152330748071172078780183352;
A(4,5)=-0.00114292363898518222969419535853;
A(5,5)=0.00647150924763973338068987034062;
A(6,5)=0.0140922647540666835806576437272;
A(7,5)=0.01232873356113724606211526544;
A(8,5)=0.0133532100855960677291278694661;
A(9,5)=0.0126394637940691051032283285358;
A(10,5)=0.0131813879620512251201712716475;
A(11,5)=0.0127484457180258995548024744269;
A(12,5)=0.0131062438179665413793850544256;
A(13,5)=0.0128032720969842398614272365826;
A(14,5)=0.0130645661480182287277444894803;
A(15,5)=0.0128359617190355432329666884895;
A(16,5)=0.0130382823575532154401607500356;
A(17,5)=0.0128575277095049180620607425893;
A(18,5)=0.0130202838706134350048581386877;
A(19,5)=0.0128727697655165530378349389802;
A(20,5)=0.0130072097016449161785027979297;
A(21,5)=0.0128841138051144476940425731373;
A(22,5)=0.0129972630089829906612562097946;
A(23,5)=0.0128929211867613654692446440532;
A(24,5)=0.0129893911106753848839191904786;
A(25,5)=0.0129000215588508149264019053419;
A(26,5)=0.0129829278976397368650443187929;
A(27,5)=0.0129059599783529459605982421612;
A(28,5)=0.0129774181058336854525956862615;
A(29,5)=0.0129111257622035061623113258243;
A(30,5)=0.012972519255021513635813725566;
A(31,5)=0.0129158310153862196361644868445;
A(32,5)=0.0129679338598347762587310010707;
A(33,5)=0.0129203759902347667667322560565;
A(34,5)=0.0129633361911821079155730713197;
A(35,5)=0.0129251472745514650969677706202;
A(36,5)=0.0129582129052635530139596378781;
A(37,5)=0.0129309356048857717886281703387;
A(38,5)=0.0129510253901304595657149081154;
B(5)=0.0129430184952794667613797406812;
A(2,6)=0.000282570624999183207782251908635;
A(3,6)=-0.000476497461872589313338315319565;
A(4,6)=0.000759244298213211736719783994433;
