nodegauss(2)=0.0009750347321561901;
nodegauss(3)=0.005130272866807214;
nodegauss(4)=0.012576835704923246;
nodegauss(5)=0.023266834533235203;
nodegauss(6)=0.0371293339757078;
nodegauss(7)=0.05407213049768389;
nodegauss(8)=0.0739824890338189;
nodegauss(9)=0.0967279161973416;
nodegauss(10)=0.12215704812301466;
nodegauss(11)=0.15010065981040782;
nodegauss(12)=0.18037279208515913;
nodegauss(13)=0.21277198947609646;
nodegauss(14)=0.24708264103603444;
nodegauss(15)=0.2830764152838118;
nodegauss(16)=0.3205137797602825;
nodegauss(17)=0.3591455951049174;
nodegauss(18)=0.39871477305394165;
nodegauss(19)=0.4389579873310663;
nodegauss(20)=0.4796074260477109;
nodegauss(21)=0.5203925739522891;
nodegauss(22)=0.5610420126689337;
nodegauss(23)=0.6012852269460583;
nodegauss(24)=0.6408544048950826;
nodegauss(25)=0.6794862202397175;
nodegauss(26)=0.7169235847161882;
nodegauss(27)=0.7529173589639655;
nodegauss(28)=0.7872280105239036;
nodegauss(29)=0.8196272079148409;
nodegauss(30)=0.8498993401895921;
nodegauss(31)=0.8778429518769854;
nodegauss(32)=0.9032720838026584;
nodegauss(33)=0.9260175109661811;
nodegauss(34)=0.9459278695023161;
nodegauss(35)=0.9628706660242922;
nodegauss(36)=0.9767331654667648;
nodegauss(37)=0.9874231642950767;
nodegauss(38)=0.9948697271331928;
nodegauss(39)=0.9990249652678438;
tc=nodegauss;
A(2,2)=0.00125072018740983641897488552297;
A(3,2)=0.00270635520501942127573582436102;
A(4,2)=0.00240105697904181418683442914865;
A(5,2)=0.00256381107136614903994340989336;
A(6,2)=0.00245789129890690589018048690725;
A(7,2)=0.00253405805977826843288583672018;
A(8,2)=0.00247583401710951274631143302435;
A(9,2)=0.00252223245606840992612407273635;
A(10,2)=0.00248412307525885823466541802716;
A(11,2)=0.00251615208173341982499715257777;
A(12,2)=0.00248874245765462374186104037624;
A(13,2)=0.00251254315504755064435487746794;
A(14,2)=0.00249162720246374437279222574437;
A(15,2)=0.00251019273779887073541488768331;
A(16,2)=0.00249357373122345494093295419155;
A(17,2)=0.00250855777265618748141304992346;
A(18,2)=0.00249496416728734622765694474744;
A(19,2)=0.00250736210236526860981237367708;
A(20,2)=0.00249600274489161855576582286799;
A(21,2)=0.0025064515904421804969051940148;
A(22,2)=0.00249680792014862248575292475667;
A(23,2)=0.002505733683060826295051116638;
A(24,2)=0.00249745313493305840775774039326;
A(25,2)=0.00250514923087245104373328574804;
A(26,2)=0.00249798673889910508974483612762;
A(27,2)=0.00250465809807312856543479021467;
A(28,2)=0.00249844261403707375937709307496;
A(29,2)=0.00250423112723164490140607816101;
A(30,2)=0.00249884643388574368486333735502;
A(31,2)=0.00250384506399128201948924681734;
A(32,2)=0.00249922002492237199216174000735;
A(33,2)=0.00250347847730541472258838988428;
A(34,2)=0.00249958565823056818457351785803;
A(35,2)=0.00250310653473115836653899338034;
A(36,2)=0.00249997352428083582925413180031;
A(37,2)=0.00250268835996193082134286439264;
A(38,2)=0.00250044749203959921688072446434;
A(39,2)=0.00250209849109838707592003126345;
B(2)=0.00250144037481967283794977104595;
A(2,3)=-0.000475679347799945026181353232322;
A(3,3)=0.00290336117911716854441707530011;
A(4,3)=0.00631217480645462755175643995392;
A(5,3)=0.00554420078302279780027598730185;
A(6,3)=0.00597719432240113219869230471889;
A(7,3)=0.00568367415365077726432568498256;
A(8,3)=0.00590127081554276554011920285193;
A(9,3)=0.00573098482523324699081956426103;
A(10,3)=0.00586922907640597091669206974681;
A(11,3)=0.00575396148602914473159824423927;
A(12,3)=0.00585204703401425224342629814135;
A(13,3)=0.00576723192219338215148598458736;
A(14,3)=0.00584153038534295335946701976933;
A(15,3)=0.005775744030160730299186181786;
A(16,3)=0.00583451765434294007735689099294;
A(17,3)=0.00578160968888858027016456874033;
A(18,3)=0.0058295462816121812818222831709;
A(19,3)=0.00578587263049123254187627710422;
A(20,3)=0.00582585218857755071043228315312;
A(21,3)=0.00578910470581131868246499462949;
A(22,3)=0.00582299895355564718034620389764;
A(23,3)=0.00579164490056051640077588164518;
A(24,3)=0.00582071894793749561545110612316;
A(25,3)=0.00579370781214527252989125914409;
A(26,3)=0.00581883743900990306286557737242;
A(27,3)=0.00579543798054492509188198015527;
A(28,3)=0.00581723280102167376070904911227;
A(29,3)=0.00579693975642778844295405669469;
A(30,3)=0.00581581341619727424859952765333;
A(31,3)=0.00579829589270191843186456276779;
A(32,3)=0.00581450182506781079008077976465;
A(33,3)=0.00579958224361582817107189885773;
A(34,3)=0.00581321939846702451832680994356;
A(35,3)=0.00580088628150350711685231691845;
A(36,3)=0.00581185999604410892595881719456;
A(37,3)=0.00580235149756070162082248079618;
A(38,3)=0.00581019965534955908011701625763;
A(39,3)=0.00580441752830666992025422659835;
B(3)=0.00580672235823433708883415060022;
A(2,4)=0.000364313885820073420932518423759;
A(3,4)=-0.000790229503707193130246859291568;
A(4,4)=0.0045391444274033092247190314387;
A(5,4)=0.00987994081368927372916269587356;
A(6,4)=0.00865362416613944351855066234527;
A(7,4)=0.00935919225328542485944250189251;
A(8,4)=0.00887225870724067130098264627343;
A(9,4)=0.0092387708003170622072802671942;
A(10,4)=0.00894823767047127265346791816704;
A(11,4)=0.00918668889891950055579624603147;
A(12,4)=0.00898600782361018953227054952944;
A(13,4)=0.00915814998927910857318705820877;
A(14,4)=0.00900825983072118796768123079431;
A(15,4)=0.00914036157691822880553786097401;
A(16,4)=0.00902277322571725833410994660676;
A(17,4)=0.0091283159125556495280178248312;
A(18,4)=0.00903291827206999512185642025554;
A(19,4)=0.00911966165479726434167592273044;
A(20,4)=0.00904038517893522500586047360851;
A(21,4)=0.00911315261976023059106075162518;
A(22,4)=0.00904611320564780567989907727735;
A(23,4)=0.00910806690791094623977484348279;
A(24,4)=0.00905066715322460968166109237713;
A(25,4)=0.00910395519107390259464798602162;
A(26,4)=0.00905441033801440113770063804561;
A(27,4)=0.00910051881222279263986601553961;
A(28,4)=0.00905759262702594025798879674455;
A(29,4)=0.00909754454750268943287888164389;
A(30,4)=0.00906040026389301105022080241743;
A(31,4)=0.00909486501445484989139834240838;
A(32,4)=0.00906298915752109007020837176723;
A(33,4)=0.00909232826280262782782313169557;
A(34,4)=0.00906551610305170357579950013725;
A(35,4)=0.00908976058160671355255349000733;
A(36,4)=0.00906819114529824086101419761839;
A(37,4)=0.00908687879127724230265072356133;
A(38,4)=0.00907145540672844255683421778887;
A(39,4)=0.00908281807314097176935637038609;
B(4)=0.00907828885480661844943806287739;
A(2,5)=-0.000306434545439679100151497367472;
A(3,5)=0.000555624291664301485721426353787;
A(4,5)=-0.0010852483780325561516716990569;
A(5,5)=0.00614493493455809397380030136168;
A(6,5)=0.0133811222073271797260301628059;
A(7,5)=0.0117065814934189052628850104903;
A(8,5)=0.0126793660532258971303195612398;
A(9,5)=0.0120016268320892865244863222198;
A(10,5)=0.0125162202641590354015927126739;
A(11,5)=0.0121051021919575697691725838276;
A(12,5)=0.0124448766360323742484980771245;
A(13,5)=0.0121571516546627009121458188542;
A(14,5)=0.012405314265268102425410832369;
A(15,5)=0.0121881773955960295849337856675;
A(16,5)=0.0123803735194211897386499864984;
A(17,5)=0.0122086356763831080785703925515;
A(18,5)=0.0123633058254706385657835287874;
A(19,5)=0.0122230824924158779252110980221;
A(20,5)=0.0123509215555093038241313567931;
A(21,5)=0.0122338192753113510811189438648;
A(22,5)=0.0123415169973603612808718649061;
A(23,5)=0.0122421357475626294840357669219;
A(24,5)=0.0123340961336055843305489022182;
A(25,5)=0.0122488153793231755767964158646;
A(26,5)=0.0123280317699952917798611463605;
A(27,5)=0.0122543691282286199817761299836;
A(28,5)=0.0123228999317327630913405098349;
A(29,5)=0.0122591560102270482027989521485;
A(30,5)=0.01231838933688997662043882837;
A(31,5)=0.0122634537819376345286759979661;
A(32,5)=0.0123142430854487181802132389192;
A(33,5)=0.0122675111012615473347143867309;
A(34,5)=0.012310206274302241829974733563;
A(35,5)=0.0122716086791588631649755444067;
A(36,5)=0.0123059412176992685090815284063;
A(37,5)=0.0122761999432282942570166784716;
