nodegauss(2)=0.0026153325012239384;
nodegauss(3)=0.013728764390942384;
nodegauss(4)=0.033514456586991946;
nodegauss(5)=0.06162382086477917;
nodegauss(6)=0.09755579919058005;
nodegauss(7)=0.14066931843402491;
nodegauss(8)=0.1901950621181769;
nodegauss(9)=0.24524926107699624;
nodegauss(10)=0.3048494809848546;
nodegauss(11)=0.36793215951482755;
nodegauss(12)=0.43337158785076696;
nodegauss(13)=0.5;
nodegauss(14)=0.5666284121492331;
nodegauss(15)=0.6320678404851725;
nodegauss(16)=0.6951505190151455;
nodegauss(17)=0.7547507389230038;
nodegauss(18)=0.8098049378818231;
nodegauss(19)=0.8593306815659751;
nodegauss(20)=0.9024442008094199;
nodegauss(21)=0.9383761791352209;
nodegauss(22)=0.9664855434130081;
nodegauss(23)=0.9862712356090576;
nodegauss(24)=0.9973846674987761;
tc=nodegauss;
A(2,2)=0.00335296487178544302032737336465;
A(3,2)=0.00725526872861218298072014992543;
A(4,2)=0.00643682727886509172493304733861;
A(5,2)=0.00687311642763630274143544797187;
A(6,2)=0.00658921635344533424362500030409;
A(7,2)=0.00679331566876069930267538891596;
A(8,2)=0.00663736993387989926367155880725;
A(9,2)=0.00676154436160411344154027905954;
A(10,2)=0.00665967991804403775768103051144;
A(11,2)=0.00674513248497832983358992790718;
A(12,2)=0.0066722023008975780237912188917;
A(13,2)=0.0067352866406584399487054761613;
A(14,2)=0.00668014547983014339999786897409;
A(15,2)=0.0067287290243483583809193365078;
A(16,2)=0.00668567769766633888845000628484;
A(17,2)=0.00672396093429297640904903363735;
A(18,2)=0.00668987988113245191934324527649;
A(19,2)=0.00672016558435348462110046748319;
A(20,2)=0.00669340642407552701323311472271;
A(21,2)=0.00671677357022331501425759208838;
A(22,2)=0.00669681823166354735260289551576;
A(23,2)=0.00671311722036626907399026923601;
A(24,2)=0.00670118798565868679110776872949;
B(2)=0.00670592974357088604065474672931;
A(2,3)=-0.00126924381382365951318349441539;
A(3,3)=0.00774700146424486107767355491047;
A(4,3)=0.0168426770853213667796284145054;
A(5,3)=0.0147935722439405665525127417114;
A(6,3)=0.0159487654114163953521104447454;
A(7,3)=0.0151658568617736495710179977286;
A(8,3)=0.0157460005061532498861258238932;
A(9,3)=0.0152923326464687649884766965922;
A(10,3)=0.0156601984392262423015903154449;
A(11,3)=0.015354026656672908295027535898;
A(12,3)=0.0156138713901648436430918664076;
A(13,3)=0.0153900291093084462084612768081;
A(14,3)=0.0155850817224809106456296918591;
A(15,3)=0.0154136336157186642250992493579;
A(16,3)=0.0155652778325888193524709434558;
A(17,3)=0.015430625062430428481086366247;
A(18,3)=0.0155503595643991839069214704535;
A(19,3)=0.0154440558823825817424152942376;
A(20,3)=0.0155379141110955940062736473861;
A(21,3)=0.015455998740911806936114980395;
A(22,3)=0.0155259247978632219942580209436;
A(23,3)=0.0154688277126431637306840328553;
A(24,3)=0.0155106095424529660225615551541;
B(3)=0.0154940029284897221553471098209;
A(2,4)=0.000963852616705102076201807989882;
A(3,4)=-0.00209071750912567674580480671403;
A(4,4)=0.012009417932771167142910267908;
A(5,4)=0.0261397420806431729972318517776;
A(6,4)=0.0228954402029798201166669982592;
A(7,4)=0.0247617326457234094690280997588;
A(8,4)=0.0234742301534250427852239772487;
A(9,4)=0.0244426758752584629567333759062;
A(10,4)=0.0236758364506537035117846346678;
A(11,4)=0.0243041387883820917616501718604;
A(12,4)=0.0237766929917283030554928978336;
A(13,4)=0.024227486063216865359317059863;
A(14,4)=0.0238369756678449996868977945189;
A(15,4)=0.0241786938556594940020100648944;
A(16,4)=0.0238774937674144203047690447433;
A(17,4)=0.0241442197066482887423693431704;
A(18,4)=0.0239075513779433097092909804569;
A(19,4)=0.024117318089552258828593817256;
A(20,4)=0.0239323543670051485696207905387;
A(21,4)=0.02409361813359039196339614295;
A(22,4)=0.0239560621771396861218123588166;
A(23,4)=0.0240683212144571425755679549476;
A(24,4)=0.0239862008816761348892458770363;
B(4)=0.024018835865542334285820535816;
A(2,5)=-0.000800694754898038954918689334669;
A(3,5)=0.00145186363733987738141887667897;
A(4,5)=-0.00283591891253474403669231320375;
A(5,5)=0.0160581053521314630317924037897;
A(6,5)=0.0349677581374841266229359649924;
A(7,5)=0.0305923009714612628677258437851;
A(8,5)=0.0331334019371687727926800864317;
A(9,5)=0.0313640089790075515398717825985;
A(10,5)=0.0327061678893068763740527229066;
A(11,5)=0.0316355565570778594865652356671;
A(12,5)=0.0325182973890013844582812134997;
A(13,5)=0.0317733525564010156589633886124;
A(14,5)=0.0324127183969707471179840347006;
A(15,5)=0.0318571257881946417185084839413;
A(16,5)=0.0323442308337420743559442075611;
A(17,5)=0.031914664810334311824890048461;
A(18,5)=0.0322945856437747613188638184859;
A(19,5)=0.0319587074153753424035324360131;
A(20,5)=0.0322542820221576867429901400136;
A(21,5)=0.031996974596977131044179023209;
A(22,5)=0.0322162040216334663103722401402;
A(23,5)=0.0320374350320541413423996807873;
A(24,5)=0.0321681442369611768340030023007;
B(5)=0.0321162107042629260635848075795;
A(2,6)=0.000689926877870436464743681729544;
A(3,6)=-0.00116348924922486396881736809688;
A(4,6)=0.00185405309837624952899625236867;
A(5,6)=-0.00351963543171125269880701761526;
A(6,6)=0.0198203529441797387307231311855;
A(7,6)=0.0431696972464526025964398951583;
A(8,6)=0.0377458254125451833129548114895;
A(9,6)=0.040912237813657574106930876892;
A(10,6)=0.0386955323371359507280282700828;
A(11,6)=0.0403855450841384275021420696881;
A(12,6)=0.0390313351178250821106582844481;
A(13,6)=0.0401522375219960213693348318996;
A(14,6)=0.0392033595247001291943376403056;
A(15,6)=0.040019588305423226178931783889;
A(16,6)=0.0393094337675406243362848904677;
A(17,6)=0.0399320305580682100221140647215;
A(18,6)=0.0393838941816869230919005254828;
A(19,6)=0.0398667678171537077188190102288;
A(20,6)=0.0394430077000226491355908507323;
A(21,6)=0.0398111258845004887393428683651;
A(22,6)=0.0394979767541296506882165665747;
A(23,6)=0.0397530506634910698994304646267;
A(24,6)=0.0395666768955360100713732695447;
B(6)=0.039640705888359477461446262371;
A(2,7)=-0.00060539928782140787922908141433;
A(3,7)=0.000983927242986628673159424343807;
A(4,7)=-0.00143693107818528204779778938727;
A(5,7)=0.00220442009073653648292751421687;
A(6,7)=-0.00413588668652787919025044418552;
A(7,7)=0.0232289415150087868692546543424;
A(8,7)=0.0505998309422197181932404798009;
A(9,7)=0.0442277310590706349248747439963;
A(10,7)=0.0479592221437671230867666002438;
A(11,7)=0.0453382872564535761551773205396;
A(12,7)=0.0473427823710654962448179036673;
A(13,7)=0.045732110094338068063306153945;
A(14,7)=0.047068290784538121605872438079;
A(15,7)=0.0459354021352725577291274878759;
A(16,7)=0.0469105943477336005455888585534;
A(17,7)=0.0460625072688346460651445154592;
A(18,7)=0.0468045633586031087830352204166;
A(19,7)=0.0461539706966273879621222233126;
A(20,7)=0.0467228217693790878924741394331;
A(21,7)=0.046230045772398287567992788593;
A(22,7)=0.046648370015698374344821399943;
A(23,7)=0.0463081196643818472064013097359;
A(24,7)=0.0465565072404107686529807891268;
B(7)=0.0464578830300175737385093086849;
A(2,8)=0.000536195733022185663636562721317;
A(3,8)=-0.000852993028564702263364773791387;
A(4,8)=0.00118916737862117856046763120212;
A(5,8)=-0.0016610819505043224185268572329;
A(6,8)=0.00250699340147033198352557771605;
A(7,8)=-0.00467582195864757773470779452361;
A(8,8)=0.0262230228661353525185215462537;
A(9,8)=0.0571259602670700118297615019128;
A(10,8)=0.0499219466386706083220371042554;
A(11,8)=0.0541486947739214999080386626119;
A(12,8)=0.0511737924264886386375595357993;
A(13,8)=0.0534533584139732596146289546013;
A(14,8)=0.0516187904470445886338337451234;
A(15,8)=0.0531422776394612855957926749709;
A(16,8)=0.0518502145288499566242322762643;
A(17,8)=0.0529615976788279113175109880045;
A(18,8)=0.0519971796940227545633345118359;
A(19,8)=0.0528374112268139618474949615239;
A(20,8)=0.0521062748273159981857180735084;
A(21,8)=0.052737333528370728574696058639;
A(22,8)=0.0522030518020659627369315173169;
A(23,8)=0.0526368087467006155401036420821;
A(24,8)=0.0523205222252208772826175121043;
B(8)=0.0524460457322707050370430925074;
