nodegauss(2)=0.0003474791321139303;
nodegauss(3)=0.0018299416140223604;
nodegauss(4)=0.00449331426162784;
nodegauss(5)=0.008331873057687022;
nodegauss(6)=0.013336586105044517;
nodegauss(7)=0.01949560017397314;
nodegauss(8)=0.026794312570798593;
nodegauss(9)=0.035215413934030215;
nodegauss(10)=0.044738931460748595;
nodegauss(11)=0.055342277002442944;
nodegauss(12)=0.06700030092295359;
nodegauss(13)=0.07968535187370981;
nodegauss(14)=0.09336734243860122;
nodegauss(15)=0.1080138205283293;
nodegauss(16)=0.12359004636973406;
nodegauss(17)=0.1400590749141946;
nodegauss(18)=0.15738184347288336;
nodegauss(19)=0.17551726437267132;
nodegauss(20)=0.19442232241380336;
nodegauss(21)=0.21405217689868297;
nodegauss(22)=0.23436026799005272;
nodegauss(23)=0.2552984271464735;
nodegauss(24)=0.27681699137326793;
nodegauss(25)=0.2988649210180042;
nodegauss(26)=0.32138992083116596;
nodegauss(27)=0.34433856400489454;
nodegauss(28)=0.3676564188956163;
nodegauss(29)=0.39128817812999644;
nodegauss(30)=0.41517778978800357;
nodegauss(31)=0.4392685903519397;
nodegauss(32)=0.4635034391061005;
nodegauss(33)=0.48782485366828776;
nodegauss(34)=0.5121751463317122;
nodegauss(35)=0.5364965608938995;
nodegauss(36)=0.5607314096480602;
nodegauss(37)=0.5848222102119964;
nodegauss(38)=0.6087118218700035;
nodegauss(39)=0.6323435811043837;
nodegauss(40)=0.6556614359951055;
nodegauss(41)=0.6786100791688341;
nodegauss(42)=0.7011350789819958;
nodegauss(43)=0.723183008626732;
nodegauss(44)=0.7447015728535265;
nodegauss(45)=0.7656397320099473;
nodegauss(46)=0.7859478231013171;
nodegauss(47)=0.8055776775861966;
nodegauss(48)=0.8244827356273287;
nodegauss(49)=0.8426181565271166;
nodegauss(50)=0.8599409250858054;
nodegauss(51)=0.876409953630266;
nodegauss(52)=0.8919861794716707;
nodegauss(53)=0.9066326575613988;
nodegauss(54)=0.9203146481262902;
nodegauss(55)=0.9329996990770464;
nodegauss(56)=0.944657722997557;
nodegauss(57)=0.9552610685392514;
nodegauss(58)=0.9647845860659698;
nodegauss(59)=0.9732056874292014;
nodegauss(60)=0.9805043998260269;
nodegauss(61)=0.9866634138949555;
nodegauss(62)=0.991668126942313;
nodegauss(63)=0.9955066857383722;
nodegauss(64)=0.9981700583859776;
nodegauss(65)=0.999652520867886;
tc=nodegauss;
A(2,2)=0.00044582018042410825;
A(3,2)=0.000964682453736759;
A(4,2)=0.0008558584713699886;
A(5,2)=0.0009138727833023009;
A(6,2)=0.0008761166337975908;
A(7,2)=0.0009032679821099713;
A(8,2)=0.0008825114102623241;
A(9,2)=0.0008990539211551037;
A(10,2)=0.000885464571657688;
A(11,2)=0.0008968883735318648;
A(12,2)=0.0008871089869486973;
A(13,2)=0.0008956045334712072;
A(14,2)=0.0008881342537808116;
A(15,2)=0.0008947702110459145;
A(16,2)=0.0008888240768239271;
A(17,2)=0.0008941920343286053;
A(18,2)=0.0008893144382661133;
A(19,2)=0.0008937718216776526;
A(20,2)=0.0008896778474750147;
A(21,2)=0.0008934550204949828;
A(22,2)=0.0008899577016873812;
A(23,2)=0.000893234799039502;
A(24,2)=0.0008905166258976992;
A(25,2)=0.0008968561632751253;
A(26,2)=0.;
A(27,2)=0.;
A(28,2)=0.;
A(29,2)=0.;
A(30,2)=0.;
A(31,2)=0.;
A(32,2)=0.;
A(33,2)=0.;
A(34,2)=0.;
A(35,2)=0.;
A(36,2)=0.;
A(37,2)=0.;
A(38,2)=0.;
A(39,2)=0.;
A(40,2)=0.;
A(41,2)=0.;
A(42,2)=0.;
A(43,2)=0.;
A(44,2)=0.;
A(45,2)=0.;
A(46,2)=0.;
A(47,2)=0.;
A(48,2)=0.;
A(49,2)=0.;
A(50,2)=0.;
A(51,2)=0.;
A(52,2)=0.;
A(53,2)=0.;
A(54,2)=0.;
A(55,2)=0.;
A(56,2)=0.;
A(57,2)=0.;
A(58,2)=0.;
A(59,2)=0.;
A(60,2)=0.;
A(61,2)=0.;
A(62,2)=0.;
A(63,2)=0.;
A(64,2)=0.;
A(65,2)=0.;
B(2)=0.;
A(2,3)=-0.00016985995807868276;
A(3,3)=0.001036758315140617;
A(4,3)=0.002254008473542026;
A(5,3)=0.0019797720971341613;
A(6,3)=0.0021343922334947467;
A(7,3)=0.002029574165141124;
A(8,3)=0.0021072839545340847;
A(9,3)=0.0020464641835993376;
A(10,3)=0.002095847339514223;
A(11,3)=0.002054662613206538;
A(12,3)=0.00208971936842976;
A(13,3)=0.002059392399803315;
A(14,3)=0.0020859744637129526;
A(15,3)=0.0020624198133413914;
A(16,3)=0.0020834843282549163;
A(17,3)=0.002064498278168294;
A(18,3)=0.0020817274910401324;
A(19,3)=0.0020659996240442436;
A(20,3)=0.0020804322669891896;
A(21,3)=0.0020671276563629898;
A(22,3)=0.002079444983548037;
A(23,3)=0.002067979592944852;
A(24,3)=0.002078643293031058;
A(25,3)=0.0020736085344888375;
A(26,3)=0.;
A(27,3)=0.;
A(28,3)=0.;
A(29,3)=0.;
A(30,3)=0.;
A(31,3)=0.;
A(32,3)=0.;
A(33,3)=0.;
A(34,3)=0.;
A(35,3)=0.;
A(36,3)=0.;
A(37,3)=0.;
A(38,3)=0.;
A(39,3)=0.;
A(40,3)=0.;
A(41,3)=0.;
A(42,3)=0.;
A(43,3)=0.;
A(44,3)=0.;
A(45,3)=0.;
A(46,3)=0.;
A(47,3)=0.;
A(48,3)=0.;
A(49,3)=0.;
A(50,3)=0.;
A(51,3)=0.;
A(52,3)=0.;
A(53,3)=0.;
A(54,3)=0.;
A(55,3)=0.;
A(56,3)=0.;
A(57,3)=0.;
A(58,3)=0.;
A(59,3)=0.;
A(60,3)=0.;
A(61,3)=0.;
A(62,3)=0.;
A(63,3)=0.;
A(64,3)=0.;
A(65,3)=0.;
B(3)=0.;
A(2,4)=0.00013051326879166556;
A(3,4)=-0.00028309433140982857;
A(4,4)=0.0016261144922445907;
A(5,4)=0.0035394159199531997;
A(6,4)=0.0031000931033868836;
A(7,4)=0.003352866049575196;
A(8,4)=0.0031784112393900667;
A(9,4)=0.0033097338583879432;
A(10,4)=0.0032056201988169865;
A(11,4)=0.003291088099220329;
A(12,4)=0.003219136393377423;
A(13,4)=0.0032808816687028832;
A(14,4)=0.0032270875702414006;
A(15,4)=0.003274532867258276;
A(16,4)=0.0032322594510331795;
A(17,4)=0.003270249088503421;
A(18,4)=0.0032358578435408842;
A(19,4)=0.0032671896138074413;
A(20,4)=0.003238484850174598;
A(21,4)=0.0032648952373983578;
A(22,4)=0.0032403156772187938;
A(23,4)=0.0032614092456355465;
A(24,4)=0.003223209855189318;
A(25,4)=0.;
A(26,4)=0.;
A(27,4)=0.;
A(28,4)=0.;
A(29,4)=0.;
A(30,4)=0.;
A(31,4)=0.;
A(32,4)=0.;
A(33,4)=0.;
A(34,4)=0.;
A(35,4)=0.;
A(36,4)=0.;
A(37,4)=0.;
A(38,4)=0.;
A(39,4)=0.;
A(40,4)=0.;
A(41,4)=0.;
A(42,4)=0.;
A(43,4)=0.;
A(44,4)=0.;
A(45,4)=0.;
A(46,4)=0.;
A(47,4)=0.;
A(48,4)=0.;
A(49,4)=0.;
A(50,4)=0.;
A(51,4)=0.;
A(52,4)=0.;
A(53,4)=0.;
A(54,4)=0.;
A(55,4)=0.;
A(56,4)=0.;
A(57,4)=0.;
A(58,4)=0.;
A(59,4)=0.;
A(60,4)=0.;
A(61,4)=0.;
A(62,4)=0.;
A(63,4)=0.;
A(64,4)=0.;
A(65,4)=0.;
B(4)=0.;
A(2,5)=-0.00011029385301851972;
A(3,5)=0.00019998281124812567;
A(4,5)=-0.00039060500589547365;
A(5,5)=0.0022116899565909867;
A(6,5)=0.0048161469898141815;
A(7,5)=0.004213435728454883;
A(8,5)=0.00456357956509213;
A(9,5)=0.0043196165136004;
A(10,5)=0.00450487543975059;
A(11,5)=0.004356840406395043;
A(12,5)=0.004479220393705329;
A(13,5)=0.004375546714081399;
A(14,5)=0.004465013257065127;
A(15,5)=0.004386676044199936;
A(16,5)=0.0044560798858992575;
A(17,5)=0.004393989626362163;
A(18,5)=0.004449993808207318;
A(19,5)=0.004399124564227689;
A(20,5)=0.004445611182891974;
A(21,5)=0.004402914311637647;
A(22,5)=0.004442387907939118;
A(23,5)=0.004406173423894778;
A(24,5)=0.004440361834503021;
A(25,5)=0.;
A(26,5)=0.;
A(27,5)=0.;
A(28,5)=0.;
A(29,5)=0.;
A(30,5)=0.;
A(31,5)=0.;
A(32,5)=0.;
A(33,5)=0.;
A(34,5)=0.;
A(35,5)=0.;
A(36,5)=0.;
A(37,5)=0.;
A(38,5)=0.;
A(39,5)=0.;
A(40,5)=0.;
A(41,5)=0.;
A(42,5)=0.;
A(43,5)=0.;
A(44,5)=0.;
A(45,5)=0.;
A(46,5)=0.;
A(47,5)=0.;
A(48,5)=0.;
A(49,5)=0.;
A(50,5)=0.;
A(51,5)=0.;
A(52,5)=0.;
A(53,5)=0.;
A(54,5)=0.;
A(55,5)=0.;
A(56,5)=0.;
A(57,5)=0.;
A(58,5)=0.;
A(59,5)=0.;
A(60,5)=0.;
A(61,5)=0.;
A(62,5)=0.;
A(63,5)=0.;
A(64,5)=0.;
A(65,5)=0.;
B(5)=0.;
A(2,6)=0.00009722033470841864;
A(3,6)=-0.00016394062542819023;
A(4,6)=0.0002612169599901743;
A(5,6)=-0.0004958287071504424;
A(6,6)=0.002792034865032782;
A(7,6)=0.006081232439699171;
A(8,6)=0.0053170368805287235;
A(9,6)=0.005763377179226904;
A(10,6)=0.005450626759732007;
A(11,6)=0.005689429820973544;
A(12,6)=0.00549762095940432;
A(13,6)=0.005656948343530314;
A(14,6)=0.005521380809322222;
A(15,6)=0.005638842161538634;
A(16,6)=0.0055356130816299155;
A(17,6)=0.00562737930628658;
A(18,6)=0.0055450286957127405;
A(19,6)=0.005619519143810896;
A(20,6)=0.005551684816737258;
A(21,6)=0.005613858299859945;
A(22,6)=0.005556936504880011;
A(23,6)=0.0056124580877898135;
A(24,6)=0.0055866895493803135;
A(25,6)=0.;
A(26,6)=0.;
A(27,6)=0.;
A(28,6)=0.;
A(29,6)=0.;
A(30,6)=0.;
A(31,6)=0.;
A(32,6)=0.;
A(33,6)=0.;
A(34,6)=0.;
A(35,6)=0.;
A(36,6)=0.;
A(37,6)=0.;
A(38,6)=0.;
A(39,6)=0.;
A(40,6)=0.;
A(41,6)=0.;
A(42,6)=0.;
A(43,6)=0.;
A(44,6)=0.;
A(45,6)=0.;
A(46,6)=0.;
