nodegauss(2)=0.0003369514622935614;
nodegauss(3)=0.0017745259690754185;
nodegauss(4)=0.004357361911599166;
nodegauss(5)=0.00808009390648253;
nodegauss(6)=0.012934230083224415;
nodegauss(7)=0.018908622640972383;
nodegauss(8)=0.025989535915796246;
nodegauss(9)=0.03416068588562533;
nodegauss(10)=0.04340327972857687;
nodegauss(11)=0.05369605974763053;
nodegauss(12)=0.06501535253679648;
nodegauss(13)=0.07733512355003486;
nodegauss(14)=0.09062703703867428;
nodegauss(15)=0.10486052125393908;
nodegauss(16)=0.1200028387790001;
nodegauss(17)=0.13601916183528767;
nodegauss(18)=0.15287265239300418;
nodegauss(19)=0.17052454690318744;
nodegauss(20)=0.1889342454572999;
nodegauss(21)=0.20805940516975635;
nodegauss(22)=0.22785603756888642;
nodegauss(23)=0.24827860977249655;
nodegauss(24)=0.2692801492154275;
nodegauss(25)=0.2908123516882955;
nodegauss(26)=0.312825692438967;
nodegauss(27)=0.3352695400812568;
nodegauss(28)=0.35809227304887564;
nodegauss(29)=0.3812413983267916;
nodegauss(30)=0.4046636721869286;
nodegauss(31)=0.4283052226505124;
nodegauss(32)=0.45211167339540126;
nodegauss(33)=0.4760282688234141;
nodegauss(34)=0.5;
nodegauss(35)=0.5239717311765859;
nodegauss(36)=0.5478883266045987;
nodegauss(37)=0.5716947773494876;
nodegauss(38)=0.5953363278130713;
nodegauss(39)=0.6187586016732084;
nodegauss(40)=0.6419077269511244;
nodegauss(41)=0.6647304599187432;
nodegauss(42)=0.687174307561033;
nodegauss(43)=0.7091876483117046;
nodegauss(44)=0.7307198507845726;
nodegauss(45)=0.7517213902275034;
nodegauss(46)=0.7721439624311136;
nodegauss(47)=0.7919405948302437;
nodegauss(48)=0.8110657545427001;
nodegauss(49)=0.8294754530968126;
nodegauss(50)=0.8471273476069958;
nodegauss(51)=0.8639808381647124;
nodegauss(52)=0.8799971612209999;
nodegauss(53)=0.8951394787460609;
nodegauss(54)=0.9093729629613257;
nodegauss(55)=0.9226648764499651;
nodegauss(56)=0.9349846474632035;
nodegauss(57)=0.9463039402523694;
nodegauss(58)=0.9565967202714232;
nodegauss(59)=0.9658393141143746;
nodegauss(60)=0.9740104640842038;
nodegauss(61)=0.9810913773590276;
nodegauss(62)=0.9870657699167756;
nodegauss(63)=0.9919199060935174;
nodegauss(64)=0.9956426380884008;
nodegauss(65)=0.9982254740309245;
nodegauss(66)=0.9996630485377065;
tc=nodegauss;
A(2,2)=0.0004323145628250627;
A(3,2)=0.0009354584913942835;
A(4,2)=0.0008299312067391974;
A(5,2)=0.0008861880448815416;
A(6,2)=0.0008495756671084902;
A(7,2)=0.0008759045098076419;
A(8,2)=0.000855776713466129;
A(9,2)=0.0008718181187771457;
A(10,2)=0.0008586404001371539;
A(11,2)=0.0008697181885352912;
A(12,2)=0.000860234982433187;
A(13,2)=0.0008684732611873637;
A(14,2)=0.0008612291665833757;
A(15,2)=0.0008676642403777366;
A(16,2)=0.0008618980618384565;
A(17,2)=0.0008671036131132901;
A(18,2)=0.0008623735300877695;
A(19,2)=0.000866696177053046;
A(20,2)=0.0008627259505733346;
A(21,2)=0.0008663899334951747;
A(22,2)=0.0008630073623295741;
A(23,2)=0.0008662728186056663;
A(24,2)=0.0008643519115214768;
A(25,2)=0.0008756366011417892;
A(26,2)=0.;
A(27,2)=0.;
A(28,2)=0.;
A(29,2)=0.;
A(30,2)=0.;
A(31,2)=0.;
A(32,2)=0.;
A(33,2)=0.;
A(34,2)=0.;
A(35,2)=0.;
A(36,2)=0.;
A(37,2)=0.;
A(38,2)=0.;
A(39,2)=0.;
A(40,2)=0.;
A(41,2)=0.;
A(42,2)=0.;
A(43,2)=0.;
A(44,2)=0.;
A(45,2)=0.;
A(46,2)=0.;
A(47,2)=0.;
A(48,2)=0.;
A(49,2)=0.;
A(50,2)=0.;
A(51,2)=0.;
A(52,2)=0.;
A(53,2)=0.;
A(54,2)=0.;
A(55,2)=0.;
A(56,2)=0.;
A(57,2)=0.;
A(58,2)=0.;
A(59,2)=0.;
A(60,2)=0.;
A(61,2)=0.;
A(62,2)=0.;
A(63,2)=0.;
A(64,2)=0.;
A(65,2)=0.;
A(66,2)=0.;
B(2)=0.;
A(2,3)=-0.0001647191830448971;
A(3,3)=0.001005381043000934;
A(4,3)=0.002185791384463928;
A(5,3)=0.0019198547033030275;
A(6,3)=0.002069795318116577;
A(7,3)=0.0019681495027934364;
A(8,3)=0.0020435074916866753;
A(9,3)=0.0019845283147591985;
A(10,3)=0.002032417045210156;
A(11,3)=0.0019924785699694334;
A(12,3)=0.002026474596092104;
A(13,3)=0.0019970651400708092;
A(14,3)=0.002022843111671147;
A(15,3)=0.002000000836200086;
A(16,3)=0.0020204284456879886;
A(17,3)=0.0020020162772626457;
A(18,3)=0.0020187249140149006;
A(19,3)=0.002003472041700152;
A(20,3)=0.002017469008165145;
A(21,3)=0.0020045638374332183;
A(22,3)=0.002016476993867514;
A(23,3)=0.002004895321589756;
A(24,3)=0.0020096119734913116;
A(25,3)=0.;
A(26,3)=0.;
A(27,3)=0.;
A(28,3)=0.;
A(29,3)=0.;
A(30,3)=0.;
A(31,3)=0.;
A(32,3)=0.;
A(33,3)=0.;
A(34,3)=0.;
A(35,3)=0.;
A(36,3)=0.;
A(37,3)=0.;
A(38,3)=0.;
A(39,3)=0.;
A(40,3)=0.;
A(41,3)=0.;
A(42,3)=0.;
A(43,3)=0.;
A(44,3)=0.;
A(45,3)=0.;
A(46,3)=0.;
A(47,3)=0.;
A(48,3)=0.;
A(49,3)=0.;
A(50,3)=0.;
A(51,3)=0.;
A(52,3)=0.;
A(53,3)=0.;
A(54,3)=0.;
A(55,3)=0.;
A(56,3)=0.;
A(57,3)=0.;
A(58,3)=0.;
A(59,3)=0.;
A(60,3)=0.;
A(61,3)=0.;
A(62,3)=0.;
A(63,3)=0.;
A(64,3)=0.;
A(65,3)=0.;
A(66,3)=0.;
B(3)=0.;
A(2,4)=0.00012657015222300038;
A(3,4)=-0.00027454137215499405;
A(4,4)=0.0015769856447429387;
A(5,4)=0.0034324816232005387;
A(6,4)=0.003006431776410874;
A(7,4)=0.0032515679116497777;
A(8,4)=0.003082383682362208;
A(9,4)=0.0032097389128651252;
A(10,4)=0.003108770512597369;
A(11,4)=0.003191656585361322;
A(12,4)=0.0031218782332164663;
A(13,4)=0.0031817586530534163;
A(14,4)=0.003129589026821055;
A(15,4)=0.003175601846493416;
A(16,4)=0.003134604445499673;
A(17,4)=0.0031714477255110666;
A(18,4)=0.003138093870546212;
A(19,4)=0.0031684811102789708;
A(20,4)=0.0031406425407988305;
A(21,4)=0.0031662684606405993;
A(22,4)=0.00314251721551102;
A(23,4)=0.0031637458209320328;
A(24,4)=0.003134357383730899;
A(25,4)=0.;
A(26,4)=0.;
A(27,4)=0.;
A(28,4)=0.;
A(29,4)=0.;
A(30,4)=0.;
A(31,4)=0.;
A(32,4)=0.;
A(33,4)=0.;
A(34,4)=0.;
A(35,4)=0.;
A(36,4)=0.;
A(37,4)=0.;
A(38,4)=0.;
A(39,4)=0.;
A(40,4)=0.;
A(41,4)=0.;
A(42,4)=0.;
A(43,4)=0.;
A(44,4)=0.;
A(45,4)=0.;
A(46,4)=0.;
A(47,4)=0.;
A(48,4)=0.;
A(49,4)=0.;
A(50,4)=0.;
A(51,4)=0.;
A(52,4)=0.;
A(53,4)=0.;
A(54,4)=0.;
A(55,4)=0.;
A(56,4)=0.;
A(57,4)=0.;
A(58,4)=0.;
A(59,4)=0.;
A(60,4)=0.;
A(61,4)=0.;
A(62,4)=0.;
A(63,4)=0.;
A(64,4)=0.;
A(65,4)=0.;
A(66,4)=0.;
B(4)=0.;
A(2,5)=-0.00010696998169023318;
A(3,5)=0.0001939560198444737;
A(4,5)=-0.0003788334987538777;
A(5,5)=0.002145037066720365;
A(6,5)=0.004671004554668517;
A(7,5)=0.004086456905242675;
A(8,5)=0.004426048737938853;
A(9,5)=0.004189437659249844;
A(10,5)=0.0043691138827761005;
A(11,5)=0.004225539595914791;
A(12,5)=0.004344232176774049;
A(13,5)=0.004243681942896797;
A(14,5)=0.004330453445539667;
A(15,5)=0.00425447558532436;
A(16,5)=0.004321789622824072;
A(17,5)=0.004261568391340652;
A(18,5)=0.0043158873705281655;
A(19,5)=0.004266548141292782;
A(20,5)=0.004311638628392192;
A(21,5)=0.004270249825224548;
A(22,5)=0.004308914488597696;
A(23,5)=0.004278352152681292;
A(24,5)=0.004359280068215541;
A(25,5)=0.;
A(26,5)=0.;
A(27,5)=0.;
A(28,5)=0.;
A(29,5)=0.;
A(30,5)=0.;
A(31,5)=0.;
A(32,5)=0.;
A(33,5)=0.;
A(34,5)=0.;
A(35,5)=0.;
A(36,5)=0.;
A(37,5)=0.;
A(38,5)=0.;
A(39,5)=0.;
A(40,5)=0.;
A(41,5)=0.;
A(42,5)=0.;
A(43,5)=0.;
A(44,5)=0.;
A(45,5)=0.;
A(46,5)=0.;
A(47,5)=0.;
A(48,5)=0.;
A(49,5)=0.;
A(50,5)=0.;
A(51,5)=0.;
A(52,5)=0.;
A(53,5)=0.;
A(54,5)=0.;
A(55,5)=0.;
A(56,5)=0.;
A(57,5)=0.;
A(58,5)=0.;
A(59,5)=0.;
A(60,5)=0.;
A(61,5)=0.;
A(62,5)=0.;
A(63,5)=0.;
A(64,5)=0.;
A(65,5)=0.;
A(66,5)=0.;
B(5)=0.;
A(2,6)=0.00009430013182325454;
A(3,6)=-0.00015901633660746979;
A(4,6)=0.00025337075185863996;
A(5,6)=-0.00048093538316520154;
A(6,6)=0.002708169697399492;
A(7,6)=0.00589856872559229;
A(8,6)=0.005157327387025453;
A(9,6)=0.005590261112627212;
A(10,6)=0.00528690441491645;
A(11,6)=0.005518535145714989;
A(12,6)=0.005332486780260754;
A(13,6)=0.005487029625749726;
A(14,6)=0.005355532597464318;
A(15,6)=0.0054694677083440444;
A(16,6)=0.005369336910334667;
A(17,6)=0.005458349684130378;
A(18,6)=0.005378469085729674;
A(19,6)=0.005450725876742577;
A(20,6)=0.00538492025753398;
A(21,6)=0.005445192503000852;
A(22,6)=0.005389604968162441;
A(23,6)=0.005440282186991952;
A(24,6)=0.005389995516483899;
A(25,6)=0.;
A(26,6)=0.;
A(27,6)=0.;
A(28,6)=0.;
A(29,6)=0.;
A(30,6)=0.;
A(31,6)=0.;
A(32,6)=0.;
A(33,6)=0.;
A(34,6)=0.;
A(35,6)=0.;
A(36,6)=0.;
A(37,6)=0.;
A(38,6)=0.;
A(39,6)=0.;
A(40,6)=0.;
A(41,6)=0.;
A(42,6)=0.;
