nodegauss(2)=0.0012876528767723913;
nodegauss(3)=0.006772136884678756;
nodegauss(4)=0.016588545155003617;
nodegauss(5)=0.030652813694415824;
nodegauss(6)=0.04884161612828321;
nodegauss(7)=0.07099517366174797;
nodegauss(8)=0.0969188218629167;
nodegauss(9)=0.12638475177521893;
nodegauss(10)=0.1591340200151286;
nodegauss(11)=0.19487882708181048;
nodegauss(12)=0.2333050476068262;
nodegauss(13)=0.27407499136377467;
nodegauss(14)=0.31683037112596335;
nodegauss(15)=0.3611954514237515;
nodegauss(16)=0.4067803505860042;
nodegauss(17)=0.4531844670726333;
nodegauss(18)=0.5;
nodegauss(19)=0.5468155329273667;
nodegauss(20)=0.5932196494139957;
nodegauss(21)=0.6388045485762485;
nodegauss(22)=0.6831696288740366;
nodegauss(23)=0.7259250086362253;
nodegauss(24)=0.7666949523931739;
nodegauss(25)=0.8051211729181895;
nodegauss(26)=0.8408659799848714;
nodegauss(27)=0.8736152482247811;
nodegauss(28)=0.9030811781370833;
nodegauss(29)=0.929004826338252;
nodegauss(30)=0.9511583838717168;
nodegauss(31)=0.9693471863055841;
nodegauss(32)=0.9834114548449964;
nodegauss(33)=0.9932278631153213;
nodegauss(34)=0.9987123471232277;
tc=nodegauss;
A(2,2)=0.00165155696189684451466230880212;
A(3,2)=0.00357370070134825944453138078672;
A(4,2)=0.00317055965405392388563059533812;
A(5,2)=0.00338547240176437097435346915713;
A(6,2)=0.00324561002258558999432035323488;
A(7,2)=0.00334618181368984345185959969987;
A(8,2)=0.0032693060760365659242439783583;
A(9,2)=0.00333056242986356040617798797691;
A(10,2)=0.00328025651057965710840360721525;
A(11,2)=0.00332252739215487720591346616461;
A(12,2)=0.00328636361492702820498639782947;
A(13,2)=0.00331775312665331706480477947416;
A(14,2)=0.00329018325534229179881158323113;
A(15,2)=0.00331463718723473073089381230938;
A(16,2)=0.00329276799858676045667445969992;
A(17,2)=0.00331246141843526234929915853942;
A(18,2)=0.00329462367596270147634181450911;
A(19,2)=0.0033108596854364281744421901956;
A(20,2)=0.0032960217347825624567540877804;
A(21,2)=0.00330962633622819591132740009001;
A(22,2)=0.00329712116512907713461621257692;
A(23,2)=0.0033086360025695911089544850986;
A(24,2)=0.00329802285576323196467812870807;
A(25,2)=0.00330780566468049890864472987673;
A(26,2)=0.0032987969245653966937219770568;
A(27,2)=0.00330707416508052261993716881759;
A(28,2)=0.00329949896916690183224406208061;
A(29,2)=0.00330638813513319781026598782018;
A(30,2)=0.00330018401200705249785884971019;
A(31,2)=0.00330568534568896280390499688705;
A(32,2)=0.00330093131793614894543692927896;
A(33,2)=0.00330484757669513427235656023454;
A(34,2)=0.00330196582649287186172061948558;
B(2)=0.00330311392379368902932461760424;
A(2,3)=-0.000627566886078878104956830584197;
A(3,3)=0.00383042537823366903198644213342;
A(4,3)=0.00832769675339728927193557731717;
A(5,3)=0.00731450721486328044934969446866;
A(6,3)=0.00788574948035904837605393862173;
A(7,3)=0.00749852291647590948846244128038;
A(8,3)=0.0077855728428893128514760480243;
A(9,3)=0.00756095354091496861333254177757;
A(10,3)=0.00774328311292661133491433607686;
A(11,3)=0.00759128762285308507483395315483;
A(12,3)=0.00772058942246552345005647545816;
A(13,3)=0.00760882578074807605070707930034;
A(14,3)=0.00770667860263014320527155419925;
A(15,3)=0.00762009853319476605993030357871;
A(16,3)=0.00769737653548738993747172769041;
A(17,3)=0.00762789579066096192317251834606;
A(18,3)=0.00769074930851627704325851991742;
A(19,3)=0.00763359970989597742713518851156;
A(20,3)=0.00768578271306010997243743901836;
A(21,3)=0.0076379721461319477730743703974;
A(22,3)=0.0076818919781737803835824325864;
A(23,3)=0.00764147136013488893597898379957;
A(24,3)=0.00767871033116188697751865134595;
A(25,3)=0.00764439767780805807406969269195;
A(26,3)=0.00767598527887478122724590582155;
A(27,3)=0.00764697036613663331000527218582;
A(28,3)=0.00767351833160689704200347725055;
A(29,3)=0.00764937917230268598604904708783;
A(30,3)=0.00767111462865218500447820056401;
A(31,3)=0.00765184370133438336635503662403;
A(32,3)=0.00766849526371571548078739180013;
A(33,3)=0.00765477902880241401299341699235;
A(34,3)=0.00766487158543294479994304750615;
B(3)=0.00766085075646733806397288426683;
A(2,4)=0.000479866587588462533144969980433;
A(3,4)=-0.00104087574755153295011869796463;
A(4,4)=0.0059788870254373700876333143823;
A(5,4)=0.0130136933843835612871836255182;
A(6,4)=0.0113984219516867234953210164282;
A(7,4)=0.0123277578546272083188545014007;
A(8,4)=0.0116864232065921734782328878353;
A(9,4)=0.0121691151680887290114835202123;
A(10,4)=0.0117865338762389066409670410836;
A(11,4)=0.0121004735243197858658660926863;
A(12,4)=0.0118363331171055637384239761334;
A(13,4)=0.0120628235812883859346680945157;
A(14,4)=0.0118657133218071453270877701927;
A(15,4)=0.01203930994931135690901502657;
A(16,4)=0.01188492774963757619380821703;
A(17,4)=0.0120233292692353183546902908745;
A(18,4)=0.0118984241759269560989723434017;
A(19,4)=0.0120117742888310579489488577345;
A(20,4)=0.0119084409874605911456552670798;
A(21,4)=0.0120029890193201433709609445752;
A(22,4)=0.0119162330193227096878821626918;
A(23,4)=0.0119960009222650906878520542434;
A(24,4)=0.0119225711001443888562634683465;
A(25,4)=0.0119901843512387393876165153352;
A(26,4)=0.0119279769452676699608732430868;
A(27,4)=0.0119850897654411857637100761221;
A(28,4)=0.0119328544216556935460573405465;
A(29,4)=0.0119803339356633941731252194953;
A(30,4)=0.0119375943113176724781441298408;
A(31,4)=0.0119754792690920385601592553775;
A(32,4)=0.0119427494215040844881823861384;
A(33,4)=0.0119697063144460153831300582073;
A(34,4)=0.0119498726861962235153023840355;
B(4)=0.0119577740508747401752666287646;
A(2,5)=-0.000402681898995855809383606252753;
A(3,5)=0.000730142183905478883471875468103;
A(4,5)=-0.00142612550688937404819823742302;
A(5,5)=0.00807508965808223832039036181236;
A(6,5)=0.0175841910984922283473317309692;
A(7,5)=0.015383697913349155663057951093;
A(8,5)=0.0166619804590586728067235702262;
A(9,5)=0.0157714575708318387692242830323;
A(10,5)=0.0164475396885702170995028977738;
A(11,5)=0.0159074974936398736558533626095;
A(12,5)=0.0163537102942821202939658467089;
A(13,5)=0.0159759880780522091522430258181;
A(14,5)=0.0163016112228307765106223796608;
A(15,5)=0.0160168893854720873151453364149;
A(16,5)=0.0162686831336719645777146985935;
A(17,5)=0.0160439534950903054126220269242;
A(18,5)=0.0162460441926398217635700109479;
A(19,5)=0.0160631834858000681956623551209;
A(20,5)=0.0162294837402532175296261321525;
A(21,5)=0.0160776267571510970683312545496;
A(22,5)=0.0162167348727500701247832740849;
A(23,5)=0.0160890125651541567604493488611;
A(24,5)=0.0162064459849478361629250266931;
A(25,5)=0.0160984242208609183115346573241;
A(26,5)=0.0161977242170361870987973918238;
A(27,5)=0.0161066225342522583482250127169;
A(28,5)=0.0161898934482421962050445203787;
A(29,5)=0.0161142422731760850019604941817;
A(30,5)=0.0161823130008471873465366062589;
A(31,5)=0.0161219941829875301289160127884;
A(32,5)=0.0161740919982259238112273211373;
A(33,5)=0.0161311911436844168893283382872;
A(34,5)=0.016162751975074916584990300353;
B(5)=0.0161501793161644766407807236247;
A(2,6)=0.000351675160922540286170704453602;
A(3,6)=-0.000593031725691824000391903213641;
A(4,6)=0.000944937028336292075938927654786;
A(5,6)=-0.00179367315865738600199868432952;
A(6,6)=0.0101003853329173978908524476318;
A(7,6)=0.0219992572407836578236725590933;
A(8,6)=0.0192348441290721976074137925543;
A(9,6)=0.0208492800447113000844009142868;
A(10,6)=0.0197182607133841381972424944103;
A(11,6)=0.0205815883374456606179632097989;
A(12,6)=0.0198884877175405262388648615873;
A(13,6)=0.0204638172835439971097081332995;
A(14,6)=0.0199747577229195179946456359691;
A(15,6)=0.0203979438198923395576224455132;
A(16,6)=0.0200266798812571822907767125594;
A(17,6)=0.0203559694672537628210581139129;
A(18,6)=0.0200613280372364532830159309116;
A(19,6)=0.0203268561454475118249312494952;
A(20,6)=0.0200861747790939270492954980793;
A(21,6)=0.0203053501690148972288314430934;
A(22,6)=0.0201050346830241451214466262178;
A(23,6)=0.0202886013196426250650403820177;
A(24,6)=0.0201200954773027184371147617781;
