nodegauss(2)=0.0002992862283776059;
nodegauss(3)=0.0015762497574024498;
nodegauss(4)=0.003870866641573441;
nodegauss(5)=0.007178959988681203;
nodegauss(6)=0.011493834188952869;
nodegauss(7)=0.016806689178569718;
nodegauss(8)=0.023106676097409053;
nodegauss(9)=0.030380926479195762;
nodegauss(10)=0.0386145804097775;
nodegauss(11)=0.04779081750708643;
nodegauss(12)=0.057890891526373785;
nodegauss(13)=0.06889416876362796;
nodegauss(14)=0.0807781702597479;
nodegauss(15)=0.09351861774985219;
nodegauss(16)=0.10708948327662011;
nodegauss(17)=0.12146304237208107;
nodegauss(18)=0.13660993070199595;
nodegauss(19)=0.15249920405853576;
nodegauss(20)=0.16909840157946088;
nodegauss(21)=0.1863736120650753;
nodegauss(22)=0.20428954325772208;
nodegauss(23)=0.222809593942434;
nodegauss(24)=0.24189592872153315;
nodegauss(25)=0.26150955531047715;
nodegauss(26)=0.2816104041970778;
nodegauss(27)=0.3021574105013778;
nodegauss(28)=0.32310859786896684;
nodegauss(29)=0.34442116422635943;
nodegauss(30)=0.3660515692232483;
nodegauss(31)=0.3879556231830005;
nodegauss(32)=0.4100885773796784;
nodegauss(33)=0.4324052154571585;
nodegauss(34)=0.45485994580358563;
nodegauss(35)=0.4774068946924491;
nodegauss(36)=0.5;
nodegauss(37)=0.5225931053075509;
nodegauss(38)=0.5451400541964144;
nodegauss(39)=0.5675947845428415;
nodegauss(40)=0.5899114226203216;
nodegauss(41)=0.6120443768169995;
nodegauss(42)=0.6339484307767517;
nodegauss(43)=0.6555788357736406;
nodegauss(44)=0.6768914021310332;
nodegauss(45)=0.6978425894986222;
nodegauss(46)=0.7183895958029222;
nodegauss(47)=0.7384904446895229;
nodegauss(48)=0.7581040712784669;
nodegauss(49)=0.777190406057566;
nodegauss(50)=0.7957104567422779;
nodegauss(51)=0.8136263879349247;
nodegauss(52)=0.8309015984205391;
nodegauss(53)=0.8475007959414642;
nodegauss(54)=0.863390069298004;
nodegauss(55)=0.878536957627919;
nodegauss(56)=0.8929105167233798;
nodegauss(57)=0.9064813822501478;
nodegauss(58)=0.9192218297402521;
nodegauss(59)=0.931105831236372;
nodegauss(60)=0.9421091084736262;
nodegauss(61)=0.9522091824929135;
nodegauss(62)=0.9613854195902225;
nodegauss(63)=0.9696190735208042;
nodegauss(64)=0.976893323902591;
nodegauss(65)=0.9831933108214302;
nodegauss(66)=0.9885061658110471;
nodegauss(67)=0.9928210400113188;
nodegauss(68)=0.9961291333584266;
nodegauss(69)=0.9984237502425976;
nodegauss(70)=0.9997007137716224;
tc=nodegauss;
A(2,2)=0.000383994238198021;
A(3,2)=0.0008309011588253012;
A(4,2)=0.0007371687823683897;
A(5,2)=0.0007871377373947333;
A(6,2)=0.0007546175457990262;
A(7,2)=0.00077800362229182;
A(8,2)=0.0007601254712540352;
A(9,2)=0.0007743740008214853;
A(10,2)=0.0007626690446812824;
A(11,2)=0.0007725088252547723;
A(12,2)=0.0007640853476547556;
A(13,2)=0.0007714031044713451;
A(14,2)=0.0007649683418936223;
A(15,2)=0.0007706845875036479;
A(16,2)=0.0007655623847738063;
A(17,2)=0.0007701867226179268;
A(18,2)=0.0007659845970317992;
A(19,2)=0.0007698249522298655;
A(20,2)=0.0007662974980532669;
A(21,2)=0.0007695531736320561;
A(22,2)=0.0007665475660136241;
A(23,2)=0.0007694427842639334;
A(24,2)=0.0007675686320958489;
A(25,2)=0.0007753026920102475;
A(26,2)=0.;
A(27,2)=0.;
A(28,2)=0.;
A(29,2)=0.;
A(30,2)=0.;
A(31,2)=0.;
A(32,2)=0.;
A(33,2)=0.;
A(34,2)=0.;
A(35,2)=0.;
A(36,2)=0.;
A(37,2)=0.;
A(38,2)=0.;
A(39,2)=0.;
A(40,2)=0.;
A(41,2)=0.;
A(42,2)=0.;
A(43,2)=0.;
A(44,2)=0.;
A(45,2)=0.;
A(46,2)=0.;
A(47,2)=0.;
A(48,2)=0.;
A(49,2)=0.;
A(50,2)=0.;
A(51,2)=0.;
A(52,2)=0.;
A(53,2)=0.;
A(54,2)=0.;
A(55,2)=0.;
A(56,2)=0.;
A(57,2)=0.;
A(58,2)=0.;
A(59,2)=0.;
A(60,2)=0.;
A(61,2)=0.;
A(62,2)=0.;
A(63,2)=0.;
A(64,2)=0.;
A(65,2)=0.;
A(66,2)=0.;
A(67,2)=0.;
A(68,2)=0.;
A(69,2)=0.;
A(70,2)=0.;
B(2)=0.;
A(2,3)=-0.00014632401835335326;
A(3,3)=0.0008931041848493431;
A(4,3)=0.0019416911177035168;
A(5,3)=0.0017054531291134975;
A(6,3)=0.0018386490588849732;
A(7,3)=0.0017483545048841817;
A(8,3)=0.0018152970270294447;
A(9,3)=0.0017629040986510117;
A(10,3)=0.0018054452396415966;
A(11,3)=0.0017699663525247741;
A(12,3)=0.0018001665963094796;
A(13,3)=0.0017740405057430266;
A(14,3)=0.0017969409009937567;
A(15,3)=0.0017766480810237082;
A(16,3)=0.0017947962062668495;
A(17,3)=0.0017784380956961208;
A(18,3)=0.0017932833168070566;
A(19,3)=0.0017797309367539003;
A(20,3)=0.0017921693220572074;
A(21,3)=0.001780714846281843;
A(22,3)=0.0017914587067948886;
A(23,3)=0.0017828776020246608;
A(24,3)=0.0018047396850972108;
A(25,3)=0.;
A(26,3)=0.;
A(27,3)=0.;
A(28,3)=0.;
A(29,3)=0.;
A(30,3)=0.;
A(31,3)=0.;
A(32,3)=0.;
A(33,3)=0.;
A(34,3)=0.;
A(35,3)=0.;
A(36,3)=0.;
A(37,3)=0.;
A(38,3)=0.;
A(39,3)=0.;
A(40,3)=0.;
A(41,3)=0.;
A(42,3)=0.;
A(43,3)=0.;
A(44,3)=0.;
A(45,3)=0.;
A(46,3)=0.;
A(47,3)=0.;
A(48,3)=0.;
A(49,3)=0.;
A(50,3)=0.;
A(51,3)=0.;
A(52,3)=0.;
A(53,3)=0.;
A(54,3)=0.;
A(55,3)=0.;
A(56,3)=0.;
A(57,3)=0.;
A(58,3)=0.;
A(59,3)=0.;
A(60,3)=0.;
A(61,3)=0.;
A(62,3)=0.;
A(63,3)=0.;
A(64,3)=0.;
A(65,3)=0.;
A(66,3)=0.;
A(67,3)=0.;
A(68,3)=0.;
A(69,3)=0.;
A(70,3)=0.;
B(3)=0.;
A(2,4)=0.00011245705101011082;
A(3,4)=-0.00024392884485952574;
A(4,4)=0.0014011449819676487;
A(5,4)=0.003049745228770999;
A(6,4)=0.0026712016669800964;
A(7,4)=0.002889004279836669;
A(8,4)=0.00273868446227035;
A(9,4)=0.0028518395846726975;
A(10,4)=0.0027621288095603367;
A(11,4)=0.002835773803696794;
A(12,4)=0.0027737746184308336;
A(13,4)=0.0028269799372718984;
A(14,4)=0.002780625157984161;
A(15,4)=0.002821510176451205;
A(16,4)=0.0027850807280151066;
A(17,4)=0.0028178199427393177;
A(18,4)=0.0027881802974205677;
A(19,4)=0.00281518500776756;
A(20,4)=0.0027904451449844866;
A(21,4)=0.0028132467278036196;
A(22,4)=0.002792529951931871;
A(23,4)=0.0028167322377857813;
A(24,4)=0.002855388484085571;
A(25,4)=0.0035162541267148993;
A(26,4)=0.01028244374261045;
A(27,4)=0.;
A(28,4)=0.;
A(29,4)=0.;
A(30,4)=0.;
A(31,4)=0.;
A(32,4)=0.;
A(33,4)=0.;
A(34,4)=0.;
A(35,4)=0.;
A(36,4)=0.;
A(37,4)=0.;
A(38,4)=0.;
A(39,4)=0.;
A(40,4)=0.;
A(41,4)=0.;
A(42,4)=0.;
A(43,4)=0.;
A(44,4)=0.;
A(45,4)=0.;
A(46,4)=0.;
A(47,4)=0.;
A(48,4)=0.;
A(49,4)=0.;
A(50,4)=0.;
A(51,4)=0.;
A(52,4)=0.;
A(53,4)=0.;
A(54,4)=0.;
A(55,4)=0.;
A(56,4)=0.;
A(57,4)=0.;
A(58,4)=0.;
A(59,4)=0.;
A(60,4)=0.;
A(61,4)=0.;
A(62,4)=0.;
A(63,4)=0.;
A(64,4)=0.;
A(65,4)=0.;
A(66,4)=0.;
A(67,4)=0.;
A(68,4)=0.;
A(69,4)=0.;
A(70,4)=0.;
B(4)=0.;
A(2,5)=-0.0000950689790763172;
A(3,5)=0.00017237731450219076;
A(4,5)=-0.00033668606510387763;
A(5,5)=0.0019063889828003777;
A(6,5)=0.00415132768549995;
A(7,5)=0.003631814199782122;
A(8,5)=0.003933624879352047;
A(9,5)=0.0037233374404623733;
A(10,5)=0.0038830247341929336;
A(11,5)=0.0037554223708849512;
A(12,5)=0.0038609118053813713;
A(13,5)=0.0037715456397941502;
A(14,5)=0.003848666775271482;
A(15,5)=0.0037811375818076936;
A(16,5)=0.0038409678133394247;
A(17,5)=0.0037874401892500132;
A(18,5)=0.0038357234386443627;
A(19,5)=0.0037918645475018007;
A(20,5)=0.003831947621988837;
A(21,5)=0.003795121004090668;
A(22,5)=0.0038289774289050186;
A(23,5)=0.0037946165426181815;
A(24,5)=0.003782333311966725;
A(25,5)=0.;
A(26,5)=0.;
A(27,5)=0.;
A(28,5)=0.;
A(29,5)=0.;
A(30,5)=0.;
A(31,5)=0.;
A(32,5)=0.;
A(33,5)=0.;
A(34,5)=0.;
A(35,5)=0.;
A(36,5)=0.;
A(37,5)=0.;
A(38,5)=0.;
A(39,5)=0.;
A(40,5)=0.;
A(41,5)=0.;
A(42,5)=0.;
A(43,5)=0.;
A(44,5)=0.;
A(45,5)=0.;
A(46,5)=0.;
A(47,5)=0.;
A(48,5)=0.;
A(49,5)=0.;
A(50,5)=0.;
A(51,5)=0.;
A(52,5)=0.;
A(53,5)=0.;
A(54,5)=0.;
A(55,5)=0.;
A(56,5)=0.;
A(57,5)=0.;
A(58,5)=0.;
A(59,5)=0.;
A(60,5)=0.;
A(61,5)=0.;
A(62,5)=0.;
A(63,5)=0.;
A(64,5)=0.;
A(65,5)=0.;
A(66,5)=0.;
A(67,5)=0.;
A(68,5)=0.;
A(69,5)=0.;
A(70,5)=0.;
B(5)=0.;
A(2,6)=0.00008383948377776972;
A(3,6)=-0.00014137673091587806;
A(4,6)=0.00022526437493464787;
A(5,6)=-0.00042758514447836066;
A(6,6)=0.0024077515376038938;
A(7,6)=0.005244238673454498;
A(8,6)=0.00458522305382688;
A(9,6)=0.004970132127648016;
A(10,6)=0.004700425548675609;
A(11,6)=0.0049063633737075054;
A(12,6)=0.004740950693452093;
A(13,6)=0.004878353660169418;
A(14,6)=0.004761438997504951;
A(15,6)=0.004862741079256761;
A(16,6)=0.00477371064161648;
A(17,6)=0.004852857906462717;
A(18,6)=0.004781828037778106;
