nodegauss(2)=0.0019103685555057165;
nodegauss(3)=0.010038262019249388;
nodegauss(4)=0.024549721092647497;
nodegauss(5)=0.04525883966125445;
nodegauss(6)=0.07189604599085275;
nodegauss(7)=0.10411418046474588;
nodegauss(8)=0.14149326313028815;
nodegauss(9)=0.18354601402675244;
nodegauss(10)=0.22972421771027154;
nodegauss(11)=0.27942587412498654;
nodegauss(12)=0.33200304818074555;
nodegauss(13)=0.3867703172802316;
nodegauss(14)=0.44301370719523503;
nodegauss(15)=0.5;
nodegauss(16)=0.556986292804765;
nodegauss(17)=0.6132296827197684;
nodegauss(18)=0.6679969518192544;
nodegauss(19)=0.7205741258750135;
nodegauss(20)=0.7702757822897285;
nodegauss(21)=0.8164539859732476;
nodegauss(22)=0.8585067368697118;
nodegauss(23)=0.8958858195352541;
nodegauss(24)=0.9281039540091472;
nodegauss(25)=0.9547411603387456;
nodegauss(26)=0.9754502789073525;
nodegauss(27)=0.9899617379807506;
nodegauss(28)=0.9980896314444943;
tc=nodegauss;
A(2,2)=0.00244974901282359006528751377281;
A(3,2)=0.00530085793721779066189488363058;
A(4,2)=0.00470288270673904682801226798592;
A(5,2)=0.00502165556041960454930169044362;
A(6,2)=0.00481421106831153279093779023682;
A(7,2)=0.00496336665747457776803589460992;
A(8,2)=0.00484937205107701982452574897406;
A(9,2)=0.00494018182332059135334976997953;
A(10,2)=0.00486563601852214703343946556694;
A(11,2)=0.00492823696354243101835677263566;
A(12,2)=0.00487472731989227752597616922171;
A(13,2)=0.00492111550854056595543195293144;
A(14,2)=0.00488044114854432682887315125727;
A(15,2)=0.00491643563081050413094647481266;
A(16,2)=0.00488434477150031329549047126776;
A(17,2)=0.00491312470839555504501130925781;
A(18,2)=0.00488719768223161767952580391312;
A(19,2)=0.00491062805544737699391570827146;
A(20,2)=0.00488941736837426762426120469401;
A(21,2)=0.00490862127602784983589803699818;
A(22,2)=0.00489126542924750001856411429004;
A(23,2)=0.00490688315870162026547469467206;
A(24,2)=0.00489294145092118179731539475901;
A(25,2)=0.00490521641854812191854295204759;
A(26,2)=0.00489466714492925539616266292531;
A(27,2)=0.0049033228355761845286416838105;
A(28,2)=0.0048969695900879332547733204168;
B(2)=0.00489949802564718013057502754563;
A(2,3)=-0.000929211917185200880944857291808;
A(3,3)=0.00567155789904515579900855161169;
A(4,3)=0.0123304835587408986827517731475;
A(5,3)=0.0108303116301111295969410000386;
A(6,3)=0.0116760883686659129360746994126;
A(7,3)=0.0111028080554713854877714270529;
A(8,3)=0.0115277171804760505689993599358;
A(9,3)=0.0111953040408416542657445044639;
A(10,3)=0.0114650270422967212558859888991;
A(11,3)=0.0112403104081225822620144855441;
A(12,3)=0.0114313120612435813450670963342;
A(13,3)=0.0112664167603296872004854768664;
A(14,3)=0.0114105473517541418746552309671;
A(15,3)=0.0112833097740824905376803094901;
A(16,3)=0.0113965315044039269350934394663;
A(17,3)=0.0112951461727222263664942422204;
A(18,3)=0.0113863688942046760796084390388;
A(19,3)=0.0113040130377290952728057898195;
A(20,3)=0.011378505856107718068210690522;
A(21,3)=0.011311106157185832156776408684;
A(22,3)=0.0113719863215802752434467363554;
A(23,3)=0.0113172275088466239441634568484;
A(24,3)=0.0113660923201648852732192147796;
A(25,3)=0.0113230814870341994542834836848;
A(26,3)=0.0113600376426485878621768911303;
A(27,3)=0.0113297197148151738101392877067;
A(28,3)=0.0113519708403218372783301437072;
B(3)=0.0113431157980903115980171032234;
A(2,4)=0.000708229847701173098340865743894;
A(3,4)=-0.00153622574019275707798559413225;
A(4,4)=0.00882426343935492775564457232618;
A(5,4)=0.0192069475723730689663949168648;
A(6,4)=0.0168230159998168024319872529988;
A(7,4)=0.018194513231830839725003194566;
A(8,4)=0.0172481609712590616286491474767;
A(9,4)=0.0179602620177870116111889851251;
A(10,4)=0.0173960558040395444655068949468;
A(11,4)=0.0178587763099830187102069436923;
A(12,4)=0.0174697738346175773585245273958;
A(13,4)=0.0178029406902876174382884441022;
A(14,4)=0.0175134612095656168601407158392;
A(15,4)=0.0177678445937983510920273787669;
A(16,4)=0.0175422917760401416479499548965;
A(17,4)=0.0177436915352972664239380423678;
A(18,4)=0.0175628930511459203413511703027;
A(19,4)=0.0177258159332028513272992305649;
A(20,4)=0.017578670644611229127587718375;
A(21,4)=0.0177116407290671065885549483043;
A(22,4)=0.017591653762202778749747169549;
A(23,4)=0.0176994880082557401818731804086;
A(24,4)=0.0176033238225619493326367707591;
A(25,4)=0.0176879238152722333537500854174;
A(26,4)=0.0176152615932613140727389284077;
A(27,4)=0.0176748552380284095643499620857;
A(28,4)=0.0176311255188660837557889977523;
B(4)=0.0176485268787098555112891446524;
A(2,5)=-0.000591520113854164170144937446991;
A(3,5)=0.00107255611870027299818996153419;
A(4,5)=-0.00209496653410470117045006244464;
A(5,5)=0.0118623531301537656760241775285;
A(6,5)=0.0258312427175772744720235079723;
A(7,5)=0.0225988282069830695999350531025;
A(8,5)=0.0244763851520473648500235646722;
A(9,5)=0.0231686171309451895427116661616;
A(10,5)=0.0241611532274187697311908324208;
A(11,5)=0.0233687348474720801077544397332;
A(12,5)=0.0240229768664768807837184654688;
A(13,5)=0.0234697653605696885965099988254;
A(14,5)=0.0239459354477492631055877385703;
A(15,5)=0.0235304633448150764001021278637;
A(16,5)=0.0238968242883458017078444632092;
A(17,5)=0.0235711107460754974362981103436;
A(18,5)=0.0238624960227569922962929061406;
A(19,5)=0.0236006523587610980666901154499;
A(20,5)=0.023836603286258444331778157759;
A(21,5)=0.0236237760968795505611763110072;
A(22,5)=0.0238155342960812533273682747473;
A(23,5)=0.0236434080495084082709889538478;
A(24,5)=0.0237967564779929180981049782484;
A(25,5)=0.0236619524512236929126296847917;
A(26,5)=0.0237776670968647132511920943063;
A(27,5)=0.0236828034750945025447961564808;
A(28,5)=0.0237523962789881596296958855903;
B(5)=0.0237247062603075313520483550571;
A(2,6)=0.00051337161126886285570495248728;
A(3,6)=-0.000865718918833837205706065811301;
A(4,6)=0.00137947919642292211307066637077;
A(5,6)=-0.00261859871752828556055145221291;
A(6,6)=0.0147458842149583997775752084299;
A(7,6)=0.0321173695897352408091482789432;
A(8,6)=0.0280817458152185022548087597534;
A(9,6)=0.0304382539988429024441435910083;
A(10,6)=0.0287877975802743995556586706588;
A(11,6)=0.0300470654887123109010548730797;
A(12,6)=0.0290367874681922140380561800173;
A(13,6)=0.0298745491834565786697391506546;
A(14,6)=0.0291634414578293070100085234129;
A(15,6)=0.0297775230382937745960648099508;
A(16,6)=0.0292402773089348602888960237121;
A(17,6)=0.0297149977922733142315868193889;
A(18,6)=0.0292923633193291372784096362204;
A(19,6)=0.0296706794163300806913174307913;
A(20,6)=0.0293308389680273078687123105135;
A(21,6)=0.0296365974314241033711957814868;
A(22,6)=0.0293616742250276594625436810932;
A(23,6)=0.0296080411506918402599315105846;
A(24,6)=0.0293888428053201901070080085643;
A(25,6)=0.0295813327984694906706683144067;
A(26,6)=0.0294162313568567941257168827968;
A(27,6)=0.0295515067135074757492966924529;
A(28,6)=0.0294523021453096032414219776888;
B(6)=0.0294917684299167995551504168598;
A(2,7)=-0.000454614117834239517350908494946;
A(3,7)=0.000738826204719413960484942117015;
A(4,7)=-0.00107889758120691742270862707381;
A(5,7)=0.00165499772814876599315393974337;
A(6,7)=-0.00310480860128507274665322322035;
A(7,7)=0.0174372059415613982460807220892;
A(8,7)=0.037983835418174757800827645289;
A(9,7)=0.0331998358845099645780182298464;
A(10,7)=0.0360022573841699872879246117945;
A(11,7)=0.0340326550745462578305086362883;
A(12,7)=0.0355405938039934565309311755374;
A(13,7)=0.0343269177178807109788065855417;
A(14,7)=0.0353362647426336066476874394037;
A(15,7)=0.0344773581235696976650072163415;
A(16,7)=0.0352206071094499308290976445306;
A(17,7)=0.0345693415379009523093557383317;
A(18,7)=0.0351453686172956631978394866243;
A(19,7)=0.0346324110767583416537880457455;
A(20,7)=0.035091291736928755901199870705;
A(21,7)=0.0346798086005081043060445385578;
A(22,7)=0.0350487981749777550219945142349;
A(23,7)=0.0347188518548613164584401541235;
A(24,7)=0.0350119059355637724086809057783;
A(25,7)=0.0347549066189622442078897274568;
