nodegauss(2)=0.009219682876640375;
nodegauss(3)=0.04794137181476257;
nodegauss(4)=0.11504866290284765;
nodegauss(5)=0.2063410228566913;
nodegauss(6)=0.3160842505009099;
nodegauss(7)=0.43738329574426554;
nodegauss(8)=0.5626167042557345;
nodegauss(9)=0.6839157494990901;
nodegauss(10)=0.7936589771433087;
nodegauss(11)=0.8849513370971523;
nodegauss(12)=0.9520586281852375;
nodegauss(13)=0.9907803171233597;
tc=nodegauss;
A(2,2)=0.0117938340966279567986539903713;
A(3,2)=0.0255198232326244639441836509718;
A(4,2)=0.0226415082464546978695105146204;
A(5,2)=0.0241748261226971991223159086687;
A(6,2)=0.0231788873633936492342183449771;
A(7,2)=0.0238920173869485934969304866742;
A(8,2)=0.0233514110134668871562570409586;
A(9,2)=0.0237756683899705636974284546874;
A(10,2)=0.0234365935659549364341013703838;
A(11,2)=0.0237079765423662928780117670636;
A(12,2)=0.0234960806272195568568091693576;
A(13,2)=0.0236469392419615642878617937388;
B(2)=0.0235876681932559135973079807425;
A(2,3)=-0.00437990215767931650940188692918;
A(3,3)=0.0267348314988296077400636795485;
A(4,3)=0.0581230577546837157157340098138;
A(5,3)=0.0510550484293886763756662871781;
A(6,3)=0.0550336735248898118758263652719;
A(7,3)=0.0523469042934905536104208555611;
A(8,3)=0.0543232717216298316487578493836;
A(9,3)=0.0527990338121421931938227287456;
A(10,3)=0.0540041977640048380045751037178;
A(11,3)=0.0530462029415178683054651284541;
A(12,3)=0.0537910043349110939711015120898;
A(13,3)=0.0532620478891789279655033185946;
B(3)=0.053469662997659215480127359097;
A(2,4)=0.00321056964125654262004469232624;
A(3,4)=-0.00696570366255593528084233870896;
A(4,4)=0.0400195821358365565836631323858;
A(5,4)=0.0871038538724015915546922006176;
A(6,4)=0.0763035605834845887509628990892;
A(7,4)=0.0824989309275610772029278735167;
A(8,4)=0.0782519909929121000782088530512;
A(9,4)=0.0814064600153755452470810237323;
A(10,4)=0.0789671086793579382353111164302;
A(11,4)=0.0808797181116576452305848318623;
A(12,4)=0.079405283542006405081900200425;
A(13,4)=0.0804474021542312812801927573684;
B(4)=0.0800391642716731131673262647717;
A(2,5)=-0.00252868076291527559325483047108;
A(3,5)=0.00458737722346434400703031480934;
A(4,5)=-0.00896632804601375189900412174148;
A(5,5)=0.0507918566807664804372661139524;
A(6,5)=0.110596236160954295848669502387;
A(7,5)=0.0967817784368590868203195880663;
A(8,5)=0.104765642234753235587278744603;
A(9,5)=0.0992658017357268920165952622352;
A(10,5)=0.103349647022346702019603349862;
A(11,5)=0.100223087110767428154228358453;
A(12,5)=0.102599242980423673728071549646;
A(13,5)=0.100933088572757495740631956957;
B(5)=0.101583713361532960874532227905;
A(2,6)=0.00202324519894856845571760672437;
A(3,6)=-0.00341487831325726315216580833367;
A(4,6)=0.00544880489816575571543655014115;
A(5,6)=-0.0103577470216968143616942058302;
A(6,6)=0.0583731341345887021902124747312;
A(7,6)=0.127125792924303086274991785689;
A(8,6)=0.111201133079663467133798800193;
A(9,6)=0.120422243254370077396693540932;
A(10,6)=0.114082381278479225089118762355;
A(11,6)=0.118740625371105347612027654982;
A(12,6)=0.115282008903919431059863755005;
A(13,6)=0.11767676810580737852875868961;
B(6)=0.116746268269177404380424949462;
A(2,7)=-0.00160735902088665663692347356756;
A(3,7)=0.00261580117231290944435531656186;
A(4,7)=-0.00382839826778209094726230524498;
A(5,7)=0.005888679696187108941479188716;
A(6,7)=-0.0110754199817737917021409005242;
A(7,7)=0.0622867614533506962501406090107;
A(8,7)=0.135655440635822029787650595061;
A(9,7)=0.118656614077042081522473443922;
A(10,7)=0.128475566612909325935367000024;
A(11,7)=0.121791953741082644376206955767;
A(12,7)=0.126562258948175394344111561384;
A(13,7)=0.12332577815477479667716212726;
B(7)=0.124573522906701392500281218021;
A(2,8)=0.00124774475192659582311909076185;
A(3,8)=-0.001988736041474001843830343363;
A(4,8)=0.00278156916561874812407426225464;
A(5,8)=-0.00390204370620793343508578200225;
A(6,8)=0.00591690882965931097780777409956;
A(7,8)=-0.0110819177291206372873693770392;
A(8,8)=0.0622867614533506962501406090107;
A(9,8)=0.135648942888475184202422118546;
A(10,8)=0.118684843210514283558802029305;
A(11,8)=0.128401921174483483447543523266;
A(12,8)=0.12195772173438848305592590146;
A(13,8)=0.126180881927588049137204691589;
B(8)=0.124573522906701392500281218021;
A(2,9)=-0.00093049983662997414833374014776;
A(3,9)=0.00146425936525797332056119445695;
A(4,9)=-0.00199435710192794323160270551931;
A(5,9)=0.0026638869906981792913061871075;
A(6,9)=-0.00367597498519267301626859146921;
A(7,9)=0.00554513518951393724662614926968;
A(8,9)=-0.0103795246551256818945668362264;
A(9,9)=0.0583731341345887021902124747312;
A(10,9)=0.127104015290874218742119155293;
A(11,9)=0.111297463371011648664988399321;
A(12,9)=0.120161146582434667532590757796;
A(13,9)=0.114723023070228835924707342738;
B(9)=0.116746268269177404380424949462;
A(2,10)=0.000650624788775465133900270947845;
A(3,10)=-0.00101552961889071285353932174117;
A(4,10)=0.00136062625076553272030386945228;
A(5,10)=-0.00176593366081374114507112195757;
A(6,10)=0.00231791162580606885793696566969;
A(7,10)=-0.00318192887322027471274651669813;
A(8,10)=0.00480193492467387405421263983863;
A(9,10)=-0.00901252279942133497413727448213;
A(10,10)=0.0507918566807664804372661139524;
A(11,10)=0.110550041407546712773536349646;
A(12,10)=0.0969963361380686168675019130956;
A(13,10)=0.104112394124448236467787058376;
B(10)=0.101583713361532960874532227905;
A(2,11)=-0.000408237882558168112866492596698;
A(3,11)=0.000633880729666708085426064346671;
A(4,11)=-0.000840553839984532063258567090572;
A(5,11)=0.00107205559231517493201514834145;
A(6,11)=-0.00136729574370243207975475896064;
A(7,11)=0.00178717327876101308911741172051;
A(8,11)=-0.00245976665588796403560160874505;
A(9,11)=0.00373560368818852441636336568252;
A(10,11)=-0.00706468960072847838736593584593;
A(11,11)=0.0400195821358365565836631323858;
A(12,11)=0.0870048679342290484481686034806;
A(13,11)=0.0768285946304165705472815724454;
B(11)=0.0800391642716731131673262647717;
A(2,12)=0.000207615108480287514624040502392;
A(3,12)=-0.000321341337251878490974152992794;
A(4,12)=0.00042346005614134717466223064294;
A(5,12)=-0.000534534766345622524447744620772;
A(6,12)=0.00067062918551702228630463035135;
A(7,12)=-0.000853608723970616168630490286572;
A(8,12)=0.00112275870416866186970650353586;
A(9,12)=-0.00156401052723059639569900617493;
A(10,12)=0.00241461456827053910446107191892;
A(11,12)=-0.00465339475702450023560665071679;
A(12,12)=0.0267348314988296077400636795485;
A(13,12)=0.0578495651553385319895292460262;
B(12)=0.053469662997659215480127359097;
A(2,13)=-0.0000592710487056506905538129963005;
A(3,13)=0.0000915875660363567404988113849493;
A(4,13)=-0.000120308349110379280703786321048;
A(5,13)=0.000151074627300977163206610358729;
A(6,13)=-0.000188000196714650100120473944847;
A(7,13)=0.000236257179789026441050939783895;
A(8,13)=-0.000304349193692679899622505931686;
A(9,13)=0.000408780829862264363089635765426;
A(10,13)=-0.000587157929441285525007927926212;
A(11,13)=0.000946159946801215727797466122155;
A(12,13)=-0.00193215503936855034687567022927;
A(13,13)=0.0117938340966279567986539903713;
B(13)=0.0235876681932559135973079807425;
