nodegauss(2)=0.00024702581892346095;
nodegauss(3)=0.0013011068223222817;
nodegauss(4)=0.003195613638236508;
nodegauss(5)=0.005927773320081281;
nodegauss(6)=0.009493030512172053;
nodegauss(7)=0.013885385739811547;
nodegauss(8)=0.019097436620616085;
nodegauss(9)=0.025120396144551808;
nodegauss(10)=0.0319441090325946;
nodegauss(11)=0.03955706937392494;
nodegauss(12)=0.047946440227216586;
nodegauss(13)=0.057098075353958604;
nodegauss(14)=0.06699654311400902;
nodegauss(15)=0.0776251525083288;
nodegauss(16)=0.08896598133551269;
nodegauss(17)=0.10099990641939992;
nodegauss(18)=0.11370663585909511;
nodegauss(19)=0.12706474324819478;
nodegauss(20)=0.14105170380614818;
nodegauss(21)=0.1556439323611797;
nodegauss(22)=0.1708168231209287;
nodegauss(23)=0.1865447911638667;
nodegauss(24)=0.20280131558160355;
nodegauss(25)=0.21955898419938127;
nodegauss(26)=0.2367895397993787;
nodegauss(27)=0.2544639277689031;
nodegauss(28)=0.2725523450931368;
nodegauss(29)=0.29102429060983637;
nodegauss(30)=0.3098486164412478;
nodegauss(31)=0.328993580516519;
nodegauss(32)=0.3484269000960461;
nodegauss(33)=0.36811580620750284;
nodegauss(34)=0.38802709890176296;
nodegauss(35)=0.40812720323554275;
nodegauss(36)=0.42838222588636626;
nodegauss(37)=0.4487580123043865;
nodegauss(38)=0.4692202043046944;
nodegauss(39)=0.48973429800300067;
nodegauss(40)=0.5102657019969993;
nodegauss(41)=0.5307797956953056;
nodegauss(42)=0.5512419876956135;
nodegauss(43)=0.5716177741136338;
nodegauss(44)=0.5918727967644573;
nodegauss(45)=0.6119729010982371;
nodegauss(46)=0.6318841937924972;
nodegauss(47)=0.6515730999039538;
nodegauss(48)=0.671006419483481;
nodegauss(49)=0.6901513835587523;
nodegauss(50)=0.7089757093901636;
nodegauss(51)=0.7274476549068631;
nodegauss(52)=0.745536072231097;
nodegauss(53)=0.7632104602006213;
nodegauss(54)=0.7804410158006188;
nodegauss(55)=0.7971986844183965;
nodegauss(56)=0.8134552088361333;
nodegauss(57)=0.8291831768790713;
nodegauss(58)=0.8443560676388203;
nodegauss(59)=0.8589482961938518;
nodegauss(60)=0.8729352567518052;
nodegauss(61)=0.8862933641409049;
nodegauss(62)=0.8990000935806001;
nodegauss(63)=0.9110340186644873;
nodegauss(64)=0.9223748474916712;
nodegauss(65)=0.933003456885991;
nodegauss(66)=0.9429019246460414;
nodegauss(67)=0.9520535597727834;
nodegauss(68)=0.9604429306260751;
nodegauss(69)=0.9680558909674054;
nodegauss(70)=0.9748796038554481;
nodegauss(71)=0.9809025633793839;
nodegauss(72)=0.9861146142601884;
nodegauss(73)=0.9905069694878279;
nodegauss(74)=0.9940722266799187;
nodegauss(75)=0.9968043863617635;
nodegauss(76)=0.9986988931776777;
nodegauss(77)=0.9997529741810766;
tc=nodegauss;

A(2,2)=0.0003169479085213399;
A(3,2)=0.0006858237928642856;
A(4,2)=0.0006084573130286343;
A(5,2)=0.0006497015786630123;
A(6,2)=0.0006228594683486856;
A(7,2)=0.0006421623187548829;
A(8,2)=0.0006274056746134873;
A(9,2)=0.0006391664661371246;
A(10,2)=0.0006295050991531352;
A(11,2)=0.0006376269967566434;
A(12,2)=0.0006306740624210394;
A(13,2)=0.0006367143955968931;
A(14,2)=0.000631402816737834;
A(15,2)=0.0006361214099033173;
A(16,2)=0.000631893051726381;
A(17,2)=0.0006357105706982006;
A(18,2)=0.0006322414352171985;
A(19,2)=0.0006354120714883183;
A(20,2)=0.0006324993020396832;
A(21,2)=0.0006351838296846327;
A(22,2)=0.0006326490634149098;
A(23,2)=0.0006343590032740626;
A(24,2)=0.0006244534815564152;
A(25,2)=0.0005332384290998108;
A(26,2)=-0.0005201166644868138;
A(27,2)=-0.011586015262833343;
A(28,2)=-0.12026471691933693;
A(29,2)=-1.1184997706329938;
A(30,2)=-9.741269361298762;
A(31,2)=0.;
A(32,2)=0.;
A(33,2)=0.;
A(34,2)=0.;
A(35,2)=0.;
A(36,2)=0.;
A(37,2)=0.;
A(38,2)=0.;
A(39,2)=0.;
A(40,2)=0.;
A(41,2)=0.;
A(42,2)=0.;
A(43,2)=0.;
A(44,2)=0.;
A(45,2)=0.;
A(46,2)=0.;
A(47,2)=0.;
A(48,2)=0.;
A(49,2)=0.;
A(50,2)=0.;
A(51,2)=0.;
A(52,2)=0.;
A(53,2)=0.;
A(54,2)=0.;
A(55,2)=0.;
A(56,2)=0.;
A(57,2)=0.;
A(58,2)=0.;
A(59,2)=0.;
A(60,2)=0.;
A(61,2)=0.;
A(62,2)=0.;
A(63,2)=0.;
A(64,2)=0.;
A(65,2)=0.;
A(66,2)=0.;
A(67,2)=0.;
A(68,2)=0.;
A(69,2)=0.;
A(70,2)=0.;
A(71,2)=0.;
A(72,2)=0.;
A(73,2)=0.;
A(74,2)=0.;
A(75,2)=0.;
A(76,2)=0.;
A(77,2)=0.;
B(2)=0.;
A(2,3)=-0.00012079346696640347;
A(3,3)=0.0007372757384106187;
A(4,3)=0.0016029056679135914;
A(5,3)=0.0014078863534545418;
A(6,3)=0.0015178423834366266;
A(7,3)=0.0014433022587690455;
A(8,3)=0.0014985648801673507;
A(9,3)=0.0014553131481930184;
A(10,3)=0.0014904321492346972;
A(11,3)=0.0014611430369372966;
A(12,3)=0.0014860746946427843;
A(13,3)=0.00146450613116946;
A(14,3)=0.0014834120509025365;
A(15,3)=0.0014666584709734523;
A(16,3)=0.001481641863787564;
A(17,3)=0.0014681358243687937;
A(18,3)=0.001480393313535842;
A(19,3)=0.0014692025301072404;
A(20,3)=0.0014794722402496907;
A(21,3)=0.0014699906334178056;
A(22,3)=0.0014786244266188156;
A(23,3)=0.0014691743792971353;
A(24,3)=0.0014663973928225721;
A(25,3)=0.001389193118507737;
A(26,3)=0.0008770832202639048;
A(27,3)=-0.005899949778574158;
A(28,3)=-0.12665170339384482;
A(29,3)=0.;
A(30,3)=0.;
A(31,3)=0.;
A(32,3)=0.;
A(33,3)=0.;
A(34,3)=0.;
A(35,3)=0.;
A(36,3)=0.;
A(37,3)=0.;
A(38,3)=0.;
A(39,3)=0.;
A(40,3)=0.;
A(41,3)=0.;
A(42,3)=0.;
A(43,3)=0.;
A(44,3)=0.;
A(45,3)=0.;
A(46,3)=0.;
A(47,3)=0.;
A(48,3)=0.;
A(49,3)=0.;
A(50,3)=0.;
A(51,3)=0.;
A(52,3)=0.;
A(53,3)=0.;
A(54,3)=0.;
A(55,3)=0.;
A(56,3)=0.;
A(57,3)=0.;
A(58,3)=0.;
A(59,3)=0.;
A(60,3)=0.;
A(61,3)=0.;
A(62,3)=0.;
A(63,3)=0.;
A(64,3)=0.;
A(65,3)=0.;
A(66,3)=0.;
A(67,3)=0.;
A(68,3)=0.;
A(69,3)=0.;
A(70,3)=0.;
A(71,3)=0.;
A(72,3)=0.;
A(73,3)=0.;
A(74,3)=0.;
A(75,3)=0.;
A(76,3)=0.;
A(77,3)=0.;
B(3)=0.;
A(2,4)=0.0000928604872519976;
A(3,4)=-0.00020142222633797054;
A(4,4)=0.0011569838070093553;
A(5,4)=0.002518301766699362;
A(6,4)=0.0022057224727637425;
A(7,4)=0.00238557137192449;
A(8,4)=0.0022614456846392263;
A(9,4)=0.002354883121383241;
A(10,4)=0.0022808044259125483;
A(11,4)=0.0023416172197359784;
A(12,4)=0.002290420518750778;
A(13,4)=0.002334356152057412;
A(14,4)=0.002296076839127342;
A(15,4)=0.002329840063564214;
A(16,4)=0.0022997553985605926;
A(17,4)=0.0023267935487444108;
A(18,4)=0.0023023141019230804;
A(19,4)=0.002324618543640818;
A(20,4)=0.002304181553215259;
A(21,4)=0.0023229875450219294;
A(22,4)=0.0023055085164146397;
A(23,4)=0.002322363636494059;
A(24,4)=0.0023424031820702567;
A(25,4)=0.0030838219719119342;
A(26,4)=0.014166172020021664;
A(27,4)=0.1533186832798739;
A(28,4)=1.6497522161704232;
A(29,4)=15.72622129371371;
A(30,4)=0.;
A(31,4)=0.;
A(32,4)=0.;
A(33,4)=0.;
A(34,4)=0.;
A(35,4)=0.;
A(36,4)=0.;
A(37,4)=0.;
A(38,4)=0.;
A(39,4)=0.;
A(40,4)=0.;
A(41,4)=0.;
A(42,4)=0.;
A(43,4)=0.;
A(44,4)=0.;
A(45,4)=0.;
A(46,4)=0.;
A(47,4)=0.;
A(48,4)=0.;
A(49,4)=0.;
A(50,4)=0.;
A(51,4)=0.;
A(52,4)=0.;
A(53,4)=0.;
A(54,4)=0.;
A(55,4)=0.;
A(56,4)=0.;
A(57,4)=0.;
A(58,4)=0.;
A(59,4)=0.;
A(60,4)=0.;
A(61,4)=0.;
A(62,4)=0.;
A(63,4)=0.;
A(64,4)=0.;
A(65,4)=0.;
A(66,4)=0.;
A(67,4)=0.;
A(68,4)=0.;
A(69,4)=0.;
A(70,4)=0.;
A(71,4)=0.;
A(72,4)=0.;
A(73,4)=0.;
A(74,4)=0.;
A(75,4)=0.;
A(76,4)=0.;
A(77,4)=0.;
B(4)=0.;
A(2,5)=-0.00007853289347192284;
A(3,5)=0.00014239436586804008;
A(4,5)=-0.0002781235358926859;
A(5,5)=0.0015747951243321114;
A(6,5)=0.0034292533054826432;
A(7,5)=0.0030001028356624127;
A(8,5)=0.0032494175528731684;
A(9,5)=0.003075706400432976;
A(10,5)=0.003207619068230763;
A(11,5)=0.003102210093624588;
A(12,5)=0.0031893529502786456;
A(13,5)=0.003115528290750827;
A(14,5)=0.003179238515787338;
A(15,5)=0.003123451006450363;
A(16,5)=0.003172879629248929;
A(17,5)=0.0031286562997513544;
A(18,5)=0.0031685486170865322;
A(19,5)=0.00313230959791887;
A(20,5)=0.0031654273867034867;
A(21,5)=0.003134938743925027;
A(22,5)=0.0031621371953747257;
A(23,5)=0.0031240082540021866;
A(24,5)=0.0030035211596202162;
A(25,5)=0.0014043075496066924;
A(26,5)=-0.014525471111801875;
A(27,5)=-0.16641149478056705;
A(28,5)=-1.5319675098693502;
A(29,5)=0.;
A(30,5)=0.;
A(31,5)=0.;
A(32,5)=0.;
A(33,5)=0.;
A(34,5)=0.;
A(35,5)=0.;
A(36,5)=0.;
A(37,5)=0.;
A(38,5)=0.;
A(39,5)=0.;
A(40,5)=0.;
A(41,5)=0.;
A(42,5)=0.;
A(43,5)=0.;
A(44,5)=0.;
A(45,5)=0.;
A(46,5)=0.;
A(47,5)=0.;
A(48,5)=0.;
